15
9
9
9
7
9
9
1
9
9
9
9
9
9
7
9
9
15
1
9
9
7
1
9
1
17
9
9
9
1
9
9
7
9
17
9
9
7
9
11
13
9
11
1
9
9
13
9
9
5
9
9
9
9
1
17
9
9
15
15
9
7
9
1
1
9
1
9
9
1
9
11
9
9
5
9
1
15
9
9
1
11
9
7
9
3
15
15
5
9
1
1
7
1
9
9
1
13
3
9
9
9
9
5
9
7
1
9
9
9
15
9
1
15
1
11
17
9
7
1
9
13
1
9
9
9
7
9
11
1
1
1
9
9
1
9
1
15
9
1
9
9
11
9
9
17
1
1
7
9
1
15
9
9
15
11
11
9
9
1
9
9
1
11
9
9
1
9
9
7
13
1
1
9
9
13
9
1
1
1
9
1
9
1
11
9
1
9
9
1
1
1
9
7
7
9
7
9
15
11
9
11
9
9
9
15
9
11
1
7
9
9
21
9
9
9
11
3
9
9
9
9
1
9
7
13
15
9
9
1
9
9
1
9
9
3
9
9
15
9
1
1
19
5
9
11
1
1
9
9
9
9
9
5
9
1
9
9
9
9
7
1
1
1
17
9
15
9
1
1
9
9
9
9
9
1
9
19
1
9
13
7
9
9
9
7
5
1
9
1
9
1
1
9
9
9
9
9
9
9
9
9
5
9
1
9
9
1
9
1
9
7
1
1
9
9
9
9
7
9
9
9
9
9
7
9
9
11
3
15
7
9
9
9
1
9
7
13
9
15
9
11
9
13
9
13
9
9
9
9
1
9
9
3
9
11
1
1
9
15
9
9
5
19
15
9
1
1
9
7
5
9
9
1
9
9
13
9
9
13
9
1
7
1
1
15
11
9
9
9
13
9
9
7
9
11
9
23
21
7
9
1
1
15
9
9
9
9
9
1
9
9
9
9
9
17
9
5
9
1
15
1
1
9
9
9
13
9
1
9
9
9
15
15
1
11
9
1
9
11
9
9
1
9
7
9
11
9
9
9
9
1
1
9
9
1
9
9
9
9
1
9
9
7
9
9
9
1
1
1
11
9
9
1
13
11
9
9
15
9
9
11
13
7
9
9
13
1
9
9
1
1
9
9
1
3
9
9
9
9
