25
19
9
9
17
9
19
15
13
9
9
23
19
9
27
9
9
19
19
13
9
5
19
19
19
19
15
11
9
23
9
9
19
9
17
19
15
11
11
9
23
19
17
19
11
11
21
13
19
15
19
13
19
15
19
21
15
17
17
21
17
13
23
27
13
21
3
13
15
19
9
13
9
11
19
23
19
7
9
17
17
9
9
19
13
19
21
17
19
11
13
3
15
23
17
15
15
9
5
9
19
15
9
23
23
25
11
19
9
17
9
13
11
13
19
9
19
9
19
17
21
9
19
11
9
13
11
15
15
21
9
13
17
11
21
13
17
13
13
19
15
9
21
23
11
15
25
11
21
9
7
19
19
17
13
21
9
23
9
13
15
23
15
11
9
21
9
19
9
9
19
21
21
25
23
17
23
9
11
17
9
23
9
13
19
9
11
17
9
15
15
17
9
11
11
13
25
9
19
9
11
29
13
19
9
9
11
15
17
13
15
9
15
13
9
13
21
25
11
13
17
23
9
9
21
7
17
13
13
17
13
9
19
9
9
5
15
13
23
9
19
19
19
9
9
19
13
19
23
13
19
9
17
19
15
19
9
9
9
19
9
25
19
15
11
19
21
9
19
23
9
9
9
15
11
25
21
11
19
11
27
19
9
17
9
11
13
7
9
13
15
19
15
13
17
9
19
21
15
9
19
19
23
9
11
9
9
5
17
13
9
19
15
21
9
9
15
9
9
9
9
21
23
13
17
13
9
25
17
9
19
9
9
13
15
11
19
9
9
9
15
9
23
9
17
19
9
19
17
11
15
9
17
17
19
13
25
15
9
9
13
5
21
15
9
11
19
19
15
15
19
19
13
13
15
9
13
9
15
9
15
15
13
21
11
9
13
17
13
9
9
9
11
19
29
15
9
11
9
9
19
19
21
13
19
9
9
11
9
27
21
15
9
9
17
9
13
9
21
23
21
15
15
9
9
15
21
9
19
11
19
9
9
19
23
13
9
19
9
9
21
9
15
19
15
9
23
9
9
23
21
7
19
13
11
13
9
13
15
9
23
25
17
25
9
21
9
23
19
13
19
13
9
19
15
13
23
9
9
19
15
17
21
23
9
13
21
21
15
15
17
23
9
9
21
21
15
17
13
23
