1 20 270 15 1 18 46 81 4 60 84 11 26 22 30 59 12 61 25 7 57 86 46 27 91 96 62 98 57 3 9 3 78 55 52 66 47 74 20 49 61 9 41
2 20 248 9 80 71 51 30 69 4 66 94 52 34 13 3 86 68 17 58 55 35 19 61 98 64 79 17 94 6 84 83 7 36 30 66 75 17 88 53 24 20 68
3 20 326 30 86 55 95 63 96 96 22 59 87 54 84 20 22 96 43 60 7 35 8 27 65 64 71 71 25 9 97 48 61 75 46 79 76 70 31 71 82 5 45
4 20 273 16 14 55 70 78 47 87 73 54 34 20 62 35 91 32 18 77 11 33 14 48 58 31 69 82 74 11 95 67 5 33 99 38 80 22 10 65 40 27 94
5 20 284 32 93 93 52 44 68 64 95 97 21 21 58 81 77 78 74 7 84 23 62 49 11 78 78 14 89 78 91 10 87 64 41 56 19 26 42 17 63 17 76
6 20 286 39 89 80 80 61 7 10 48 19 91 56 79 64 70 48 88 40 77 14 74 77 59 7 39 95 27 13 64 46 27 80 29 44 68 5 89 65 53 92 24
7 20 324 65 88 33 6 66 18 58 58 81 66 25 35 12 60 51 87 98 76 65 86 59 31 70 83 48 38 43 35 29 85 17 58 94 20 99 71 27 52 40 51
8 20 322 98 46 100 19 92 88 56 43 19 24 23 30 47 23 44 95 22 78 41 25 95 8 91 32 67 92 86 17 8 31 39 71 10 19 71 52 29 83 38 64
9 20 282 85 46 93 36 1 7 81 11 56 34 37 54 23 45 64 16 30 53 21 99 29 45 79 9 13 79 17 49 81 83 8 48 6 81 83 41 47 46 86 85
10 20 299 99 72 41 82 62 45 26 24 37 30 41 25 93 89 95 67 50 32 18 7 23 39 15 12 51 81 87 33 50 43 79 44 71 81 39 72 9 28 12 45
11 20 290 30 58 11 27 61 41 24 88 38 94 39 97 63 47 50 5 66 1 93 25 27 33 35 68 91 30 26 100 34 32 10 1 95 57 65 32 94 17 15 29
12 20 329 92 86 6 29 82 10 6 4 26 98 32 40 60 2 28 20 75 81 90 100 33 1 79 43 90 38 26 21 64 10 97 36 66 1 34 43 78 32 33 99
13 20 332 1 21 93 54 49 8 15 54 71 79 84 56 35 7 97 61 12 78 56 16 64 90 88 48 39 28 84 48 51 23 33 77 73 20 15 65 87 98 60 89
14 20 335 60 45 16 89 66 91 48 31 96 38 100 60 64 49 66 9 68 77 59 17 96 19 23 25 53 18 50 97 48 16 42 17 44 12 51 60 30 21 39 92
15 20 333 43 77 12 82 37 78 93 70 64 90 80 17 90 6 86 79 42 41 10 38 70 44 90 73 40 15 74 83 54 88 17 96 12 91 80 1 76 80 42 87
16 20 272 8 92 32 24 72 6 42 94 94 84 60 4 20 34 82 32 69 87 2 86 1 38 24 30 30 17 78 20 91 79 17 20 66 45 79 93 17 40 24 42
17 20 307 42 30 6 79 41 42 96 20 57 2 80 98 28 76 15 14 43 28 63 87 80 91 52 47 76 30 74 36 55 97 35 62 4 46 87 32 87 58 4 14
18 20 321 94 41 86 88 69 47 90 62 21 19 46 2 72 53 63 50 68 46 10 62 53 42 28 93 53 12 77 25 4 73 11 53 19 78 57 5 98 57 52 91
19 20 288 15 63 15 51 37 52 94 32 8 60 18 13 75 36 29 22 53 14 4 87 47 85 67 93 82 46 74 84 92 15 79 70 51 27 23 32 46 31 52 89
20 20 228 4 53 92 37 23 7 76 57 95 82 72 24 27 44 13 67 38 91 23 56 6 39 1 48 5 88 38 37 51 47 61 43 19 78 51 27 2 16 66 88
21 20 294 7 25 12 84 98 27 42 87 82 95 58 90 62 13 13 47 25 54 49 34 6 68 31 17 28 57 100 69 24 16 88 75 99 66 95 60 8 66 53 70
22 20 346 43 50 74 8 85 26 72 92 82 89 38 30 97 23 97 53 90 60 47 9 35 66 69 8 68 6 64 1 33 44 56 3 26 52 76 36 2 78 2 82
23 20 280 57 71 64 97 1 66 97 25 12 27 61 10 76 100 9 37 58 100 38 94 65 50 1 52 10 90 29 74 46 93 8 4 62 49 95 29 74 87 72 49
24 20 306 3 41 73 59 30 41 58 90 77 14 53 32 72 98 14 78 12 63 63 39 64 94 68 75 14 47 88 91 53 13 50 33 78 13 82 98 54 50 14 41
25 20 314 4 10 75 32 80 12 86 24 40 54 32 93 83 76 69 56 43 94 30 17 97 40 37 21 100 2 39 84 45 33 48 57 55 97 54 56 29 14 2 54
26 20 285 80 25 100 14 31 45 87 98 12 84 9 47 65 34 9 82 52 91 39 94 16 100 83 79 79 89 98 46 37 37 9 87 77 13 45 39 2 80 22 4
27 20 272 77 88 17 26 16 94 46 3 54 50 68 76 2 40 29 64 39 72 46 35 40 22 86 2 77 99 42 46 90 100 58 48 18 79 72 93 15 91 17 66
28 20 266 7 85 34 89 68 22 42 30 16 50 20 51 79 72 33 30 66 64 9 90 9 35 35 41 44 43 9 71 86 13 68 96 6 6 92 47 74 20 91 49
29 20 328 95 53 88 8 93 66 31 92 90 12 84 39 41 84 85 67 46 14 51 84 92 97 13 36 18 52 1 68 58 11 23 74 31 87 9 96 54 14 92 71
30 20 303 35 16 23 49 43 8 15 43 46 93 13 51 34 78 55 36 53 61 58 30 54 70 32 71 63 95 99 39 94 11 86 46 73 28 51 49 49 51 37 79
31 20 314 98 12 68 65 19 74 81 50 56 59 39 36 47 64 48 97 30 43 60 76 19 3 70 34 95 62 12 100 39 84 15 28 86 23 12 12 73 11 81 65
32 20 285 38 100 44 68 52 57 76 61 4 1 16 60 4 56 79 83 66 70 35 33 58 60 100 77 1 39 93 76 59 78 23 6 41 2 64 16 71 92 26 79
33 20 264 90 54 22 25 64 92 59 49 3 65 65 19 92 13 18 76 44 5 31 55 98 67 10 52 10 98 40 17 9 84 28 79 25 27 20 76 73 71 81 75
34 20 268 19 18 26 38 49 97 40 100 100 47 32 88 60 56 23 11 16 19 4 69 90 52 6 36 73 91 35 55 69 48 72 85 48 48 52 9 20 76 61 95
35 20 217 32 6 78 88 32 40 8 51 54 80 1 46 37 60 37 67 35 84 43 13 26 99 57 73 47 18 80 71 9 21 25 98 68 6 19 54 25 64 13 40
36 20 330 83 37 58 4 55 1 45 65 26 59 31 25 80 7 76 72 56 33 68 80 98 97 17 92 92 15 36 47 21 21 28 74 98 3 38 67 58 95 38 37
37 20 252 19 45 8 20 47 64 95 83 22 71 30 14 53 63 65 75 37 24 11 26 55 74 2 61 66 6 49 25 39 23 88 66 71 50 17 75 19 91 47 95
38 20 384 85 57 54 88 61 2 31 17 91 100 80 17 42 11 1 36 98 18 98 96 62 16 97 71 49 82 38 7 94 2 63 75 55 24 54 82 43 6 85 65
39 20 253 42 81 33 63 97 35 5 15 28 96 73 64 27 65 92 43 55 96 37 4 6 42 78 53 40 31 30 26 12 71 18 37 87 4 5 50 21 16 60 85
40 20 298 88 88 47 70 37 23 94 40 42 92 52 55 50 79 84 4 19 67 40 49 74 9 20 42 34 89 35 28 94 92 1 56 49 33 6 64 73 3 55 81
41 20 307 41 56 46 22 14 20 5 26 33 68 18 57 52 62 92 99 89 38 16 64 69 22 81 44 99 14 80 38 44 64 14 50 72 34 63 64 74 14 22 72
42 20 329 99 46 81 6 81 73 67 26 65 23 26 42 1 56 40 31 2 27 62 88 96 82 21 64 69 31 11 89 98 38 39 56 69 22 21 23 57 61 93 55
43 20 346 43 16 95 75 100 47 97 78 2 37 87 41 5 50 76 38 59 83 2 39 73 5 48 4 12 41 50 59 92 75 48 45 75 22 35 51 94 35 63 18
44 20 396 38 82 91 57 95 32 85 22 70 78 71 4 90 40 76 62 86 9 54 49 60 67 14 21 40 18 84 41 39 47 98 7 77 16 7 72 54 26 93 46
45 20 289 34 93 94 22 3 80 26 15 100 71 77 88 83 16 37 20 5 87 17 43 34 47 61 61 1 86 81 93 60 65 5 5 43 89 77 19 85 43 41 37
46 20 271 28 1 66 5 35 7 59 83 61 66 32 52 34 29 33 64 82 1 45 40 48 80 54 25 59 61 38 29 26 28 40 90 13 3 38 80 51 61 64 44
47 20 360 91 16 37 10 79 72 27 78 83 4 33 45 62 34 33 10 98 42 83 67 37 7 56 62 71 73 91 13 75 83 39 27 87 47 7 97 85 1 28 57
48 20 262 51 52 10 93 75 32 5 10 100 44 21 64 12 90 58 27 6 62 16 58 70 98 20 84 56 22 85 20 73 1 35 67 63 16 15 99 66 76 38 13
49 20 254 30 71 19 11 22 85 67 77 10 96 35 55 2 48 87 51 90 60 53 19 37 78 9 9 46 33 63 14 45 18 1 52 18 72 92 64 31 56 92 53
50 20 237 19 48 72 8 72 47 22 54 44 6 69 45 81 54 66 55 1 55 17 51 41 67 41 72 6 2 15 29 87 43 75 88 25 6 13 85 8 35 17 70
51 20 339 39 89 81 99 54 8 96 65 66 68 20 4 87 81 30 22 100 22 65 59 36 77 82 31 10 26 40 74 94 75 97 74 94 12 26 61 4 84 10 71
52 20 300 69 71 61 63 8 68 42 81 35 41 70 96 57 48 84 81 49 24 34 85 25 42 49 86 65 30 8 81 80 23 93 20 11 20 64 36 56 74 40 35
53 20 291 18 47 67 67 83 85 28 45 67 67 43 59 58 26 1 94 99 89 33 85 82 57 77 4 57 87 37 13 55 83 1 46 36 58 39 57 76 59 13 55
54 20 300 88 56 94 72 84 82 1 21 15 55 32 78 59 41 32 43 39 82 2 100 68 70 15 21 57 17 71 32 78 88 73 28 75 68 69 47 15 51 36 82
55 20 302 21 75 40 71 80 12 1 86 55 52 76 50 95 48 29 15 14 60 72 70 35 6 89 13 4 68 41 9 73 55 95 53 14 18 56 52 62 40 55 96
56 20 309 87 25 57 2 37 34 38 43 34 63 86 60 70 69 13 5 80 32 15 72 19 34 89 7 98 26 89 10 16 62 15 11 30 25 52 99 85 39 21 1
57 20 250 10 12 7 32 18 66 41 86 33 31 63 40 75 18 18 45 88 16 52 29 34 1 67 67 48 51 45 96 15 34 51 28 49 39 50 36 16 37 54 86
58 20 287 22 100 39 83 53 75 50 36 92 2 45 82 4 85 77 65 38 71 70 59 72 58 22 30 38 1 16 80 37 57 86 71 86 38 19 92 37 28 55 98
59 20 284 18 65 45 91 94 94 50 14 9 23 46 43 35 13 13 32 100 63 72 42 62 30 63 67 50 89 26 76 58 85 17 33 48 68 90 50 11 13 42 91
60 20 285 100 100 30 53 3 25 36 24 35 25 47 24 52 78 85 31 66 48 37 91 86 61 22 77 80 44 7 83 31 90 21 16 49 15 44 97 44 22 75 70
61 20 309 47 47 25 19 31 59 89 8 60 1 44 64 31 65 55 89 41 34 72 25 91 64 24 33 93 99 43 29 54 4 31 65 76 28 1 9 26 83 99 74
62 20 244 16 43 6 18 98 76 69 77 38 72 48 43 83 86 27 40 74 65 66 38 27 58 86 17 35 95 40 24 9 78 4 94 36 89 3 13 13 13 36 35
63 20 325 29 99 81 24 45 100 91 24 54 73 71 65 2 8 67 11 5 96 17 19 53 24 88 59 67 86 29 100 98 23 87 77 65 26 82 43 18 23 37 25
64 20 285 14 45 2 57 56 48 27 42 49 65 61 12 57 52 94 28 3 90 64 58 78 2 27 49 75 40 43 70 33 91 66 78 65 39 56 19 62 74 19 15
65 20 252 68 51 93 91 32 69 36 47 39 96 13 46 60 20 55 36 88 78 23 48 45 90 54 93 60 70 2 55 22 16 48 58 55 34 19 29 13 8 16 60
66 20 298 11 36 76 13 84 32 24 51 10 34 44 22 16 31 46 81 85 69 84 23 85 49 83 13 10 41 44 6 79 67 63 28 43 62 4 68 14 92 91 15
67 20 343 73 9 82 95 80 65 82 93 7 44 15 28 89 3 38 10 13 60 24 68 19 94 81 39 98 92 74 17 37 63 80 64 46 92 63 1 75 78 69 7
68 20 288 65 77 45 83 68 60 18 27 86 10 14 76 50 95 99 38 15 41 50 36 10 84 62 9 47 100 81 90 48 36 33 40 73 73 16 71 6 95 76 84
69 20 257 51 24 11 81 8 14 98 44 30 43 60 34 87 27 21 96 49 18 28 48 36 91 49 6 63 41 97 17 32 10 81 82 15 62 11 80 30 80 2 76
70 20 319 100 7 87 14 30 88 10 45 27 22 64 100 91 95 7 6 11 83 88 9 85 51 96 93 98 9 7 90 32 77 38 75 12 5 67 56 96 82 19 27
71 20 256 26 90 63 67 20 56 29 54 53 64 1 72 15 49 35 89 6 77 36 33 42 40 82 24 69 14 65 5 39 94 34 11 24 26 70 67 87 34 59 38
72 20 341 35 58 43 98 81 5 75 51 97 97 84 71 41 54 20 52 32 14 6 28 24 29 75 1 98 61 80 96 77 43 30 28 72 67 86 84 66 89 16 38
73 20 342 95 67 59 15 29 17 51 91 29 64 8 14 46 4 77 95 88 65 78 97 86 51 46 49 55 60 37 2 54 78 98 11 98 95 60 68 8 66 40 25
74 20 283 22 82 97 47 19 25 40 4 28 15 7 4 29 21 12 55 72 16 60 97 87 65 51 25 1 41 49 14 98 76 70 86 24 24 79 81 79 21 21 34
75 20 250 2 54 22 30 46 88 52 94 10 89 37 62 94 42 14 95 71 91 4 60 19 71 63 92 18 39 41 15 78 79 16 14 83 30 62 80 54 54 49 13
76 20 323 14 57 49 91 33 71 40 19 7 35 57 91 62 13 70 19 62 29 16 95 65 70 100 68 63 81 61 58 76 48 89 10 37 70 73 93 46 81 57 60
77 20 399 42 8 63 45 36 57 89 64 78 41 79 62 81 57 70 13 91 21 52 82 91 41 80 14 91 55 71 25 52 57 44 2 51 35 72 96 53 3 45 90
78 20 200 12 74 34 79 97 49 28 55 36 71 53 30 30 17 5 94 39 94 51 81 77 97 1 56 67 17 11 70 15 76 44 79 23 5 15 39 21 45 8 65
79 20 276 89 73 2 40 41 82 56 55 32 89 41 10 26 47 57 48 62 78 14 46 39 24 31 46 61 66 40 24 70 43 12 20 62 43 56 28 46 56 83 16
80 20 288 36 96 1 63 96 46 8 9 88 26 59 7 91 41 68 57 81 47 13 79 29 31 41 10 14 96 3 9 65 20 52 70 91 87 77 73 33 32 16 12
81 20 307 4 46 70 88 73 22 35 49 41 65 24 28 67 69 48 64 69 72 75 18 33 43 66 26 49 39 36 96 25 28 96 29 48 32 79 64 7 40 81 48
82 20 328 70 25 1 60 76 13 79 51 31 62 24 95 73 54 37 12 67 61 19 98 98 87 5 84 58 91 100 70 29 78 80 80 92 32 15 47 67 13 74 64
83 20 243 15 80 76 73 12 18 80 9 100 9 12 27 5 31 36 83 28 6 66 67 61 96 78 1 50 18 24 99 79 42 23 46 37 12 24 35 1 13 5 75
84 20 319 26 4 7 79 61 94 58 29 100 5 40 87 31 58 44 67 49 43 60 24 77 97 71 31 5 13 29 80 81 93 70 61 68 83 75 16 81 78 32 22
85 20 311 52 55 17 21 51 5 65 69 26 55 27 25 4 58 21 17 78 32 76 40 96 100 44 98 70 9 92 77 33 39 86 92 86 73 20 5 66 96 28 32
86 20 346 20 1 77 35 8 21 57 73 83 45 57 31 52 36 76 76 20 63 37 62 34 18 78 41 91 91 70 98 29 82 76 73 45 72 99 10 93 24 53 81
87 20 351 21 84 68 33 92 79 64 92 11 15 68 11 47 81 29 97 80 6 72 88 53 82 59 88 97 70 96 64 11 46 68 22 86 8 16 90 33 9 99 92
88 20 336 94 44 71 60 9 66 64 65 54 51 11 51 87 72 50 88 44 11 58 87 51 87 95 59 30 38 53 82 54 18 77 56 58 74 81 46 74 16 6 77
89 20 257 25 51 1 69 77 17 68 5 4 84 91 96 26 5 17 1 83 9 47 42 63 74 16 84 3 75 90 59 20 26 65 28 46 43 8 54 37 11 72 86
90 20 272 26 42 41 38 21 48 55 65 76 63 36 21 17 32 81 62 14 44 7 49 92 27 12 83 24 51 6 6 96 24 24 16 67 33 95 10 48 19 71 22
91 20 335 22 14 61 85 30 38 91 83 95 61 30 15 86 16 81 47 30 90 60 67 11 82 83 72 91 72 33 6 23 64 94 70 37 80 16 79 90 88 54 9
92 20 328 49 79 85 15 57 75 66 44 45 89 21 97 41 19 16 80 87 46 85 74 60 48 68 75 97 8 45 43 20 57 14 23 95 41 55 40 61 93 29 70
93 20 353 71 98 89 28 88 44 88 93 1 1 94 40 33 62 95 97 85 24 64 63 19 67 78 81 75 98 15 40 38 100 38 72 20 51 91 26 28 39 67 7
94 20 334 67 98 57 12 92 98 72 3 74 75 19 81 85 24 22 96 80 1 54 90 16 62 28 81 52 70 24 38 45 46 81 66 89 2 95 90 57 80 7 62
95 20 314 32 19 5 16 87 94 61 33 52 69 31 6 27 14 29 92 9 33 59 60 75 47 95 28 80 52 45 64 23 18 63 71 84 49 48 60 67 5 77 8
96 20 306 84 60 23 17 67 43 32 16 97 43 44 100 54 42 4 27 24 10 29 79 78 22 76 46 58 100 31 35 79 94 82 37 50 59 28 90 2 88 81 82
97 20 294 93 61 74 18 9 53 38 91 56 69 89 54 48 92 11 77 70 79 5 60 80 19 28 78 27 28 52 75 26 91 9 61 89 41 72 36 71 8 36 13
98 20 240 55 99 30 8 35 69 74 6 69 85 6 87 11 62 11 54 26 30 88 80 47 48 65 82 45 67 11 64 8 64 98 23 26 13 8 48 25 91 63 83
99 20 323 70 36 85 96 47 83 71 81 41 99 6 55 72 88 90 67 66 74 17 43 23 82 51 64 62 55 5 13 95 1 19 14 87 74 81 30 3 92 86 30
100 20 298 38 16 40 62 2 50 44 61 38 75 44 73 19 63 95 82 27 58 98 70 26 100 38 54 46 5 93 13 51 19 10 50 35 6 81 79 83 12 86 45
101 20 278 65 77 62 98 40 73 28 48 68 62 84 40 94 24 23 15 38 33 40 49 5 56 54 81 38 76 4 92 8 8 12 90 32 84 53 7 88 10 91 76
102 20 270 83 69 88 97 34 31 18 57 32 11 93 94 3 5 89 37 74 64 66 27 49 96 16 8 51 30 17 84 15 37 23 85 18 25 66 30 37 90 29 20
103 20 271 50 19 59 80 85 57 65 82 19 9 17 20 40 92 29 37 56 33 92 12 62 56 9 62 10 50 79 35 69 85 36 45 14 86 10 7 28 71 77 13
104 20 264 87 26 46 9 52 35 29 43 30 41 33 84 38 50 12 34 66 70 5 36 78 40 13 7 78 90 93 91 14 7 17 62 86 14 56 51 36 63 12 57
105 20 313 86 65 37 76 80 52 37 89 9 98 96 22 6 75 7 11 10 56 95 12 29 36 41 94 65 26 83 24 8 80 95 76 58 55 72 22 54 56 78 5
106 20 291 97 63 37 36 63 39 95 64 38 57 18 27 44 48 77 66 89 34 12 14 56 64 76 82 58 94 1 9 64 45 54 9 9 30 10 21 15 44 57 84
107 20 246 100 76 53 69 18 85 9 21 7 19 35 22 48 86 15 85 16 92 13 16 85 18 53 26 15 12 82 22 18 43 28 9 81 38 41 24 39 26 64 92
108 20 277 30 79 71 56 98 58 27 84 15 69 12 81 62 9 38 72 79 100 38 46 56 7 43 21 26 22 59 81 87 91 48 61 19 78 32 79 78 65 8 57
109 20 252 10 44 1 7 8 48 17 13 81 61 45 89 7 87 21 3 43 61 64 17 88 62 77 11 59 52 53 95 69 1 7 21 35 22 83 35 7 36 66 82
110 20 305 60 58 58 73 94 23 65 20 93 91 54 86 19 53 24 9 82 96 70 75 84 22 4 42 58 48 35 59 14 21 94 38 47 100 27 84 28 99 9 8
111 20 326 97 86 77 56 61 45 62 43 28 81 39 13 47 67 93 65 39 35 65 90 82 65 69 68 21 70 55 11 34 71 25 27 99 21 47 10 33 48 14 40
112 20 319 38 59 76 37 79 65 94 31 87 69 37 40 97 98 58 51 13 8 86 97 46 63 12 25 28 1 18 86 85 27 69 92 14 47 29 10 93 75 6 95
113 20 238 14 10 53 99 66 66 4 18 33 36 9 35 41 92 80 32 98 93 39 2 48 41 36 73 12 9 34 1 18 11 29 56 40 30 17 61 77 67 48 47
114 20 336 96 30 69 24 35 12 32 29 100 12 59 89 22 79 79 11 84 73 46 27 37 19 58 88 54 54 85 43 85 62 56 45 35 30 24 36 26 72 39 95
115 20 291 76 41 22 52 66 67 4 92 4 57 94 99 19 50 44 43 18 76 99 90 26 49 56 18 98 5 42 25 7 75 27 33 85 25 53 97 51 33 79 88
116 20 340 100 52 82 17 99 11 54 21 71 41 73 46 13 41 99 99 88 42 63 82 45 44 16 70 61 95 21 31 95 99 98 52 15 6 2 17 19 98 21 54
117 20 307 33 54 77 58 32 68 77 47 35 82 5 5 69 48 62 27 55 40 14 47 59 2 92 69 40 65 15 29 3 1 32 4 80 77 69 88 81 77 95 9
118 20 309 32 58 57 91 64 7 80 8 54 15 98 65 18 51 40 3 80 85 2 81 58 32 28 34 29 49 73 90 79 30 9 94 49 59 96 14 12 15 72 77
119 20 294 97 44 67 69 88 10 23 50 4 67 11 34 64 56 62 58 63 80 24 74 95 80 26 60 76 49 4 3 84 81 6 31 46 35 36 40 40 31 66 72
120 20 282 46 52 10 71 80 6 12 58 92 53 6 21 99 53 60 95 38 68 28 79 26 9 66 92 32 20 98 69 62 44 2 88 87 73 4 24 46 53 48 12
121 20 276 86 69 40 67 10 81 86 6 21 78 81 37 25 74 18 7 24 60 32 55 76 86 62 14 56 74 97 67 12 33 59 65 38 11 16 93 22 73 62 76
122 20 309 56 25 92 65 27 20 49 5 72 86 47 84 43 90 9 61 15 84 90 98 71 29 41 53 18 52 23 9 97 42 7 89 66 66 97 93 21 84 92 10
123 20 336 22 42 7 97 96 75 92 29 62 49 60 96 45 71 84 50 14 7 52 29 60 84 100 100 13 33 33 10 96 45 82 87 84 24 49 87 22 85 48 69
124 20 332 56 76 3 76 48 31 5 22 46 21 49 10 62 58 36 40 86 45 68 51 65 91 50 60 92 47 44 14 56 70 33 66 51 52 96 96 87 96 76 100
125 20 294 94 97 99 20 7 17 67 6 51 41 3 41 4 93 61 89 100 15 67 21 41 8 16 11 75 15 14 5 5 96 77 5 99 30 65 23 17 48 21 25
126 20 315 94 87 62 13 75 41 11 8 8 92 99 16 30 59 33 12 8 93 64 6 29 9 23 100 19 61 90 7 42 90 68 47 97 24 81 55 50 94 69 77
127 20 288 83 29 92 92 5 97 51 50 85 33 79 90 39 27 37 82 15 78 41 36 51 28 2 66 10 39 76 36 86 57 97 49 17 75 48 10 45 49 2 2
128 20 340 5 99 52 24 40 55 86 95 28 62 80 65 32 27 96 49 12 35 16 89 93 55 69 16 91 55 63 71 9 31 83 68 49 43 98 38 53 27 81 95
129 20 285 91 11 77 6 44 31 56 3 16 71 77 40 49 83 74 100 11 6 70 6 1 39 9 34 78 62 63 91 70 16 60 84 5 97 3 3 65 53 32 58
130 20 235 69 24 21 97 15 37 90 76 54 91 28 12 58 30 86 4 33 41 27 17 19 48 37 11 23 87 96 27 34 71 1 94 2 52 28 79 55 13 8 55
131 20 262 27 95 53 21 70 91 80 94 15 9 70 98 39 85 97 49 63 84 16 98 21 16 30 39 82 42 3 33 12 72 18 28 77 45 40 19 23 100 39 54
132 20 300 25 91 41 68 94 25 51 58 24 94 5 47 66 5 57 90 3 54 38 41 76 72 65 54 42 82 69 47 96 12 5 15 79 15 46 37 76 90 43 63
133 20 324 47 60 85 77 27 40 72 16 78 78 51 28 65 17 80 63 52 33 73 85 81 97 67 3 19 8 54 56 59 20 21 37 15 88 69 11 18 95 50 83
134 20 291 69 13 64 72 18 11 30 91 42 7 62 11 53 75 75 89 40 60 28 18 77 86 77 100 14 78 62 4 34 52 56 53 6 16 97 18 34 24 33 34
135 20 325 95 12 38 3 9 15 51 39 30 73 15 15 71 46 92 7 50 11 63 49 15 37 60 77 69 11 98 37 66 53 8 93 57 25 83 40 84 54 32 13
136 20 309 100 66 53 31 38 50 45 86 24 59 51 92 63 21 4 5 77 63 65 9 75 47 1 12 76 83 100 50 100 75 1 54 87 14 15 36 18 18 39 13
137 20 329 58 83 93 60 92 49 68 25 100 97 57 82 23 58 49 76 16 53 60 73 80 34 14 66 91 44 83 89 96 81 27 50 8 31 20 21 58 84 5 53
138 20 296 89 38 89 64 88 15 20 74 18 79 7 52 28 85 7 2 6 19 68 76 37 38 39 50 50 62 51 39 53 27 98 30 23 40 97 37 25 83 94 50
139 20 270 14 47 96 33 42 20 73 89 52 46 36 22 62 72 15 19 34 44 69 16 45 40 29 90 52 77 44 32 24 92 7 2 26 96 78 26 44 97 58 5
140 20 276 29 17 84 65 59 50 62 56 68 43 26 100 26 78 48 35 81 20 24 24 69 8 14 39 19 37 52 15 3 64 18 78 57 30 42 35 50 49 91 11
141 20 303 85 24 24 55 23 14 60 56 11 21 34 46 43 67 14 8 99 88 47 37 59 33 71 25 33 74 26 63 35 75 87 21 71 96 80 80 68 17 41 55
142 20 350 74 8 72 50 36 46 79 5 100 12 45 13 10 64 84 28 54 96 71 98 6 73 95 2 64 79 69 98 58 10 65 92 38 56 19 84 61 78 69 17
143 20 347 11 36 19 6 71 81 85 60 97 83 31 78 66 87 85 29 50 77 32 61 44 41 95 72 81 3 26 47 64 30 55 32 32 49 23 81 93 85 99 33
144 20 321 53 5 74 13 66 57 83 56 3 31 23 21 93 7 60 2 4 58 100 32 41 47 83 17 47 93 97 58 39 19 35 7 68 28 45 10 44 89 12 63
145 20 337 35 2 75 93 31 17 62 27 63 50 92 51 95 28 57 95 55 98 41 83 17 85 14 35 84 23 46 40 46 51 87 72 53 54 95 49 32 30 44 10
146 20 290 10 21 58 27 33 70 28 17 60 38 81 94 56 1 3 60 4 60 69 99 12 74 66 30 99 57 50 48 16 71 98 33 74 16 28 6 67 58 57 60
147 20 250 3 14 6 54 90 55 38 38 71 54 9 82 65 18 79 36 95 12 37 9 17 69 8 18 93 72 20 93 17 62 15 22 47 45 32 100 76 54 18 7
148 20 257 94 82 29 5 9 58 57 24 43 6 33 81 100 27 37 4 13 69 49 4 59 34 59 1 24 77 48 12 99 7 7 27 11 60 21 74 16 87 50 30
149 20 315 95 78 87 79 41 46 61 49 42 96 80 12 15 69 42 3 58 58 39 7 66 64 70 52 29 65 95 36 62 30 49 78 50 25 10 86 39 5 21 86
150 20 266 15 62 39 82 5 73 67 16 10 4 79 10 18 26 95 27 48 36 19 95 98 31 18 78 83 27 71 22 10 81 90 84 58 74 10 82 12 23 44 41
151 20 337 90 95 33 39 90 7 21 76 48 50 15 27 64 23 46 46 34 90 66 4 77 57 43 95 4 66 88 6 54 52 46 24 82 5 78 92 91 21 55 80
152 20 346 92 52 23 76 9 42 94 70 90 65 42 8 8 76 97 6 85 51 88 47 90 57 55 62 85 51 64 18 35 56 44 58 20 17 1 41 44 66 88 22
153 20 268 39 49 84 99 20 52 50 81 38 21 45 53 11 50 30 8 70 67 17 27 64 14 91 49 13 58 70 92 36 24 68 27 44 76 58 5 46 19 1 69
154 20 293 16 21 50 58 11 64 51 73 77 33 83 97 67 19 76 99 13 4 64 94 55 44 18 72 99 25 84 81 10 64 24 24 97 46 26 63 41 67 17 18
155 20 303 22 4 45 89 73 55 35 28 48 84 3 39 16 33 81 60 28 14 65 12 1 45 77 88 55 28 100 2 56 4 17 29 52 38 88 7 90 58 61 92
156 20 319 61 37 37 9 7 71 19 45 67 9 87 25 80 50 72 45 95 25 75 52 52 93 1 35 46 69 77 68 4 86 59 56 100 38 35 17 87 4 5 6
157 20 319 1 90 49 18 65 2 90 22 16 52 51 20 61 22 56 16 44 7 58 24 36 97 97 70 80 35 98 31 70 84 15 2 35 52 37 64 23 17 82 84
158 20 294 67 5 86 1 4 94 29 18 95 44 50 10 34 12 76 46 55 20 35 5 48 11 27 8 23 98 30 49 14 32 62 98 87 44 58 98 4 74 96 29
159 20 271 23 3 18 60 27 90 8 78 28 41 20 61 82 28 97 18 42 2 85 56 49 49 62 90 37 89 36 88 48 53 14 7 75 32 67 83 81 53 7 100
160 20 282 28 100 4 91 62 87 20 26 53 18 87 95 51 65 47 79 46 69 57 87 15 37 31 47 23 98 26 50 1 75 79 36 90 14 77 33 68 25 77 38
161 20 324 16 85 14 16 53 88 83 64 16 27 90 38 35 97 72 51 48 57 36 49 53 42 73 91 76 4 98 71 31 15 27 12 38 93 71 71 90 54 61 42
162 20 345 3 41 47 83 80 57 51 31 67 90 85 48 24 56 90 21 41 60 40 97 71 77 88 52 10 85 79 11 26 84 92 69 80 34 76 9 6 47 94 97
163 20 284 59 78 21 94 24 89 36 73 57 100 38 20 85 20 14 82 69 81 85 14 2 28 47 51 63 89 22 53 58 14 43 27 4 100 50 72 94 94 77 40
164 20 276 8 10 43 11 23 5 25 70 69 62 29 64 72 12 58 71 58 3 12 31 98 35 85 80 10 47 4 47 75 79 27 36 72 100 81 15 20 21 54 23
165 20 238 40 82 28 1 8 82 96 64 67 33 92 79 34 1 24 28 31 86 6 38 24 41 80 74 22 58 80 95 16 2 48 35 20 20 6 27 3 66 71 93
166 20 326 14 24 77 3 97 98 65 14 45 30 46 82 69 6 51 72 82 28 1 42 53 10 86 67 44 76 24 87 39 100 88 47 10 66 93 41 43 93 62 64
167 20 332 51 23 40 60 67 17 72 45 1 12 47 45 88 72 5 15 44 22 38 57 69 73 11 31 78 94 99 50 99 62 69 31 48 7 90 67 9 62 83 73
168 20 334 93 27 23 96 63 2 100 45 72 26 12 93 54 73 98 8 83 48 39 71 64 18 85 92 2 87 82 49 51 88 9 39 6 12 72 21 99 96 8 47
169 20 264 80 68 92 27 8 67 32 17 40 78 63 25 7 78 84 54 17 46 17 3 28 81 63 59 33 27 31 96 20 72 100 82 16 25 28 64 37 10 85 95
170 20 315 87 69 35 78 16 96 83 60 92 91 35 36 24 67 6 90 97 49 41 62 73 45 31 71 77 14 14 57 6 45 64 63 89 52 80 51 32 56 69 25
171 20 259 79 32 7 85 88 22 52 78 55 90 19 85 54 24 90 67 55 59 50 85 13 76 17 57 3 46 51 15 18 94 23 52 53 86 33 89 6 40 99 68
172 20 252 13 11 2 59 3 67 39 89 2 11 97 32 24 19 92 75 29 55 34 35 39 68 25 42 74 82 6 37 81 16 89 26 17 66 81 43 17 10 79 20
173 20 336 23 28 25 86 94 57 79 80 61 7 26 63 3 23 79 38 22 92 63 12 34 38 91 42 57 17 46 1 85 9 45 77 71 20 61 4 91 71 65 30
174 20 367 90 89 61 18 98 86 61 56 60 57 64 53 68 7 70 56 36 33 100 3 34 40 56 61 72 92 96 21 85 20 32 25 44 94 84 2 7 41 7 64
175 20 204 37 21 73 22 57 56 16 19 17 72 29 25 26 18 57 20 15 8 3 93 79 54 13 95 14 89 43 77 19 21 70 62 75 14 11 95 20 12 8 10
176 20 249 15 84 91 55 33 78 32 79 93 58 65 65 62 85 54 71 62 57 20 31 3 20 19 54 42 92 89 95 44 57 7 16 12 56 33 100 16 33 41 99
177 20 310 75 16 54 56 83 66 73 28 53 99 66 23 84 66 22 96 2 99 63 13 2 61 90 90 21 2 89 73 35 29 80 66 17 7 19 93 96 68 12 29
178 20 273 62 25 21 70 39 78 100 94 36 42 38 60 9 52 44 76 87 71 76 75 72 35 36 1 97 2 25 41 42 33 12 77 41 87 22 46 19 9 35 40
179 20 251 34 28 13 54 45 94 48 98 34 37 80 86 99 5 80 9 59 86 23 1 18 1 30 40 22 38 14 70 58 81 43 83 50 26 15 8 8 85 64 100
180 20 305 28 48 92 68 49 10 7 3 37 75 49 55 15 94 70 52 14 7 12 25 38 64 89 38 84 9 84 2 18 32 63 9 55 95 31 53 99 79 84 15
181 20 313 13 21 77 51 60 13 49 9 90 15 20 64 49 63 76 90 46 69 89 35 25 62 21 88 63 61 82 31 3 35 78 58 85 67 19 5 79 48 22 14
182 20 286 64 1 10 76 13 26 28 90 61 45 100 77 95 42 3 33 70 18 38 39 96 52 51 90 22 61 20 44 71 70 13 92 54 5 74 6 28 78 45 63
183 20 236 53 78 33 93 30 7 52 82 8 36 8 39 31 47 8 16 42 62 87 56 47 76 38 74 53 98 16 17 48 50 38 18 42 37 44 47 44 19 66 5
184 20 302 15 15 21 28 68 86 98 58 22 59 38 10 90 65 51 98 13 61 67 5 58 54 60 98 97 75 8 26 66 46 81 25 99 50 10 8 13 7 34 29
185 20 299 24 45 93 87 38 86 47 7 12 10 25 54 42 42 67 11 69 69 39 31 44 77 79 51 28 90 98 30 75 40 8 42 96 61 7 10 91 5 16 24
186 20 190 3 33 3 48 4 81 17 53 20 99 5 51 84 95 53 46 78 6 50 91 13 83 37 94 2 89 79 98 28 73 27 92 2 70 26 37 97 99 8 64
187 20 270 43 91 53 27 14 2 45 77 46 98 82 22 76 21 56 28 55 86 7 28 94 72 83 42 35 78 15 86 71 21 38 32 21 37 37 60 22 77 8 60
188 20 297 26 51 87 73 90 82 37 46 82 28 53 54 56 81 11 86 7 28 38 45 91 9 72 71 65 50 64 22 42 22 77 92 21 83 19 13 24 67 31 91
189 20 324 61 2 79 32 72 18 8 17 87 45 80 57 77 27 56 50 34 46 41 92 67 8 88 70 30 85 1 34 68 9 50 26 26 47 2 82 94 13 59 18
190 20 288 84 60 71 100 16 63 65 12 15 35 26 19 32 78 52 14 8 35 65 15 40 59 56 84 79 15 5 54 44 45 90 93 32 8 66 53 94 44 21 80
191 20 291 67 100 62 60 56 15 54 84 52 78 97 44 4 62 18 43 55 60 36 22 25 50 60 84 58 19 50 73 9 85 73 27 13 14 66 21 94 10 21 31
192 20 240 8 67 30 79 4 4 39 32 51 75 18 76 72 59 2 62 7 42 6 94 45 64 77 39 25 44 86 52 75 32 41 23 41 82 54 45 84 82 37 78
193 20 363 44 22 83 65 71 24 29 49 74 53 27 78 96 39 14 45 48 78 97 21 83 76 84 50 64 50 37 85 88 59 38 92 55 7 60 74 50 57 71 8
194 20 284 51 84 85 10 87 36 16 65 4 96 50 61 76 12 20 38 3 73 6 13 94 80 63 96 27 28 70 21 90 23 38 59 61 56 47 19 34 15 25 2
195 20 297 34 21 4 31 92 14 38 61 18 11 99 53 44 99 23 46 40 42 22 83 42 58 8 8 27 42 28 26 60 79 54 7 91 38 91 25 86 26 92 91
196 20 308 73 88 97 43 8 62 53 59 31 59 89 65 8 47 80 18 43 15 47 62 97 46 13 5 78 17 45 54 85 14 23 1 21 29 38 40 30 72 68 37
197 20 306 69 12 100 31 23 40 58 37 83 86 23 65 38 17 61 48 47 21 29 97 15 37 99 17 94 89 51 83 47 71 36 75 52 46 82 62 12 26 1 49
198 20 309 51 62 70 81 81 24 59 69 43 63 12 31 49 84 10 35 78 16 56 94 43 89 81 7 39 57 18 31 82 87 7 77 51 75 82 74 70 32 48 4
199 20 350 65 8 74 3 98 74 57 93 14 42 71 62 78 71 82 47 4 77 3 43 84 36 62 29 9 46 65 79 99 25 75 38 45 81 52 40 70 57 60 93
200 20 282 63 7 12 20 68 55 64 28 72 68 12 23 50 43 47 36 31 23 37 22 88 95 93 90 21 50 47 48 17 90 3 74 56 66 22 76 83 45 55 30
201 20 300 52 31 11 55 95 49 43 34 46 15 34 12 79 6 44 78 11 62 20 41 17 43 81 46 95 80 50 64 72 16 71 92 58 50 35 42 67 6 20 50
202 20 385 31 51 95 78 99 18 92 36 7 43 21 49 97 80 93 95 63 31 34 89 36 23 48 72 83 46 100 77 94 99 57 86 39 6 96 22 30 54 69 81
203 20 291 26 64 56 46 15 36 57 71 71 66 28 77 94 70 83 50 59 11 15 43 31 83 2 26 66 22 67 83 90 55 70 56 16 27 44 71 26 68 57 49
204 20 258 61 56 39 47 13 74 32 73 8 42 94 97 8 62 82 61 34 40 89 57 92 46 26 33 46 86 33 24 23 86 18 84 7 81 33 31 56 35 66 47
205 20 347 81 96 53 95 3 99 10 1 84 45 5 97 66 52 81 45 40 38 89 80 7 51 51 4 97 36 6 24 77 22 79 54 88 29 91 67 90 82 59 97
206 20 285 83 60 59 55 25 59 75 8 15 36 27 97 75 19 11 53 36 62 64 49 69 94 56 5 28 89 89 6 70 91 3 12 80 92 57 82 12 18 18 20
207 20 368 73 68 61 14 100 37 73 90 90 84 59 33 9 75 66 41 84 26 92 8 68 87 13 86 68 56 4 11 82 13 92 73 11 75 80 16 28 94 76 5
208 20 224 5 69 44 61 50 56 4 65 97 29 44 55 29 45 64 7 3 98 79 22 67 97 3 41 71 19 9 83 51 27 20 62 5 18 23 80 37 45 44 26
209 20 351 82 12 78 20 70 90 90 46 55 56 9 93 68 4 3 58 92 72 80 14 98 20 70 50 38 13 44 93 98 70 46 62 40 24 43 94 50 11 18 28
210 20 259 35 35 55 64 59 3 42 2 82 54 1 18 36 81 1 86 43 88 66 25 96 50 70 83 11 68 65 76 26 59 46 12 2 1 28 88 30 1 72 67
211 20 325 85 96 94 79 3 5 86 69 6 57 24 5 46 2 93 63 95 64 56 25 79 91 84 27 22 72 76 99 44 100 11 69 57 43 90 21 7 1 26 28
212 20 272 31 60 29 98 35 56 18 85 26 92 10 100 99 67 7 66 89 61 55 20 99 61 74 8 96 20 39 85 84 69 2 25 47 5 42 13 15 1 11 33
213 20 299 68 87 12 18 26 38 7 89 86 63 34 35 11 44 90 31 70 39 95 49 52 51 65 98 68 31 36 94 35 72 98 7 25 99 10 67 69 93 41 18
214 20 303 34 93 48 61 57 92 63 34 53 25 90 74 22 91 9 41 60 68 62 28 81 32 34 3 67 29 65 52 24 35 60 40 31 44 28 78 84 25 40 46
215 20 198 14 97 33 67 36 24 52 16 38 18 4 91 51 22 19 10 3 2 69 82 12 59 41 9 17 96 22 77 22 62 39 48 98 91 39 32 15 78 36 48
216 20 235 10 63 42 78 63 44 15 88 4 22 38 43 11 37 96 37 75 100 58 19 32 27 8 45 7 11 90 19 84 32 1 85 55 78 58 22 18 75 20 84
217 20 258 91 42 34 51 76 45 75 69 56 88 58 79 37 32 91 46 21 86 27 26 1 72 2 62 50 89 1 11 12 59 62 1 42 57 27 75 94 92 4 48
218 20 345 26 29 30 64 1 79 11 47 66 62 53 62 81 77 70 26 82 12 97 18 91 43 39 72 53 49 62 53 64 44 82 12 54 42 56 22 84 60 51 83
219 20 281 27 75 6 46 50 36 7 44 81 5 68 91 15 28 81 47 52 3 69 52 72 17 60 23 44 33 65 10 21 82 14 53 87 18 52 7 22 73 44 15
220 20 305 29 82 17 34 41 94 45 54 62 49 80 60 61 96 24 74 73 52 38 73 99 96 37 77 65 31 27 59 52 40 76 44 72 69 1 68 52 7 66 99
221 20 243 6 14 49 92 36 46 99 26 43 65 13 80 56 33 33 69 16 2 41 100 5 82 58 7 100 25 3 35 24 92 20 78 95 91 32 91 69 52 15 19
222 20 310 52 73 1 63 76 92 65 33 99 55 71 27 83 91 52 6 68 18 29 20 46 68 64 51 52 22 48 44 4 77 8 62 96 77 38 65 1 40 81 99
223 20 275 33 78 70 71 30 48 45 92 41 96 14 73 76 82 21 75 49 74 42 58 82 83 12 51 2 76 1 77 100 87 51 32 98 28 26 95 84 68 42 61
224 20 381 93 89 97 45 72 10 81 24 34 75 87 73 67 84 46 69 83 58 36 21 85 77 88 51 30 16 52 58 76 37 40 58 21 8 55 6 62 99 67 3
225 20 235 7 69 65 43 57 98 67 80 1 35 17 84 43 42 5 85 75 63 43 62 7 54 15 12 18 13 60 52 62 32 27 86 70 66 21 9 60 81 64 85
226 20 299 60 91 35 28 85 1 20 36 35 17 30 4 100 72 49 50 9 15 5 80 1 43 58 41 78 5 3 53 66 25 84 22 53 58 99 100 53 22 76 23
227 20 300 41 63 97 15 53 87 23 14 53 66 62 21 81 59 60 79 81 9 99 69 20 61 22 82 40 65 35 36 51 19 50 38 16 20 61 60 48 57 10 16
228 20 217 23 50 21 12 8 33 4 89 18 88 87 90 17 54 7 83 79 88 35 39 50 14 1 32 75 55 8 100 84 21 12 23 60 28 43 91 50 26 42 55
229 20 355 33 26 4 38 21 37 90 98 90 47 88 53 84 8 40 37 47 61 65 17 42 28 96 64 35 57 34 80 99 45 62 49 99 19 16 37 51 79 88 75
230 20 306 74 32 75 2 83 95 39 37 29 55 11 44 14 50 20 80 46 81 80 54 25 47 96 56 100 14 92 76 56 88 9 32 24 86 49 32 50 70 51 54
231 20 295 53 63 7 77 5 63 67 3 72 64 66 20 33 47 87 39 18 91 64 40 41 33 30 37 92 63 57 57 87 54 15 65 24 71 28 90 46 52 94 21
232 20 284 25 26 36 80 27 87 26 56 77 100 39 81 98 87 92 80 91 3 11 2 20 76 70 93 40 71 75 15 5 23 69 1 62 27 35 69 9 100 42 75
233 20 285 4 53 1 42 11 6 20 26 48 52 44 42 38 11 31 100 82 10 89 10 74 77 24 61 24 4 40 93 96 61 85 20 50 67 75 97 40 79 77 3
234 20 295 63 37 57 83 75 38 20 82 60 51 13 1 77 86 20 38 23 84 97 82 14 58 50 61 71 55 53 24 68 72 65 42 14 20 62 55 68 42 16 36
235 20 304 86 21 44 23 57 51 39 52 96 31 49 82 64 5 26 29 73 65 10 89 25 54 39 67 87 71 63 98 71 43 30 44 29 57 3 69 26 24 98 93
236 20 335 52 63 84 53 9 73 96 60 57 79 9 52 90 80 6 8 7 70 77 3 92 24 84 41 71 6 56 9 1 53 82 28 16 85 94 62 44 26 90 62
237 20 305 73 2 93 65 78 20 53 12 61 43 89 60 80 64 67 5 8 7 16 34 82 35 32 2 50 62 24 99 46 88 7 98 47 21 28 64 30 91 55 3
238 20 331 71 79 6 83 67 60 94 71 52 17 79 23 38 21 94 4 74 66 65 45 32 44 23 49 27 81 49 5 56 53 13 3 37 78 78 12 68 100 82 20
239 20 309 51 60 67 39 80 76 40 31 25 37 84 46 47 59 3 31 2 52 14 57 83 1 82 84 2 94 94 37 50 76 85 40 34 49 95 90 60 7 34 13
240 20 296 65 51 1 81 39 86 84 30 79 22 30 37 31 51 80 10 60 99 47 43 33 78 2 15 90 22 63 42 30 7 11 65 11 75 63 82 100 99 68 45
241 20 386 61 17 47 24 58 90 72 22 10 34 20 13 91 100 62 38 74 72 65 23 88 4 59 42 50 33 91 26 57 30 85 22 96 20 68 72 58 18 77 77
242 20 272 87 5 32 40 18 33 7 25 54 69 2 25 75 30 15 53 94 28 24 19 16 56 53 67 40 68 65 78 67 59 39 48 45 79 75 76 72 7 27 78
243 20 265 87 2 29 30 96 39 5 8 44 78 58 32 3 50 48 70 30 16 74 29 100 66 38 1 19 87 58 76 61 5 2 22 55 45 1 67 64 62 13 74
244 20 246 61 92 8 100 33 75 41 54 4 19 18 91 81 38 51 79 8 47 98 34 58 61 1 17 8 70 13 5 29 24 88 35 29 29 53 66 42 54 99 20
245 20 296 73 34 74 96 13 99 1 48 36 32 89 59 70 24 54 79 68 94 22 42 86 3 57 69 51 52 19 98 2 50 83 28 33 37 80 70 71 49 7 51
246 20 306 43 79 64 66 51 57 78 81 57 95 26 81 4 31 99 22 48 98 83 8 71 33 23 77 85 8 45 20 1 44 42 30 4 31 82 31 78 96 36 85
247 20 352 1 40 96 98 63 29 64 1 51 36 88 53 77 61 33 73 89 29 100 50 83 100 5 3 57 56 86 91 20 2 51 39 65 82 56 83 39 56 51 38
248 20 361 62 45 43 46 77 75 71 65 78 64 94 68 95 11 77 1 42 36 55 28 32 31 40 13 22 59 77 66 71 54 56 98 24 63 75 35 43 95 71 59
249 20 227 15 95 57 52 14 85 36 74 32 97 6 57 30 51 71 93 28 36 2 44 83 8 80 98 33 34 18 10 28 5 42 34 2 46 38 86 47 87 95 66
250 20 269 36 19 21 95 21 73 20 46 73 57 60 67 95 66 5 96 17 58 12 54 12 97 88 48 35 48 22 48 41 38 73 88 74 26 83 47 78 2 31 35
251 20 266 85 90 7 57 31 97 99 34 25 28 59 23 27 81 25 59 98 10 25 87 13 9 48 65 83 71 11 81 22 92 46 44 6 97 74 66 88 29 16 25
252 20 335 40 87 6 67 72 20 98 27 97 66 75 24 36 45 94 9 31 39 71 98 12 83 70 2 5 33 84 41 20 28 65 84 91 13 38 67 20 82 94 93
253 20 293 47 86 16 58 22 28 44 73 60 52 41 61 70 43 7 93 77 4 68 68 34 34 91 15 67 66 22 33 58 16 31 51 7 90 51 82 78 47 87 84
254 20 331 72 3 48 44 71 10 69 53 78 87 10 87 78 68 7 14 89 91 52 56 56 93 20 66 59 40 34 35 65 11 60 85 57 81 82 77 97 7 2 82
255 20 294 78 48 23 91 33 13 61 15 1 19 83 84 17 78 76 89 8 44 74 35 35 77 97 99 70 55 14 46 73 44 33 31 67 75 87 78 51 79 1 32
256 20 380 55 90 59 82 98 33 31 63 78 45 82 23 65 39 42 17 51 42 58 52 56 42 90 6 4 71 97 65 85 35 100 31 53 7 34 85 68 43 62 25
257 20 323 18 77 73 9 99 44 74 88 64 37 93 29 38 30 42 36 46 97 41 11 82 7 57 21 65 28 4 49 99 22 1 61 13 99 35 44 92 25 41 41
258 20 240 38 34 23 26 87 36 46 80 16 10 13 67 66 45 51 18 9 15 26 75 67 46 48 62 47 59 1 9 66 68 35 55 38 12 4 10 52 47 69 35
259 20 235 36 49 5 96 18 23 9 96 27 56 90 46 3 19 1 46 83 41 83 14 87 52 26 68 27 36 22 9 4 71 90 75 46 77 72 24 54 44 3 75
260 20 343 97 47 62 29 16 69 34 23 22 54 21 55 99 92 79 28 68 78 76 53 96 70 75 68 11 40 68 27 79 62 33 60 50 79 13 52 89 43 57 77
261 20 283 29 63 94 70 49 76 52 17 6 20 59 98 62 33 51 62 84 66 19 53 11 11 74 81 37 40 66 37 65 44 48 89 33 63 25 50 3 13 79 25
262 20 312 68 5 92 11 4 18 77 85 34 3 13 52 77 91 7 3 19 78 54 20 86 74 56 26 82 65 19 3 29 62 8 30 98 92 97 10 23 87 98 26
263 20 314 67 92 76 20 74 53 40 40 29 14 60 97 79 25 69 47 10 98 98 26 74 40 16 50 87 35 11 50 67 13 66 29 30 90 70 59 19 97 5 82
264 20 264 52 48 35 11 66 13 23 78 58 58 32 42 8 25 8 62 71 18 94 52 37 12 84 20 13 38 13 100 32 40 35 50 93 20 27 50 89 6 13 17
265 20 330 50 70 41 77 91 85 75 21 86 84 23 9 98 66 41 83 9 6 56 56 74 87 79 70 67 92 83 24 58 10 36 87 59 53 22 58 49 67 6 83
266 20 312 4 67 23 85 27 12 12 72 44 68 55 94 90 78 98 64 46 4 58 8 35 90 79 27 8 24 82 72 60 67 70 82 61 68 16 21 82 94 93 93
267 20 242 31 21 60 37 77 55 48 99 22 24 54 79 43 88 42 98 6 22 73 35 67 17 30 54 14 87 32 34 89 55 17 18 14 94 42 67 44 57 3 9
268 20 398 27 22 62 36 50 36 87 100 78 64 57 76 100 65 57 26 63 28 69 80 81 91 64 47 62 33 58 49 5 81 77 37 67 67 95 90 77 82 93 67
269 20 277 2 17 71 14 5 11 6 59 57 36 84 35 50 55 8 62 46 42 42 78 74 90 68 84 71 9 33 35 63 73 54 3 23 74 58 24 23 40 86 35
270 20 354 73 36 8 54 30 84 90 64 21 31 87 74 72 71 91 22 36 32 87 77 55 88 40 62 11 19 56 26 81 22 75 32 98 94 33 57 55 4 84 90
271 20 320 19 69 48 80 69 59 8 69 94 75 82 61 49 66 60 22 6 56 56 63 53 27 97 73 80 67 88 18 32 99 22 58 37 65 37 72 79 98 53 25
272 20 338 69 36 36 11 8 66 46 25 28 81 35 99 20 89 86 82 67 74 88 78 96 86 60 81 31 40 17 68 83 25 80 1 51 24 41 13 89 84 96 27
273 20 354 94 47 59 1 20 48 97 95 80 28 54 86 30 6 77 7 10 99 31 78 65 12 44 53 85 88 89 7 62 87 73 23 48 45 82 25 4 73 77 56
274 20 332 80 27 80 72 52 66 70 59 42 11 51 66 35 55 67 88 65 52 69 83 86 3 3 27 58 37 58 99 64 87 41 69 17 35 83 38 25 39 62 2
275 20 286 71 54 99 52 16 53 13 60 15 92 49 88 53 51 55 100 6 67 76 55 32 40 95 64 93 22 47 67 44 84 70 50 15 22 33 11 49 100 23 71
276 20 288 3 98 31 16 8 13 57 76 7 73 70 13 48 27 65 45 20 94 92 40 21 71 11 26 64 55 45 77 26 68 80 64 67 63 77 58 74 58 97 91
277 20 325 50 7 48 75 49 42 91 93 85 70 71 6 90 84 42 65 97 92 61 14 49 96 11 85 38 67 15 32 43 27 51 26 65 85 81 17 45 77 3 17
278 20 235 75 23 43 34 10 84 84 34 46 89 15 24 68 47 11 87 71 85 88 13 12 42 5 22 7 42 92 18 65 60 15 54 15 55 17 84 38 71 7 5
279 20 278 20 45 44 64 33 83 21 33 14 46 47 84 16 76 41 57 89 26 58 38 25 81 11 79 47 27 19 17 100 69 97 80 64 49 90 78 46 96 46 67
280 20 253 31 46 34 96 77 19 70 10 30 80 20 19 4 13 9 50 50 97 98 10 12 91 30 8 91 85 67 82 14 96 25 46 33 83 94 23 55 82 2 11
281 20 293 15 20 15 57 65 15 33 22 54 89 74 80 96 45 54 26 89 98 53 25 12 32 40 31 20 83 97 33 17 27 67 92 85 79 35 3 3 13 53 77
282 20 306 62 76 82 11 24 49 53 45 37 24 39 90 92 53 10 35 63 98 13 69 73 17 83 1 81 18 97 77 52 43 23 16 35 1 43 79 55 37 4 49
283 20 327 8 36 10 34 80 37 57 58 30 1 24 61 97 59 99 55 93 57 99 77 24 49 93 82 74 91 16 35 22 15 98 38 26 38 73 57 67 13 2 49
284 20 288 100 39 12 38 56 95 66 52 87 53 2 2 32 10 3 9 76 67 94 83 5 83 76 64 17 47 26 100 54 73 12 18 17 76 32 85 98 11 96 72
285 20 251 80 61 27 67 76 80 20 15 64 91 42 80 16 1 70 66 53 66 41 91 16 38 60 85 4 72 15 77 59 21 67 93 37 2 64 7 21 90 5 60
286 20 172 7 9 6 73 52 33 12 33 30 73 3 3 19 31 9 3 3 72 9 91 7 90 69 75 4 93 26 11 43 96 39 51 59 64 94 83 52 82 33 58
287 20 273 76 93 34 42 96 98 43 50 69 25 47 45 11 100 42 53 1 90 21 88 87 62 97 29 30 60 55 79 38 85 26 37 17 77 4 49 43 70 75 95
288 20 291 13 18 58 30 24 44 53 4 52 68 68 87 65 37 83 51 81 63 100 95 84 74 10 83 96 49 13 41 14 46 67 6 46 38 26 57 3 16 15 19
289 20 259 3 73 52 65 59 16 51 31 18 58 60 1 82 71 62 58 19 29 79 23 2 5 28 23 12 100 96 10 43 27 25 93 83 73 29 3 15 67 47 43
290 20 345 21 65 78 47 8 92 77 60 42 98 29 47 82 83 48 86 33 65 59 87 40 57 86 82 90 12 29 59 87 16 65 10 74 49 35 51 97 32 70 95
291 20 290 32 12 38 47 64 45 51 76 80 62 27 29 37 89 41 2 6 94 37 3 19 33 22 6 70 29 80 49 10 39 92 87 72 75 51 21 43 8 97 39
292 20 241 72 22 66 17 20 74 41 55 21 31 16 48 20 69 24 23 84 70 92 84 18 60 78 87 7 45 4 25 55 1 54 21 3 48 42 64 27 23 62 49
293 20 327 78 36 14 100 69 50 58 94 48 36 9 46 83 89 42 27 45 20 82 17 35 74 97 49 91 56 19 56 61 80 75 66 68 32 41 33 64 50 12 97
294 20 273 62 15 14 16 13 35 94 9 20 97 28 1 5 81 5 98 32 37 1 14 90 30 72 44 66 55 76 99 46 82 51 83 48 98 83 79 45 43 60 3
295 20 315 25 58 49 88 41 76 18 18 27 67 85 16 41 78 29 74 88 85 48 51 78 51 99 34 26 26 35 79 68 73 91 55 48 19 45 39 46 14 66 95
296 20 371 85 85 27 8 74 76 61 10 52 87 89 43 8 73 92 59 94 96 72 24 7 33 11 79 83 26 92 45 85 34 19 79 59 84 77 37 59 44 93 91
297 20 282 77 39 25 19 47 93 3 11 60 13 20 85 57 41 37 94 97 59 22 45 27 24 97 21 54 54 55 80 81 5 68 96 7 65 34 43 51 82 22 64
298 20 235 80 28 1 72 26 100 8 69 74 96 17 77 37 57 38 83 79 95 77 97 48 44 16 61 4 99 3 8 68 4 15 2 54 74 37 4 39 38 64 80
299 20 323 48 76 81 34 69 74 57 18 41 87 43 49 10 18 31 7 37 59 86 10 61 65 87 3 89 88 44 4 39 69 62 10 76 100 72 99 27 93 17 1
300 20 251 31 79 16 28 39 13 20 12 15 14 25 64 31 40 51 34 36 50 77 91 9 31 85 93 16 77 60 59 8 16 50 89 53 60 82 90 95 71 38 32
301 20 191 100 12 54 6 22 51 15 73 43 16 62 60 17 96 7 83 100 39 23 46 28 62 17 62 50 72 42 5 7 26 24 78 7 62 16 85 1 21 4 80
302 20 276 43 71 29 71 17 86 14 60 40 26 35 21 44 5 50 80 40 62 72 88 90 2 56 25 9 62 24 87 70 69 15 36 78 47 98 30 55 56 44 93
303 20 285 8 42 35 4 9 13 17 49 100 46 15 9 40 95 87 58 80 52 57 73 45 84 54 61 86 11 93 2 42 74 82 70 27 67 47 50 11 36 16 98
304 20 305 35 93 50 94 13 63 42 69 78 65 44 55 78 45 7 44 12 74 86 15 33 38 56 47 55 55 78 65 54 77 52 48 31 2 83 24 36 95 96 32
305 20 278 59 61 62 96 14 28 86 69 68 20 28 60 73 32 14 98 50 66 4 61 21 15 30 46 75 15 43 31 3 94 34 71 35 86 99 64 52 21 78 71
306 20 362 65 93 84 74 23 87 94 52 96 13 95 33 39 14 78 45 64 15 9 33 76 13 100 100 50 30 74 97 32 52 64 61 36 7 40 90 1 46 88 85
307 20 309 100 6 99 58 9 32 80 21 48 77 53 69 75 73 70 3 10 5 52 96 57 62 11 24 4 34 50 7 86 49 96 84 26 13 45 72 45 64 17 85
308 20 299 51 26 15 8 11 58 79 55 40 25 13 92 49 28 100 81 92 74 10 23 35 33 34 99 49 5 43 29 37 85 52 40 85 32 92 34 56 12 54 85
309 20 316 100 59 94 14 82 13 43 20 24 23 93 25 60 80 41 47 29 26 52 36 45 25 43 25 99 53 51 59 21 40 33 10 31 79 23 65 23 95 68 95
310 20 237 29 2 72 57 53 2 18 57 30 25 31 97 40 97 33 35 29 24 81 51 53 98 5 86 8 24 29 75 49 92 68 16 96 62 55 1 3 74 10 69
311 20 353 56 49 73 51 47 19 100 96 14 9 99 26 30 29 48 9 30 12 92 69 88 60 30 47 98 62 31 94 52 9 25 47 75 51 74 21 83 33 34 52
312 20 335 61 31 60 31 72 90 54 6 19 10 5 32 65 86 22 89 12 100 30 100 89 27 53 1 93 61 84 1 72 74 14 8 54 87 94 34 67 69 98 84
313 20 300 48 66 55 56 15 59 5 29 60 66 97 82 95 62 49 59 4 45 72 36 21 54 4 60 76 45 71 24 17 14 67 71 31 33 99 18 61 23 53 12
314 20 300 34 28 96 67 69 87 54 9 67 20 70 32 57 48 50 31 23 20 71 71 16 9 67 80 67 37 73 48 20 23 51 52 74 25 40 73 3 71 1 82
315 20 298 8 7 47 53 33 38 89 26 82 59 50 24 59 76 96 34 90 80 66 84 9 72 34 58 36 72 68 3 22 71 76 74 10 40 12 14 72 88 37 55
316 20 315 80 93 51 74 82 32 55 99 73 4 25 34 16 52 50 2 82 89 75 91 46 49 8 88 5 55 82 40 17 3 27 15 37 75 96 4 93 1 52 95
317 20 309 25 47 70 6 17 6 61 32 40 96 58 71 21 61 51 8 100 48 50 1 66 65 56 84 42 65 57 55 96 84 36 37 28 25 41 63 71 74 45 44
318 20 327 60 41 53 4 85 35 79 47 6 58 4 41 96 43 59 37 89 93 10 78 68 17 56 58 73 82 78 8 44 16 84 80 7 46 70 7 45 90 25 45
319 20 304 34 14 33 1 45 26 49 70 80 61 59 47 93 66 78 22 9 21 100 28 10 49 60 58 56 97 24 3 82 37 63 20 54 6 23 81 28 71 34 71
320 20 316 86 80 34 26 29 18 48 32 48 10 21 43 53 54 75 43 72 12 53 32 31 33 64 70 81 26 22 78 21 89 41 33 95 19 10 38 90 63 81 88
321 20 268 45 27 26 53 25 43 92 82 13 80 80 31 25 13 97 43 34 94 17 62 34 35 44 98 48 99 6 24 5 70 48 5 98 70 84 39 17 28 56 29
322 20 337 80 57 92 44 62 24 75 6 36 50 55 41 31 28 98 39 37 91 23 64 42 22 34 16 56 40 94 13 66 7 66 48 88 65 5 35 67 84 19 99
323 20 258 4 78 42 30 59 97 6 59 57 64 92 84 21 63 29 26 14 42 47 96 6 46 43 67 89 59 70 70 71 29 49 94 69 41 62 96 14 21 17 15
324 20 276 52 28 21 20 10 25 89 98 62 35 85 35 37 54 83 82 33 17 32 24 66 83 26 46 27 95 88 63 39 70 71 4 76 19 7 91 5 69 14 89
325 20 351 48 36 35 14 49 49 94 78 62 88 84 60 63 74 37 33 92 30 69 7 92 76 56 30 59 20 83 47 37 42 54 19 23 18 48 86 35 5 51 34
326 20 303 4 80 94 84 41 73 15 46 94 46 24 30 21 53 31 63 88 29 76 28 96 52 82 61 73 100 99 24 14 31 24 82 29 10 6 82 14 15 85 68
327 20 265 91 19 95 7 6 32 15 57 71 84 77 66 4 80 10 54 21 57 83 83 33 74 50 25 30 61 79 10 28 77 43 51 58 4 9 82 79 80 2 57
328 20 322 82 13 29 50 86 12 79 83 85 2 72 33 60 100 27 5 100 80 27 26 27 32 49 93 44 13 56 88 22 47 54 51 7 28 44 9 78 65 46 83
329 20 327 97 29 18 39 87 74 92 6 18 13 86 61 63 62 37 81 27 31 100 22 62 85 60 8 18 41 6 6 17 35 74 41 82 94 66 45 31 9 51 28
330 20 339 53 23 11 72 95 15 38 35 63 32 99 59 79 70 2 55 90 37 1 57 94 87 78 16 72 29 42 44 56 70 81 18 36 89 71 98 47 32 23 62
331 20 307 98 12 93 37 100 73 99 11 36 80 66 42 16 40 31 72 96 6 25 4 47 7 6 76 39 83 16 57 44 37 23 90 17 61 64 37 35 42 74 14
332 20 294 51 99 59 2 82 58 88 72 18 38 15 30 88 99 29 2 16 22 58 12 13 96 73 67 74 29 59 18 51 2 91 63 9 40 45 14 19 49 42 21
333 20 296 54 26 11 7 55 3 70 9 63 43 20 95 49 88 62 87 32 55 48 3 46 83 42 46 10 94 79 49 57 6 66 22 77 61 49 59 95 22 4 52
334 20 329 27 98 26 34 99 14 67 44 97 91 82 83 3 55 48 65 87 81 58 98 26 93 33 52 26 12 72 2 23 36 14 43 67 48 99 24 94 59 51 15
335 20 295 24 92 58 16 11 71 18 56 44 34 14 24 8 49 88 71 86 14 7 55 77 87 72 48 99 66 74 84 85 28 28 9 35 67 47 98 15 6 96 63
336 20 344 57 8 56 71 13 100 28 22 55 60 32 99 44 73 62 87 93 51 31 92 59 54 78 83 80 47 7 19 22 3 95 31 63 79 91 1 85 22 96 1
337 20 299 41 5 82 12 72 59 49 33 69 3 48 45 80 36 13 24 3 53 80 78 28 77 58 84 44 68 59 69 56 30 30 86 15 54 80 68 17 69 75 16
338 20 311 90 41 48 54 77 19 73 62 19 89 56 41 72 37 100 69 58 17 26 42 33 66 20 98 89 37 63 23 44 5 50 63 3 17 37 34 31 9 48 15
339 20 306 77 14 10 98 81 71 63 38 13 69 39 3 64 88 1 28 51 28 56 35 36 92 32 71 39 72 41 4 76 54 7 63 87 7 88 96 74 48 87 32
340 20 336 95 44 92 75 83 72 32 96 47 44 85 1 12 70 59 68 63 32 100 5 50 30 36 86 84 100 52 18 5 2 40 1 20 46 70 78 76 98 19 98
341 20 370 69 12 74 68 82 21 46 93 51 99 29 39 35 96 98 86 85 82 97 36 30 68 66 28 98 34 95 100 7 73 52 95 7 24 77 37 98 31 38 44
342 20 306 77 90 32 65 57 96 78 87 14 62 75 21 35 25 97 17 5 44 65 70 34 19 97 24 3 24 10 32 97 4 30 64 52 67 26 28 69 54 69 78
343 20 306 64 63 49 65 54 4 77 61 97 80 22 74 10 67 46 89 50 94 6 86 58 12 55 46 10 67 68 38 64 11 82 88 21 73 92 64 3 21 93 15
344 20 315 76 96 91 37 22 93 39 58 91 38 15 6 52 31 26 14 5 45 95 15 19 78 49 10 93 15 97 71 32 56 37 20 1 24 76 42 91 36 45 18
345 20 315 27 12 63 31 16 85 100 45 71 17 13 29 34 42 50 71 72 24 35 45 71 18 94 45 64 48 3 20 77 33 86 51 17 91 79 42 21 11 60 52
346 20 409 98 48 70 17 98 49 38 50 79 5 59 90 90 83 73 71 82 4 88 88 63 90 97 84 70 44 85 82 90 15 66 71 37 1 8 19 52 61 23 10
347 20 347 93 55 52 54 77 3 46 10 37 47 54 38 31 63 21 36 71 93 42 17 42 60 20 35 64 19 70 73 98 26 35 2 100 57 100 13 82 8 23 54
348 20 337 48 45 88 10 70 38 57 21 37 54 56 79 85 100 90 48 17 20 87 81 48 99 1 30 43 68 42 46 74 99 29 12 55 48 81 6 85 76 33 3
349 20 278 66 50 22 60 25 42 64 13 51 36 33 62 25 83 50 99 14 18 51 73 60 27 20 72 45 73 20 96 97 59 86 42 15 50 39 31 48 23 96 30
350 20 295 90 61 38 26 22 49 23 87 47 91 70 15 92 83 5 49 18 17 24 50 90 13 10 83 46 40 84 62 4 33 54 76 86 85 24 24 73 37 85 61
351 20 307 50 32 5 55 12 97 42 59 75 8 23 21 19 80 42 30 96 34 80 3 30 68 32 82 36 68 98 46 93 51 76 24 49 100 36 37 80 65 51 34
352 20 325 15 13 61 47 27 49 70 91 76 59 14 66 43 57 91 24 46 27 2 57 90 13 80 52 83 72 92 17 75 6 23 49 14 35 77 51 31 41 76 7
353 20 270 27 8 54 85 44 52 71 50 12 67 20 31 27 27 40 83 31 28 34 95 94 29 99 50 47 65 100 74 3 51 31 30 55 25 59 26 41 1 13 95
354 20 275 63 68 11 2 98 92 20 74 10 73 88 81 96 79 13 6 20 23 75 92 67 72 6 15 70 70 19 18 45 50 83 29 51 81 3 34 7 51 73 19
355 20 309 49 87 80 23 33 23 73 5 66 73 46 8 49 70 63 93 49 4 78 38 25 94 44 38 28 86 94 48 36 16 5 79 59 3 60 90 20 96 75 9
356 20 293 90 47 27 16 97 2 59 52 85 60 42 41 63 45 53 83 13 81 7 79 38 1 54 48 67 100 55 10 17 7 79 68 21 98 12 99 43 14 57 44
357 20 315 46 40 43 20 69 21 55 95 23 79 100 9 48 3 42 16 13 67 10 38 77 21 31 65 95 33 56 65 50 97 28 89 97 89 30 100 94 27 46 24
358 20 257 87 95 76 70 72 75 18 82 22 94 15 26 6 79 16 48 16 71 54 37 53 57 80 81 58 37 7 24 52 43 40 20 61 87 9 64 75 56 42 83
359 20 242 53 86 28 75 42 87 54 1 3 78 44 76 61 49 58 97 15 79 90 14 10 76 62 41 61 80 38 50 6 85 52 94 58 56 26 6 4 12 44 35
360 20 309 78 40 59 11 61 66 97 42 87 36 59 53 2 8 66 6 13 42 41 62 50 28 26 45 60 55 41 95 79 99 13 69 33 6 99 56 66 32 2 93
361 20 300 84 15 98 34 63 54 11 37 71 70 79 27 43 8 67 47 20 2 26 24 61 64 36 83 45 60 32 95 68 60 45 11 20 37 33 78 86 5 14 50
362 20 311 60 98 15 37 34 27 42 35 87 77 35 8 75 58 4 99 25 75 86 37 52 17 1 86 72 67 65 57 28 16 40 67 86 39 65 100 71 23 94 16
363 20 295 45 37 51 93 87 78 44 56 54 13 62 19 82 100 95 20 57 90 17 3 59 98 8 66 46 97 3 13 47 94 2 50 96 42 27 86 32 56 70 100
364 20 309 42 34 24 80 73 63 92 81 34 23 83 76 47 86 26 8 23 16 52 5 90 39 44 50 44 25 21 6 46 71 89 33 47 34 42 74 30 7 84 27
365 20 329 49 17 27 26 62 74 73 34 48 81 86 34 38 46 22 82 63 40 2 79 97 23 78 12 72 49 12 82 80 67 56 59 58 17 87 68 68 90 21 36
366 20 313 93 88 41 100 88 75 31 29 29 31 68 44 7 64 54 81 22 30 74 70 91 15 35 55 9 79 100 9 61 53 40 63 51 84 67 25 32 60 52 22
367 20 243 39 28 100 31 53 100 28 31 45 37 46 76 40 65 7 25 44 48 54 20 77 47 43 72 19 84 1 95 46 32 56 30 4 54 12 9 56 55 40 56
368 20 334 47 9 27 51 37 82 53 73 81 78 97 47 67 46 15 47 63 61 3 61 83 26 89 62 47 45 31 7 57 22 33 85 66 5 49 35 70 12 100 50
369 20 298 40 20 53 92 100 55 71 38 56 58 23 25 51 12 34 8 38 20 7 81 39 51 87 6 61 81 49 34 69 95 24 2 50 96 48 90 79 86 15 39
370 20 246 14 26 5 38 23 92 24 30 21 64 23 7 36 5 46 12 46 69 84 94 41 62 34 70 58 28 85 45 19 2 53 65 85 77 41 4 65 15 18 16
371 20 262 39 92 22 100 50 51 38 46 28 4 78 59 11 69 15 94 41 14 59 65 62 87 19 52 86 44 21 34 14 5 46 8 92 68 36 41 99 48 19 74
372 20 273 75 57 35 34 48 43 54 37 44 60 3 56 24 39 45 96 56 74 97 72 55 10 70 31 36 72 29 100 49 32 31 95 71 49 25 68 20 32 45 32
373 20 266 31 54 58 28 65 96 56 63 2 79 55 100 19 20 81 44 30 47 86 27 28 61 68 17 95 39 77 98 37 92 52 28 21 93 10 1 10 65 6 21
374 20 239 11 17 98 59 20 55 68 58 24 27 7 87 1 59 36 72 50 29 77 82 25 55 40 74 58 97 4 28 63 12 88 49 17 41 23 71 71 81 17 60
375 20 304 77 87 10 95 76 43 70 84 15 56 98 14 80 67 70 21 6 31 27 4 99 74 86 38 49 57 7 31 21 18 4 18 2 93 50 100 83 79 84 25
376 20 307 52 41 49 33 72 53 9 47 64 24 7 30 29 85 92 84 55 70 76 90 92 30 78 26 21 52 23 77 14 51 82 86 55 82 100 28 35 65 20 7
377 20 296 83 54 78 11 61 11 13 90 60 79 21 86 76 38 66 71 14 14 68 70 41 25 60 33 76 63 42 82 18 96 24 91 95 90 2 55 65 96 25 28
378 20 333 34 45 57 2 78 30 54 41 92 11 91 32 98 91 62 37 51 51 39 30 56 10 33 53 17 96 31 62 51 24 52 61 54 92 78 95 38 87 44 66
379 20 365 91 96 52 86 98 14 92 100 6 24 54 1 83 28 48 18 62 58 61 29 16 16 28 73 87 58 35 38 39 47 40 64 47 68 96 21 89 42 95 22
380 20 297 59 74 79 57 18 5 27 53 33 80 26 26 100 46 25 85 72 46 35 9 69 81 62 87 29 15 82 58 59 52 80 12 29 20 32 19 29 57 46 66
381 20 324 77 38 65 23 30 56 47 21 46 84 18 68 76 43 41 12 40 52 40 93 93 88 46 12 89 37 97 38 72 68 76 19 64 51 5 8 40 83 21 98
382 20 279 33 80 80 9 8 36 19 8 24 88 53 92 51 32 8 23 37 55 42 94 46 17 72 96 88 58 98 58 46 33 42 72 80 91 78 89 21 73 4 1
383 20 276 27 49 16 28 41 1 48 53 51 85 36 42 82 82 71 19 34 8 71 53 24 61 11 76 54 11 43 9 20 9 65 54 69 27 85 7 37 11 35 29
384 20 280 7 62 68 19 57 74 82 3 62 7 4 50 7 28 16 60 76 62 85 62 61 30 3 59 3 27 16 96 47 56 68 42 62 13 97 68 23 55 90 47
385 20 318 4 87 44 71 81 23 87 43 90 91 43 38 59 11 88 9 41 71 51 10 70 32 23 27 31 71 78 66 6 67 86 98 85 60 26 52 19 5 48 26
386 20 298 27 33 57 72 61 57 36 93 37 7 11 20 64 57 25 68 26 41 81 26 65 13 93 68 75 36 60 62 62 52 22 47 30 89 53 53 16 46 95 50
387 20 333 65 44 83 52 71 76 89 43 28 68 41 76 26 41 88 21 94 96 27 22 85 48 77 97 1 35 90 34 58 96 72 68 2 90 11 17 92 34 13 66
388 20 309 98 45 19 9 41 81 60 73 96 55 17 67 1 51 84 50 44 22 39 72 98 45 37 59 71 56 34 45 57 49 34 83 87 47 72 75 12 97 31 52
389 20 311 12 58 21 34 51 13 30 38 35 3 67 54 86 52 80 94 26 70 32 87 35 68 60 46 84 26 88 34 95 60 93 32 24 36 46 88 58 59 16 99
390 20 345 15 39 82 38 47 30 69 73 74 32 10 87 89 29 63 39 34 85 50 85 81 98 1 96 88 16 76 74 74 32 99 59 81 11 44 23 17 99 59 93
391 20 322 17 69 36 16 47 37 29 87 69 31 74 6 99 34 43 13 3 76 72 24 100 72 13 69 7 34 43 18 97 72 60 26 85 48 39 10 99 15 44 63
392 20 276 82 98 35 93 85 92 92 67 37 15 35 30 48 72 27 34 32 14 15 91 11 73 5 62 26 80 36 87 57 63 80 58 78 67 30 89 57 81 54 40
393 20 346 90 50 29 100 33 15 64 31 15 99 93 76 15 91 98 62 78 16 87 42 45 35 23 56 98 79 20 53 80 47 58 28 41 94 45 44 69 86 74 88
394 20 344 65 53 53 73 76 98 48 14 50 81 85 97 76 28 31 30 63 64 79 43 37 22 90 88 82 97 54 41 61 87 55 40 14 66 55 54 2 16 73 75
395 20 294 34 100 79 73 22 37 2 69 61 28 2 71 14 70 26 8 20 13 60 96 64 31 92 94 10 20 92 68 58 75 65 86 44 48 84 11 72 52 80 45
396 20 226 7 100 38 91 5 84 58 22 3 46 35 66 87 28 93 50 8 59 50 26 33 49 41 71 5 95 51 66 82 31 88 80 44 3 5 91 19 33 3 19
397 20 306 38 46 17 8 41 77 36 7 100 27 68 76 63 83 86 91 30 43 60 94 2 84 7 31 15 50 70 82 34 46 22 27 93 17 65 72 100 72 75 86
398 20 227 52 33 85 43 100 60 28 26 19 13 15 82 17 26 39 27 90 33 29 78 2 41 19 64 6 94 21 66 16 32 30 80 67 65 37 86 1 13 86 24
399 20 279 50 41 36 38 8 34 61 13 3 99 38 74 66 36 59 39 14 48 86 81 90 69 68 52 12 16 89 66 98 13 34 12 50 55 19 71 44 24 5 26
400 20 274 4 60 2 71 52 59 89 97 79 43 56 24 66 74 55 15 35 48 9 11 45 64 67 60 49 47 9 64 24 56 6 28 99 53 57 98 43 27 68 31
401 20 253 26 86 8 36 66 100 44 71 36 71 76 19 8 17 36 92 85 91 4 71 13 51 14 70 100 34 93 45 39 47 33 50 17 34 83 50 8 45 56 70
402 20 350 78 8 31 48 96 3 59 49 44 8 7 82 93 21 12 58 89 99 44 24 26 71 44 69 74 15 92 22 52 78 5 81 79 47 71 86 94 71 78 10
403 20 245 14 99 89 4 14 40 5 87 91 71 61 70 23 91 15 87 33 80 13 54 98 16 58 57 33 86 11 43 80 74 61 7 21 49 71 57 5 16 21 23
404 20 333 69 8 68 50 45 75 87 83 80 72 21 96 39 15 72 70 60 100 82 96 23 33 47 92 73 53 71 74 12 88 12 93 72 32 84 72 10 98 86 56
405 20 273 91 29 81 96 78 51 82 86 10 34 10 70 93 73 86 87 6 48 65 3 6 32 55 71 30 60 11 73 30 18 93 35 23 74 19 91 6 84 35 13
406 20 306 73 7 27 50 76 66 20 20 95 84 8 54 30 27 72 54 26 56 67 39 68 42 70 47 53 88 95 27 20 25 22 98 35 93 16 71 52 40 97 96
407 20 278 79 33 43 29 97 86 45 20 23 39 58 94 12 92 48 20 14 90 18 66 22 56 65 31 54 45 66 24 43 23 55 5 47 35 70 85 27 6 43 63
408 20 280 35 39 16 67 15 76 85 49 49 43 52 5 3 51 61 88 56 64 64 76 81 80 47 58 43 47 32 38 66 27 2 32 67 16 71 29 12 1 78 6
409 20 277 11 79 92 21 4 16 88 17 70 30 6 6 14 9 3 82 73 13 7 70 71 76 69 91 12 91 55 6 36 14 97 46 21 68 10 76 100 59 85 19
410 20 318 93 46 99 29 49 47 15 79 43 57 97 14 40 97 5 42 1 46 99 76 11 18 72 20 47 28 15 43 83 17 38 73 83 67 32 36 47 66 94 68
411 20 255 88 46 80 20 17 31 4 4 19 16 66 66 98 28 14 99 50 96 1 47 17 3 70 58 28 7 52 78 43 100 42 28 49 92 29 94 19 84 65 98
412 20 327 49 59 35 5 38 17 83 86 47 70 84 9 99 11 90 93 49 53 80 68 60 53 22 16 2 62 66 86 25 72 53 83 21 36 44 42 73 2 72 86
413 20 351 15 65 99 56 37 8 77 52 76 2 67 28 96 46 64 47 4 98 81 10 9 29 56 73 99 96 34 50 57 46 65 24 26 2 84 33 25 8 100 90
414 20 309 30 76 87 3 24 48 18 87 68 68 74 83 48 39 94 41 22 43 66 62 3 71 8 50 8 62 99 73 17 41 40 45 64 31 79 51 94 80 87 38
415 20 306 70 49 75 65 84 8 21 32 18 51 97 7 87 34 73 47 61 94 27 58 58 41 68 54 51 71 28 16 8 96 26 70 47 41 10 9 29 72 82 41
416 20 311 17 49 83 31 64 54 1 35 23 76 91 5 69 29 88 98 77 22 76 31 27 43 46 40 71 34 59 1 35 3 87 63 11 26 27 48 68 86 17 87
417 20 190 3 40 12 71 24 18 18 86 14 5 7 25 55 26 46 41 64 61 8 77 47 65 59 49 18 25 56 94 14 30 94 43 23 13 35 67 13 54 25 83
418 20 355 48 37 29 82 14 23 3 39 35 75 63 2 83 43 45 44 55 5 98 7 79 3 76 18 64 21 74 91 59 27 37 22 91 95 86 44 92 74 53 63
419 20 290 97 72 72 90 57 1 27 94 98 26 1 77 36 16 27 55 48 77 31 57 6 49 92 55 58 34 50 3 61 79 32 17 25 21 73 48 8 93 69 30
420 20 388 89 59 49 62 69 94 91 34 62 34 52 16 28 59 57 53 90 60 59 54 27 42 19 63 96 19 46 48 79 82 81 84 60 59 54 92 91 37 96 71
421 20 226 32 57 8 69 35 13 10 42 16 63 1 53 35 84 63 12 46 51 35 33 96 50 88 42 11 28 27 70 26 17 30 58 65 3 62 27 40 1 28 69
422 20 240 61 3 41 35 25 2 63 46 81 95 49 43 14 24 22 69 47 24 9 69 45 50 19 20 81 93 6 66 6 47 36 56 88 67 14 6 64 83 31 94
423 20 272 13 40 47 81 65 27 28 24 99 15 3 47 14 76 47 80 28 55 72 63 28 92 24 25 1 31 90 32 50 69 51 22 18 26 99 5 31 22 100 39
424 20 356 59 80 37 79 58 100 40 88 7 2 18 49 76 34 53 46 39 39 98 78 92 81 21 20 93 67 33 3 99 75 69 18 91 58 80 92 58 25 66 37
425 20 260 9 6 20 8 48 32 4 76 1 58 97 84 39 51 90 34 30 76 79 24 48 96 5 26 71 21 1 9 14 28 100 6 81 30 25 90 77 13 29 9
426 20 288 53 27 24 57 18 23 87 62 1 49 82 53 81 14 71 87 54 13 19 43 97 65 48 71 44 38 22 78 51 17 42 80 28 67 17 13 36 34 86 14
427 20 259 64 76 85 67 53 31 1 81 28 73 55 10 12 58 63 74 83 80 12 95 67 5 60 74 12 25 32 4 9 74 72 31 64 9 64 56 1 69 29 96
428 20 308 38 63 41 92 70 17 40 71 72 46 25 65 67 21 2 100 70 77 93 80 25 70 37 27 100 6 48 52 77 65 10 49 64 4 16 11 48 53 86 100
429 20 294 15 21 73 61 76 5 83 44 75 42 81 41 46 23 28 88 30 90 82 39 87 28 31 5 86 92 7 68 1 37 23 63 27 74 56 21 4 61 70 66
430 20 287 40 5 20 71 71 40 39 69 83 54 3 69 75 12 3 83 46 63 95 48 53 64 6 90 52 72 24 36 27 86 77 11 59 99 99 94 35 17 52 98
431 20 312 39 66 65 87 66 52 13 7 56 63 79 60 74 92 56 24 53 64 9 57 89 2 79 61 28 2 26 85 2 27 55 73 48 3 90 31 80 65 34 37
432 20 266 51 32 58 65 11 92 15 46 80 56 3 99 34 66 83 55 5 57 27 62 98 96 22 39 76 36 56 40 16 53 39 88 96 9 48 32 2 21 68 3
433 20 288 23 34 3 61 23 37 87 65 99 82 55 27 75 75 87 96 55 42 93 61 59 53 26 68 35 85 35 41 90 8 16 54 20 93 16 83 56 86 9 96
434 20 268 79 52 54 73 1 94 36 18 24 19 27 98 31 36 41 84 90 39 78 41 59 67 53 88 28 98 12 65 22 56 35 14 51 12 69 58 29 81 75 81
435 20 223 68 35 20 77 19 28 61 66 13 59 19 70 75 46 35 44 10 3 26 50 3 12 12 57 83 43 69 4 99 42 29 78 3 48 63 55 14 5 24 91
436 20 321 78 25 85 42 58 73 80 18 51 19 94 14 14 3 64 22 18 89 57 77 6 78 77 42 8 86 79 65 12 79 95 98 3 63 89 56 13 9 92 57
437 20 358 89 67 62 93 60 93 70 23 100 53 62 25 36 5 76 68 36 56 26 29 15 56 64 19 80 97 61 66 65 20 97 71 19 1 42 88 98 39 36 18
438 20 263 18 81 49 68 74 42 78 93 94 79 26 31 72 51 88 28 48 55 15 53 98 28 63 29 28 63 12 18 9 58 4 72 40 34 30 67 20 74 11 38
439 20 277 14 36 95 45 19 47 85 53 57 43 10 67 62 94 98 8 63 37 76 10 8 79 42 74 20 15 7 73 72 21 65 27 33 73 16 5 22 60 61 64
440 20 252 23 29 4 80 7 63 30 69 28 86 30 22 43 65 62 2 47 94 46 21 69 10 97 74 97 26 79 47 36 82 46 98 13 20 1 60 40 35 43 75
441 20 303 60 77 65 39 97 79 18 38 54 20 39 20 9 27 36 14 95 79 35 27 95 84 82 16 4 66 97 36 5 89 70 48 25 98 5 44 83 58 36 29
442 20 330 65 51 57 54 33 49 36 64 85 35 64 54 23 2 85 80 39 81 48 17 61 81 74 23 88 18 60 33 39 100 91 97 1 9 67 28 43 38 41 9
443 20 294 93 95 69 10 69 59 9 76 10 100 8 48 57 51 12 19 40 81 44 18 37 53 43 65 38 38 62 73 57 16 79 84 75 26 85 4 37 47 59 14
444 20 308 19 1 3 35 43 73 90 34 44 20 11 53 55 44 98 76 90 45 72 45 96 25 1 39 17 80 97 80 4 21 47 53 44 23 38 10 92 38 66 14
445 20 260 4 76 55 5 23 20 64 18 44 2 54 26 38 70 66 10 19 4 32 1 5 6 44 82 9 85 23 37 37 98 72 55 75 82 49 47 77 87 78 93
446 20 252 22 65 8 42 32 64 22 43 40 29 78 3 33 94 13 46 50 98 39 89 5 53 33 36 80 4 22 35 20 34 71 20 70 43 77 51 92 65 35 36
447 20 329 39 3 92 35 19 20 34 99 74 82 36 62 29 17 98 85 98 55 95 95 62 97 65 67 13 90 17 98 71 70 45 86 80 79 66 66 21 18 44 87
448 20 307 11 60 90 51 41 80 42 39 32 31 7 70 79 88 92 13 48 23 52 27 77 63 51 98 70 45 73 91 44 46 43 10 70 60 25 84 24 81 55 100
449 20 303 5 28 54 80 11 69 64 34 68 62 70 100 11 63 79 100 41 43 15 28 2 42 77 8 91 38 100 80 26 10 64 65 10 25 87 12 66 52 70 19
450 20 340 40 20 79 1 77 66 41 17 76 61 30 16 29 97 80 18 83 41 57 42 9 76 84 88 36 32 84 11 89 32 79 95 83 53 15 16 24 70 39 59
451 20 278 26 20 69 38 76 28 19 94 8 40 6 19 27 43 53 13 68 64 63 92 28 83 75 37 27 17 74 75 33 26 63 82 65 8 81 88 43 13 23 84
452 20 288 46 85 74 58 8 96 84 8 24 27 62 80 30 92 91 72 12 97 63 12 86 73 60 94 2 75 47 20 41 50 39 43 83 93 63 20 7 75 40 21
453 20 312 53 78 89 30 46 44 11 86 84 48 94 10 53 79 36 46 78 41 24 69 37 24 82 48 91 56 20 98 16 86 40 15 38 79 96 55 5 79 49 94
454 20 348 58 75 87 37 49 69 82 97 75 16 93 20 33 91 54 44 25 86 88 39 1 16 67 9 59 81 56 35 86 78 20 3 79 3 60 43 79 43 11 28
455 20 242 31 83 95 72 17 20 20 81 1 53 99 40 99 4 98 80 6 16 77 64 7 44 44 100 37 8 4 91 29 82 13 71 15 1 34 99 67 63 14 84
456 20 295 34 28 58 82 92 54 61 88 87 87 81 97 53 6 19 83 10 29 15 36 60 34 87 39 2 13 14 23 13 96 75 90 83 18 66 70 65 63 11 68
457 20 265 87 80 83 11 30 68 22 89 1 87 58 92 9 78 59 53 90 41 57 55 50 80 38 32 2 46 67 79 2 83 29 57 39 18 15 20 90 34 56 9
458 20 270 66 44 74 91 28 99 96 89 33 22 38 48 88 54 6 27 15 82 77 60 97 83 5 12 93 42 13 89 47 13 1 52 51 7 1 47 5 58 69 10
459 20 270 42 13 79 40 13 72 69 32 84 91 23 13 89 37 50 41 13 80 68 53 14 96 4 30 87 94 25 48 8 74 98 47 52 73 6 12 66 2 13 34
460 20 268 45 90 95 18 77 20 90 20 52 7 27 30 48 12 18 76 33 91 28 35 59 40 75 30 17 39 19 90 39 36 10 10 27 38 39 96 24 40 72 90
461 20 323 72 6 69 76 75 60 88 7 78 52 70 11 92 7 18 73 59 50 23 82 6 48 16 40 94 58 29 14 46 80 46 8 55 34 42 100 78 90 21 11
462 20 299 16 83 94 11 40 9 79 52 51 38 54 27 79 28 9 83 47 6 22 66 79 9 86 2 32 94 15 4 66 96 62 56 59 79 40 20 30 68 39 96
463 20 251 36 80 26 20 77 16 2 27 31 49 35 61 60 97 6 46 97 65 41 88 57 11 45 96 65 45 93 29 19 85 2 64 9 21 23 97 69 96 45 72
464 20 333 3 49 100 85 54 80 54 76 47 54 10 87 75 65 78 54 56 32 93 59 77 49 46 88 36 68 6 55 66 76 54 91 94 72 71 74 21 16 72 88
465 20 276 76 37 68 75 49 92 84 62 53 99 53 100 43 5 24 58 4 82 7 16 1 90 32 46 29 39 5 27 38 84 90 40 71 91 42 97 92 14 60 78
466 20 230 80 82 36 50 3 20 13 67 23 81 6 65 12 54 3 29 71 15 38 89 81 15 82 96 99 7 9 38 1 39 16 72 26 14 12 2 64 3 92 17
467 20 356 85 72 85 67 47 87 30 20 78 40 95 33 92 66 26 86 16 14 54 91 62 78 24 75 14 14 90 23 25 21 42 96 100 47 58 32 84 100 81 78
468 20 296 44 38 2 63 30 94 61 20 50 27 78 66 6 36 65 86 62 97 87 18 77 8 13 52 57 2 38 72 30 79 73 40 93 19 62 99 43 68 16 8
469 20 278 62 54 98 93 67 92 88 69 65 25 18 11 6 42 42 82 94 14 31 61 2 46 57 47 94 13 26 97 79 63 5 91 37 24 17 29 19 46 20 52
470 20 317 2 38 27 61 89 11 77 37 17 3 94 33 78 85 44 21 11 62 14 48 64 87 98 91 1 27 100 73 49 17 98 98 91 32 21 77 64 97 18 53
471 20 314 94 81 35 28 92 94 20 29 13 43 95 92 80 48 25 49 17 66 40 59 36 43 42 28 94 28 63 94 25 49 79 48 6 25 69 20 61 94 62 66
472 20 356 7 82 81 29 42 28 82 1 61 4 91 36 59 78 89 78 63 28 78 75 2 57 17 64 70 14 41 46 30 84 53 61 98 63 96 75 54 5 73 39
473 20 304 78 42 54 45 71 32 55 57 63 27 96 7 37 93 28 99 54 47 46 66 51 8 82 18 29 36 18 79 64 83 3 68 46 62 62 49 59 4 20 68
474 20 273 60 43 17 83 47 17 9 39 80 77 55 10 13 29 10 77 55 82 40 16 43 76 72 80 99 74 10 47 57 57 30 69 23 13 36 69 68 4 89 29
475 20 329 99 34 57 70 82 19 27 84 50 64 75 38 65 30 21 79 65 22 3 99 100 31 92 98 9 84 26 16 23 74 86 24 64 48 47 83 34 96 74 5
476 20 337 67 24 28 10 64 39 72 91 53 82 29 47 98 23 14 64 89 29 46 55 5 9 91 36 32 34 80 80 32 78 63 92 41 9 44 2 86 61 91 43
477 20 390 67 75 86 17 75 15 94 53 82 59 74 39 86 14 100 77 2 1 34 11 24 16 44 35 75 81 26 91 95 12 58 77 76 92 42 71 81 57 82 79
478 20 350 54 86 71 64 99 66 7 85 100 44 65 66 31 85 69 50 17 28 69 84 66 77 93 2 91 1 98 2 8 49 95 26 28 38 26 67 16 72 64 14
479 20 294 68 17 23 18 37 93 23 75 64 59 49 54 3 14 31 46 63 83 10 1 56 53 51 47 98 44 39 81 31 93 31 78 82 21 77 4 54 62 91 43
480 20 303 33 91 74 88 55 77 29 12 10 39 33 7 22 54 84 84 38 82 29 99 70 62 35 36 69 48 89 93 33 40 68 97 78 75 63 39 53 97 46 42
481 20 363 76 26 82 77 19 49 92 74 59 16 84 83 89 29 88 80 48 24 32 47 44 19 70 79 33 16 89 25 97 30 95 51 18 57 37 16 31 70 28 85
482 20 250 31 17 9 93 27 99 9 70 37 42 59 58 97 66 46 91 19 28 98 35 24 31 13 39 35 48 51 56 57 35 53 44 10 25 64 27 15 31 82 85
483 20 328 64 3 61 44 55 13 5 69 54 78 1 19 74 74 77 9 94 28 94 86 14 98 47 10 82 86 19 77 88 91 88 73 64 85 59 30 10 67 44 4
484 20 293 19 90 49 31 61 69 85 28 62 24 17 7 50 41 22 77 8 55 84 99 48 45 26 40 68 20 17 24 94 63 26 24 31 90 99 43 11 95 100 64
485 20 250 36 26 47 35 6 97 92 55 63 31 32 29 9 24 19 71 42 6 80 94 26 59 74 61 8 92 8 34 6 87 41 93 66 87 65 86 15 87 100 2
486 20 412 78 59 95 25 92 63 92 15 65 43 80 22 85 43 91 80 65 69 89 66 60 76 60 90 41 15 56 88 69 79 13 9 78 7 2 26 81 60 84 2
487 20 329 39 16 97 26 73 39 15 72 64 24 86 16 8 64 14 90 90 46 88 54 16 1 61 78 22 18 78 42 37 97 33 59 46 32 80 43 73 46 77 22
488 20 317 18 23 69 6 67 12 58 97 4 16 77 56 10 25 47 61 42 19 66 60 93 17 96 8 65 9 29 47 80 17 46 91 53 95 29 88 38 36 72 52
489 20 288 34 57 22 32 64 46 46 14 76 55 16 33 8 85 45 59 33 71 71 83 32 16 66 3 99 80 6 21 90 5 9 92 11 10 88 93 61 16 85 77
490 20 288 47 58 45 70 51 15 68 59 75 45 3 63 13 93 96 18 79 30 28 12 80 82 88 85 1 75 1 54 46 21 31 15 76 1 92 69 32 42 11 71
491 20 282 41 71 93 71 10 31 15 76 19 49 47 83 38 20 79 26 29 54 40 7 42 91 96 6 28 22 85 68 71 32 96 90 14 24 1 60 43 16 54 25
492 20 328 15 17 13 94 25 54 64 17 28 57 81 32 93 6 75 100 37 44 56 14 42 94 86 40 70 76 85 4 92 24 2 85 65 65 16 42 71 70 78 5
493 20 293 9 68 88 7 70 4 9 97 17 98 9 70 87 9 41 92 35 45 90 73 5 93 95 67 66 23 32 88 10 35 18 42 85 16 89 55 22 58 100 1
494 20 318 37 37 49 96 39 90 37 94 62 55 41 98 81 82 48 71 62 76 32 61 76 97 69 37 44 77 51 1 12 7 67 43 27 26 59 46 98 70 72 74
495 20 258 23 29 76 98 69 74 4 59 31 60 72 3 78 9 14 24 69 83 92 43 43 21 10 80 53 27 6 27 58 98 25 1 77 27 25 74 18 51 20 1
496 20 284 100 27 74 60 27 40 25 26 97 81 13 66 39 82 27 50 77 49 53 29 34 91 43 76 70 96 22 50 4 79 19 19 64 8 39 31 76 45 46 80
497 20 318 63 7 40 76 58 96 81 74 93 86 90 22 50 1 4 99 70 54 76 91 71 80 24 31 60 2 58 90 77 80 30 38 7 54 41 99 9 40 61 43
498 20 353 78 56 14 39 49 3 79 43 75 96 97 99 88 65 43 10 43 31 12 56 77 13 73 34 79 63 71 82 60 38 40 19 58 63 59 52 59 19 24 94
499 20 318 92 49 92 98 74 67 10 80 44 94 53 3 38 74 30 39 30 67 77 21 49 26 45 10 66 37 37 56 56 9 90 25 74 77 13 70 5 95 86 83
500 20 344 88 72 50 86 15 57 13 97 83 93 100 83 76 55 51 21 50 27 71 47 77 80 70 30 12 47 18 9 79 86 76 74 46 93 67 22 62 47 45 19
