1 4 52 15 1 18 46 81 4 60 84
2 4 27 26 22 30 59 12 61 25 7
3 4 92 86 46 27 91 96 62 98 57
4 4 55 9 3 78 55 52 66 47 74
5 4 57 49 61 9 41 55 9 80 71
6 4 48 30 69 4 66 94 52 34 13
7 4 53 86 68 17 58 55 35 19 61
8 4 51 64 79 17 94 6 84 83 7
9 4 65 30 66 75 17 88 53 24 20
10 4 93 35 30 86 55 95 63 96 96
11 4 68 59 87 54 84 20 22 96 43
12 4 45 7 35 8 27 65 64 71 71
13 4 63 9 97 48 61 75 46 79 76
14 4 52 31 71 82 5 45 75 16 14
15 4 67 70 78 47 87 73 54 34 20
16 4 53 35 91 32 18 77 11 33 14
17 4 88 58 31 69 82 74 11 95 67
18 4 47 33 99 38 80 22 10 65 40
19 4 78 94 51 32 93 93 52 44 68
20 4 75 95 97 21 21 58 81 77 78
21 4 47 7 84 23 62 49 11 78 78
22 4 92 89 78 91 10 87 64 41 56
23 4 26 26 42 17 63 17 76 27 39
24 4 51 80 80 61 7 10 48 19 91
25 4 94 79 64 70 48 88 40 77 14
26 4 57 77 59 7 39 95 27 13 64
27 4 63 27 80 29 44 68 5 89 65
28 4 75 92 24 64 65 88 33 6 66
29 4 52 58 58 81 66 25 35 12 60
30 4 84 87 98 76 65 86 59 31 70
31 4 41 48 38 43 35 29 85 17 58
32 4 58 20 99 71 27 52 40 51 97
33 4 58 46 100 19 92 88 56 43 19
34 4 40 23 30 47 23 44 95 22 78
35 4 47 25 95 8 91 32 67 92 86
36 4 38 8 31 39 71 10 19 71 52
37 4 97 83 38 64 54 85 46 93 36
38 4 31 7 81 11 56 34 37 54 23
39 4 43 64 16 30 53 21 99 29 45
40 4 66 9 13 79 17 49 81 83 8
41 4 66 6 81 83 41 47 46 86 85
42 4 68 99 72 41 82 62 45 26 24
43 4 63 30 41 25 93 89 95 67 50
44 4 32 18 7 23 39 15 12 51 81
45 4 60 33 50 43 79 44 71 81 39
46 4 53 9 28 12 45 99 30 58 11
47 4 48 61 41 24 88 38 94 39 97
48 4 23 47 50 5 66 1 93 25 27
49 4 55 35 68 91 30 26 100 34 32
50 4 32 1 95 57 65 32 94 17 15
51 4 54 58 92 86 6 29 82 10 6
52 4 43 26 98 32 40 60 2 28 20
53 4 67 81 90 100 33 1 79 43 90
54 4 75 26 21 64 10 97 36 66 1
55 4 52 43 78 32 33 99 86 1 21
56 4 58 54 49 8 15 54 71 79 84
57 4 60 35 7 97 61 12 78 56 16
58 4 64 90 88 48 39 28 84 48 51
59 4 62 33 77 73 20 15 65 87 98
60 4 69 89 18 60 45 16 89 66 91
61 4 53 31 96 38 100 60 64 49 66
62 4 73 68 77 59 17 96 19 23 25
63 4 44 18 50 97 48 16 42 17 44
64 4 48 51 60 30 21 39 92 43 43
65 4 61 12 82 37 78 93 70 64 90
66 4 42 17 90 6 86 79 42 41 10
67 4 82 70 44 90 73 40 15 74 83
68 4 82 88 17 96 12 91 80 1 76
69 4 75 42 87 94 8 92 32 24 72
70 4 64 42 94 94 84 60 4 20 34
71 4 72 32 69 87 2 86 1 38 24
72 4 64 30 17 78 20 91 79 17 20
73 4 66 45 79 93 17 40 24 42 10
74 4 51 30 6 79 41 42 96 20 57
75 4 49 80 98 28 76 15 14 43 28
76 4 76 87 80 91 52 47 76 30 74
77 4 54 55 97 35 62 4 46 87 32
78 4 75 58 4 14 57 94 41 86 88
79 4 39 47 90 62 21 19 46 2 72
80 4 58 63 50 68 46 10 62 53 42
81 4 60 93 53 12 77 25 4 73 11
82 4 67 19 78 57 5 98 57 52 91
83 4 48 15 63 15 51 37 52 94 32
84 4 39 60 18 13 75 36 29 22 53
85 4 60 4 87 47 85 67 93 82 46
86 4 58 84 92 15 79 70 51 27 23
87 4 72 46 31 52 89 91 4 53 92
88 4 79 23 7 76 57 95 82 72 24
89 4 77 44 13 67 38 91 23 56 6
90 4 28 1 48 5 88 38 37 51 47
91 4 49 43 19 78 51 27 2 16 66
92 4 66 85 7 25 12 84 98 27 42
93 4 64 82 95 58 90 62 13 13 47
94 4 51 54 49 34 6 68 31 17 28
95 4 93 100 69 24 16 88 75 99 66
96 4 71 60 8 66 53 70 16 43 50
97 4 64 8 85 26 72 92 82 89 38
98 4 99 97 23 97 53 90 60 47 9
99 4 24 66 69 8 68 6 64 1 33
100 4 48 56 3 26 52 76 36 2 78
101 4 61 82 70 57 71 64 97 1 66
102 4 48 25 12 27 61 10 76 100 9
103 4 48 58 100 38 94 65 50 1 52
104 4 78 90 29 74 46 93 8 4 62
105 4 95 95 29 74 87 72 49 77 3
106 4 71 73 59 30 41 58 90 77 14
107 4 81 32 72 98 14 78 12 63 63
108 4 70 64 94 68 75 14 47 88 91
109 4 47 13 50 33 78 13 82 98 54
110 4 34 14 41 60 4 10 75 32 80
111 4 72 86 24 40 54 32 93 83 76
112 4 62 56 43 94 30 17 97 40 37
113 4 69 100 2 39 84 45 33 48 57
114 4 66 97 54 56 29 14 2 54 87
115 4 54 25 100 14 31 45 87 98 12
116 4 40 9 47 65 34 9 82 52 91
117 4 108 94 16 100 83 79 79 89 98
118 4 50 37 37 9 87 77 13 45 39
119 4 53 80 22 4 95 77 88 17 26
120 4 66 94 46 3 54 50 68 76 2
121 4 46 29 64 39 72 46 35 40 22
122 4 74 2 77 99 42 46 90 100 58
123 4 36 18 79 72 93 15 91 17 66
124 4 45 7 85 34 89 68 22 42 30
125 4 60 50 20 51 79 72 33 30 66
126 4 29 9 90 9 35 35 41 44 43
127 4 55 71 86 13 68 96 6 6 92
128 4 69 74 20 91 49 12 95 53 88
129 4 89 93 66 31 92 90 12 84 39
130 4 74 84 85 67 46 14 51 84 92
131 4 27 13 36 18 52 1 68 58 11
132 4 81 74 31 87 9 96 54 14 92
133 4 35 46 35 16 23 49 43 8 15
134 4 44 46 93 13 51 34 78 55 36
135 4 69 61 58 30 54 70 32 71 63
136 4 105 99 39 94 11 86 46 73 28
137 4 83 49 49 51 37 79 8 98 12
138 4 74 65 19 74 81 50 56 59 39
139 4 55 47 64 48 97 30 43 60 76
140 4 59 3 70 34 95 62 12 100 39
141 4 55 15 28 86 23 12 12 73 11
142 4 59 65 83 38 100 44 68 52 57
143 4 53 61 4 1 16 60 4 56 79
144 4 77 66 70 35 33 58 60 100 77
145 4 59 39 93 76 59 78 23 6 41
146 4 67 64 16 71 92 26 79 63 90
147 4 44 22 25 64 92 59 49 3 65
148 4 33 19 92 13 18 76 44 5 31
149 4 47 98 67 10 52 10 98 40 17
150 4 79 84 28 79 25 27 20 76 73
151 4 60 81 75 63 19 18 26 38 49
152 4 69 40 100 100 47 32 88 60 56
153 4 45 11 16 19 4 69 90 52 6
154 4 74 73 91 35 55 69 48 72 85
155 4 68 48 52 9 20 76 61 95 73
156 4 55 6 78 88 32 40 8 51 54
157 4 33 1 46 37 60 37 67 35 84
158 4 60 13 26 99 57 73 47 18 80
159 4 36 9 21 25 98 68 6 19 54
160 4 73 64 13 40 52 83 37 58 4
161 4 45 1 45 65 26 59 31 25 80
162 4 89 76 72 56 33 68 80 98 97
163 4 52 92 92 15 36 47 21 21 28
164 4 69 98 3 38 67 58 95 38 37
165 4 50 19 45 8 20 47 64 95 83
166 4 66 71 30 14 53 63 65 75 37
167 4 40 11 26 55 74 2 61 66 6
168 4 49 25 39 23 88 66 71 50 17
169 4 65 19 91 47 95 94 85 57 54
170 4 78 61 2 31 17 91 100 80 17
171 4 48 11 1 36 98 18 98 96 62
172 4 83 97 71 49 82 38 7 94 2
173 4 56 75 55 24 54 82 43 6 85
174 4 80 88 42 81 33 63 97 35 5
175 4 66 28 96 73 64 27 65 92 43
176 4 58 96 37 4 6 42 78 53 40
177 4 44 30 26 12 71 18 37 87 4
178 4 71 50 21 16 60 85 25 88 88
179 4 67 70 37 23 94 40 42 92 52
180 4 57 50 79 84 4 19 67 40 49
181 4 50 9 20 42 34 89 35 28 94
182 4 38 1 56 49 33 6 64 73 3
183 4 54 81 16 41 56 46 22 14 20
184 4 63 26 33 68 18 57 52 62 92
185 4 76 89 38 16 64 69 22 81 44
186 4 49 14 80 38 44 64 14 50 72
187 4 70 63 64 74 14 22 72 77 99
188 4 88 81 6 81 73 67 26 65 23
189 4 46 42 1 56 40 31 2 27 62
190 4 59 96 82 21 64 69 31 11 89
191 4 41 38 39 56 69 22 21 23 57
192 4 63 93 55 29 43 16 95 75 100
193 4 57 97 78 2 37 87 41 5 50
194 4 49 38 59 83 2 39 73 5 48
195 4 60 12 41 50 59 92 75 48 45
196 4 37 22 35 51 94 35 63 18 45
197 4 57 82 91 57 95 32 85 22 70
198 4 96 71 4 90 40 76 62 86 9
199 4 46 49 60 67 14 21 40 18 84
200 4 66 39 47 98 7 77 16 7 72
201 4 60 26 93 46 78 34 93 94 22
202 4 76 80 26 15 100 71 77 88 83
203 4 27 37 20 5 87 17 43 34 47
204 4 91 61 1 86 81 93 60 65 5
205 4 73 43 89 77 19 85 43 41 37
206 4 56 28 1 66 5 35 7 59 83
207 4 63 66 32 52 34 29 33 64 82
208 4 61 45 40 48 80 54 25 59 61
209 4 45 29 26 28 40 90 13 3 38
210 4 54 51 61 64 44 50 91 16 37
211 4 66 79 72 27 78 83 4 33 45
212 4 45 34 33 10 98 42 83 67 37
213 4 87 56 62 71 73 91 13 75 83
214 4 51 27 87 47 7 97 85 1 28
215 4 80 91 51 52 10 93 75 32 5
216 4 57 100 44 21 64 12 90 58 27
217 4 90 62 16 58 70 98 20 84 56
218 4 76 85 20 73 1 35 67 63 16
219 4 65 99 66 76 38 13 97 30 71
220 4 80 11 22 85 67 77 10 96 35
221 4 69 2 48 87 51 90 60 53 19
222 4 40 78 9 9 46 33 63 14 45
223 4 42 1 52 18 72 92 64 31 56
224 4 64 53 43 19 48 72 8 72 47
225 4 47 54 44 6 69 45 81 54 66
226 4 30 1 55 17 51 41 67 41 72
227 4 48 2 15 29 87 43 75 88 25
228 4 35 13 85 8 35 17 70 80 39
229 4 89 81 99 54 8 96 65 66 68
230 4 38 4 87 81 30 22 100 22 65
231 4 50 36 77 82 31 10 26 40 74
232 4 66 75 97 74 94 12 26 61 4
233 4 46 10 71 11 69 71 61 63 8
234 4 61 42 81 35 41 70 96 57 48
235 4 69 81 49 24 34 85 25 42 49
236 4 73 65 30 8 81 80 23 93 20
237 4 49 20 64 36 56 74 40 35 28
238 4 73 47 67 67 83 85 28 45 67
239 4 60 43 59 58 26 1 94 99 89
240 4 69 85 82 57 77 4 57 87 37
241 4 39 55 83 1 46 36 58 39 57
242 4 88 59 13 55 88 88 56 94 72
243 4 70 82 1 21 15 55 32 78 59
244 4 42 32 43 39 82 2 100 68 70
245 4 47 21 57 17 71 32 78 88 73
246 4 58 75 68 69 47 15 51 36 82
247 4 42 21 75 40 71 80 12 1 86
248 4 49 52 76 50 95 48 29 15 14
249 4 60 72 70 35 6 89 13 4 68
250 4 40 9 73 55 95 53 14 18 56
251 4 62 62 40 55 96 66 87 25 57
252 4 58 37 34 38 43 34 63 86 60
253 4 53 69 13 5 80 32 15 72 19
254 4 87 89 7 98 26 89 10 16 62
255 4 52 11 30 25 52 99 85 39 21
256 4 62 99 10 12 7 32 18 66 41
257 4 56 33 31 63 40 75 18 18 45
258 4 33 16 52 29 34 1 67 67 48
259 4 48 45 96 15 34 51 28 49 39
260 4 54 36 16 37 54 86 34 22 100
261 4 58 83 53 75 50 36 92 2 45
262 4 56 4 85 77 65 38 71 70 59
263 4 50 58 22 30 38 1 16 80 37
264 4 68 86 71 86 38 19 92 37 28
265 4 76 98 72 18 65 45 91 94 94
266 4 27 14 9 23 46 43 35 13 13
267 4 89 100 63 72 42 62 30 63 67
268 4 84 89 26 76 58 85 17 33 48
269 4 69 90 50 11 13 42 91 90 100
270 4 31 30 53 3 25 36 24 35 25
271 4 54 24 52 78 85 31 66 48 37
272 4 58 86 61 22 77 80 44 7 83
273 4 65 90 21 16 49 15 44 97 44
274 4 66 75 70 82 47 47 25 19 31
275 4 67 89 8 60 1 44 64 31 65
276 4 63 89 41 34 72 25 91 64 24
277 4 66 93 99 43 29 54 4 31 65
278 4 58 28 1 9 26 83 99 74 78
279 4 64 43 6 18 98 76 69 77 38
280 4 69 48 43 83 86 27 40 74 65
281 4 62 38 27 58 86 17 35 95 40
282 4 15 9 78 4 94 36 89 3 13
283 4 47 13 36 35 95 29 99 81 24
284 4 78 100 91 24 54 73 71 65 2
285 4 42 67 11 5 96 17 19 53 24
286 4 80 59 67 86 29 100 98 23 87
287 4 60 65 26 82 43 18 23 37 25
288 4 29 14 45 2 57 56 48 27 42
289 4 47 65 61 12 57 52 94 28 3
290 4 73 64 58 78 2 27 49 75 40
291 4 83 70 33 91 66 78 65 39 56
292 4 53 62 74 19 15 45 68 51 93
293 4 36 32 69 36 47 39 96 13 46
294 4 54 20 55 36 88 78 23 48 45
295 4 41 54 93 60 70 2 55 22 16
296 4 38 58 55 34 19 29 13 8 16
297 4 34 34 11 36 76 13 84 32 24
298 4 34 10 34 44 22 16 31 46 81
299 4 46 69 84 23 85 49 83 13 10
300 4 68 44 6 79 67 63 28 43 62
301 4 74 68 14 92 91 15 36 73 9
302 4 89 95 80 65 82 93 7 44 15
303 4 49 89 3 38 10 13 60 24 68
304 4 72 94 81 39 98 92 74 17 37
305 4 79 80 64 46 92 63 1 75 78
306 4 55 7 100 65 77 45 83 68 60
307 4 62 27 86 10 14 76 50 95 99
308 4 41 15 41 50 36 10 84 62 9
309 4 79 100 81 90 48 36 33 40 73
310 4 53 16 71 6 95 76 84 79 51
311 4 44 11 81 8 14 98 44 30 43
312 4 52 34 87 27 21 96 49 18 28
313 4 73 36 91 49 6 63 41 97 17
314 4 70 10 81 82 15 62 11 80 30
315 4 23 2 76 56 100 7 87 14 30
316 4 57 10 45 27 22 64 100 91 95
317 4 44 6 11 83 88 9 85 51 96
318 4 52 98 9 7 90 32 77 38 75
319 4 51 5 67 56 96 82 19 27 3
320 4 80 90 63 67 20 56 29 54 53
321 4 17 1 72 15 49 35 89 6 77
322 4 33 33 42 40 82 24 69 14 65
323 4 50 39 94 34 11 24 26 70 67
324 4 45 34 59 38 87 35 58 43 98
325 4 67 5 75 51 97 97 84 71 41
326 4 24 20 52 32 14 6 28 24 29
327 4 60 1 98 61 80 96 77 43 30
328 4 72 72 67 86 84 66 89 16 38
329 4 70 95 67 59 15 29 17 51 91
330 4 53 64 8 14 46 4 77 95 88
331 4 79 78 97 86 51 46 49 55 60
332 4 55 2 54 78 98 11 98 95 60
333 4 62 8 66 40 25 77 22 82 97
334 4 28 19 25 40 4 28 15 7 4
335 4 56 21 12 55 72 16 60 97 87
336 4 59 51 25 1 41 49 14 98 76
337 4 63 86 24 24 79 81 79 21 21
338 4 76 82 2 54 22 30 46 88 52
339 4 46 10 89 37 62 94 42 14 95
340 4 94 91 4 60 19 71 63 92 18
341 4 65 41 15 78 79 16 14 83 30
342 4 48 80 54 54 49 13 4 14 57
343 4 64 91 33 71 40 19 7 35 57
344 4 63 62 13 70 19 62 29 16 95
345 4 83 70 100 68 63 81 61 58 76
346 4 73 89 10 37 70 73 93 46 81
347 4 60 60 84 42 8 63 45 36 57
348 4 67 64 78 41 79 62 81 57 70
349 4 94 91 21 52 82 91 41 80 14
350 4 41 55 71 25 52 57 44 2 51
351 4 74 72 96 53 3 45 90 79 12
352 4 58 34 79 97 49 28 55 36 71
353 4 70 30 30 17 5 94 39 94 51
354 4 46 77 97 1 56 67 17 11 70
355 4 59 76 44 79 23 5 15 39 21
356 4 40 8 65 13 89 73 2 40 41
357 4 46 56 55 32 89 41 10 26 47
358 4 58 48 62 78 14 46 39 24 31
359 4 54 61 66 40 24 70 43 12 20
360 4 42 43 56 28 46 56 83 16 85
361 4 64 96 1 63 96 46 8 9 88
362 4 89 59 7 91 41 68 57 81 47
363 4 64 79 29 31 41 10 14 96 3
364 4 85 65 20 52 70 91 87 77 73
365 4 35 32 16 12 92 4 46 70 88
366 4 49 22 35 49 41 65 24 28 67
367 4 67 48 64 69 72 75 18 33 43
368 4 56 26 49 39 36 96 25 28 96
369 4 64 48 32 79 64 7 40 81 48
370 4 67 70 25 1 60 76 13 79 51
371 4 66 62 24 95 73 54 37 12 67
372 4 54 19 98 98 87 5 84 58 91
373 4 78 70 29 78 80 80 92 32 15
374 4 68 67 13 74 64 6 15 80 76
375 4 61 12 18 80 9 100 9 12 27
376 4 56 31 36 83 28 6 66 67 61
377 4 69 78 1 50 18 24 99 79 42
378 4 31 46 37 12 24 35 1 13 5
379 4 54 3 26 4 7 79 61 94 58
380 4 64 100 5 40 87 31 58 44 67
381 4 58 43 60 24 77 97 71 31 5
382 4 74 29 80 81 93 70 61 68 83
383 4 50 16 81 78 32 22 24 52 55
384 4 45 21 51 5 65 69 26 55 27
385 4 53 4 58 21 17 78 32 76 40
386 4 85 100 44 98 70 9 92 77 33
387 4 77 86 92 86 73 20 5 66 96
388 4 41 32 84 20 1 77 35 8 21
389 4 55 73 83 45 57 31 52 36 76
390 4 50 20 63 37 62 34 18 78 41
391 4 103 91 70 98 29 82 76 73 45
392 4 91 99 10 93 24 53 81 60 21
393 4 70 68 33 92 79 64 92 11 15
394 4 58 11 47 81 29 97 80 6 72
395 4 91 53 82 59 88 97 70 96 64
396 4 49 46 68 22 86 8 16 90 33
397 4 63 99 92 8 94 44 71 60 9
398 4 64 64 65 54 51 11 51 87 72
399 4 81 88 44 11 58 87 51 87 95
400 4 64 30 38 53 82 54 18 77 56
401 4 63 74 81 46 74 16 6 77 81
402 4 42 51 1 69 77 17 68 5 4
403 4 65 91 96 26 5 17 1 83 9
404 4 82 42 63 74 16 84 3 75 90
405 4 41 20 26 65 28 46 43 8 54
406 4 49 11 72 86 21 26 42 41 38
407 4 59 48 55 65 76 63 36 21 17
408 4 58 81 62 14 44 7 49 92 27
409 4 49 83 24 51 6 6 96 24 24
410 4 84 67 33 95 10 48 19 71 22
411 4 61 22 14 61 85 30 38 91 83
412 4 41 61 30 15 86 16 81 47 30
413 4 73 60 67 11 82 83 72 91 72
414 4 66 6 23 64 94 70 37 80 16
415 4 84 90 88 54 9 60 49 79 85
416 4 56 57 75 66 44 45 89 21 97
417 4 65 19 16 80 87 46 85 74 60
418 4 69 68 75 97 8 45 43 20 57
419 4 59 23 95 41 55 40 61 93 29
420 4 60 30 71 98 89 28 88 44 88
421 4 66 1 1 94 40 33 62 95 97
422 4 70 24 64 63 19 67 78 81 75
423 4 33 15 40 38 100 38 72 20 51
424 4 41 26 28 39 67 7 7 67 98
425 4 56 12 92 98 72 3 74 75 19
426 4 72 85 24 22 96 80 1 54 90
427 4 75 62 28 81 52 70 24 38 45
428 4 96 81 66 89 2 95 90 57 80
429 4 55 62 17 32 19 5 16 87 94
430 4 36 33 52 69 31 6 27 14 29
431 4 71 9 33 59 60 75 47 95 28
432 4 61 52 45 64 23 18 63 71 84
433 4 86 48 60 67 5 77 8 96 84
434 4 65 23 17 67 43 32 16 97 43
435 4 53 100 54 42 4 27 24 10 29
436 4 72 78 22 76 46 58 100 31 35
437 4 84 94 82 37 50 59 28 90 2
438 4 60 81 82 41 93 61 74 18 9
439 4 69 38 91 56 69 89 54 48 92
440 4 70 77 70 79 5 60 80 19 28
441 4 34 27 28 52 75 26 91 9 61
442 4 29 41 72 36 71 8 36 13 82
443 4 54 99 30 8 35 69 74 6 69
444 4 16 6 87 11 62 11 54 26 30
445 4 83 80 47 48 65 82 45 67 11
446 4 42 8 64 98 23 26 13 8 48
447 4 98 91 63 83 66 70 36 85 96
448 4 95 83 71 81 41 99 6 55 72
449 4 58 90 67 66 74 17 43 23 82
450 4 39 64 62 55 5 13 95 1 19
451 4 77 87 74 81 30 3 92 86 30
452 4 37 38 16 40 62 2 50 44 61
453 4 87 75 44 73 19 63 95 82 27
454 4 62 98 70 26 100 38 54 46 5
455 4 26 13 51 19 10 50 35 6 81
456 4 78 83 12 86 45 17 65 77 62
457 4 66 40 73 28 48 68 62 84 40
458 4 36 24 23 15 38 33 40 49 5
459 4 31 54 81 38 76 4 92 8 8
460 4 57 90 32 84 53 7 88 10 91
461 4 64 18 83 69 88 97 34 31 18
462 4 65 32 11 93 94 3 5 89 37
463 4 58 64 66 27 49 96 16 8 51
464 4 21 17 84 15 37 23 85 18 25
465 4 57 30 37 90 29 20 30 50 19
466 4 68 80 85 57 65 82 19 9 17
467 4 65 40 92 29 37 56 33 92 12
468 4 60 56 9 62 10 50 79 35 69
469 4 26 36 45 14 86 10 7 28 71
470 4 59 13 91 87 26 46 9 52 35
471 4 65 43 30 41 33 84 38 50 12
472 4 48 66 70 5 36 78 40 13 7
473 4 75 90 93 91 14 7 17 62 86
474 4 58 56 51 36 63 12 57 92 86
475 4 48 37 76 80 52 37 89 9 98
476 4 49 22 6 75 7 11 10 56 95
477 4 65 29 36 41 94 65 26 83 24
478 4 69 80 95 76 58 55 72 22 54
479 4 64 78 5 39 97 63 37 36 63
480 4 58 95 64 38 57 18 27 44 48
481 4 53 66 89 34 12 14 56 64 76
482 4 53 58 94 1 9 64 45 54 9
483 4 53 30 10 21 15 44 57 84 66
484 4 75 76 53 69 18 85 9 21 7
485 4 34 35 22 48 86 15 85 16 92
486 4 21 16 85 18 53 26 15 12 82
487 4 50 18 43 28 9 81 38 41 24
488 4 65 26 64 92 8 30 79 71 56
489 4 87 58 27 84 15 69 12 81 62
490 4 63 38 72 79 100 38 46 56 7
491 4 64 21 26 22 59 81 87 91 48
492 4 41 19 78 32 79 78 65 8 57
493 4 10 10 44 1 7 8 48 17 13
494 4 72 61 45 89 7 87 21 3 43
495 4 86 64 17 88 62 77 11 59 52
496 4 41 95 69 1 7 21 35 22 83
497 4 46 7 36 66 82 24 60 58 58
498 4 91 94 23 65 20 93 91 54 86
499 4 69 53 24 9 82 96 70 75 84
500 4 33 4 42 58 48 35 59 14 21
