1 10 152412 5559 47 6637 17476 31278 1441 23012 32265 4204 9997 8360 11406 22649 4631 23274 9363 2337 21982 33124 17678
2 10 189012 34880 36789 23852 37817 21875 1121 3420 1079 30025 21164 19880 25524 18172 28269 7735 18785 23603 3445 15519 21004
3 10 186002 30961 27169 19574 11465 26700 1225 25405 36209 20103 12904 5012 1152 32978 25952 6552 22108 21202 13542 7305 23269
4 10 144499 24761 30578 6425 36240 2268 32215 32080 2681 13666 11344 25313 28663 6271 33946 20498 9064 7610 26102 13213 11512
5 10 206270 21248 36506 24313 36912 36973 8243 22731 33367 20702 32217 7671 8329 36803 16520 22897 2584 13350 2753 10439 25130
6 10 200290 27399 27114 9595 3327 37242 18463 23474 28745 17567 30259 29053 26739 11864 27379 31437 1780 17321 28765 5880 5332
7 10 173775 26794 30194 18024 33552 27950 20838 12853 7657 23992 13549 35007 12210 6757 29726 4151 12746 5294 18233 22100 11776
8 10 177861 31667 28638 3917 36741 25771 1824 12446 37982 14669 30771 8471 3870 24855 15153 10082 36092 19443 12099 35902 35855
9 10 197500 16906 26009 24686 36517 37380 8022 7794 22251 30973 29778 29960 28262 2629 32475 8807 23886 18729 3929 30031 29894
10 10 228551 34290 29896 35042 3711 33518 24719 15824 21400 7118 10053 15936 6195 24303 6259 29187 10366 14757 34324 30605 30806
11 10 230220 2488 3825 18421 7263 34988 21575 30319 24534 26774 18382 33722 15434 29751 5084 28376 29797 22676 2421 14822 36699
12 10 183179 4814 24657 17555 10205 30809 10945 16806 26139 1670 34433 24955 20427 35553 8966 24556 25000 33943 12529 2160 25526
13 10 206517 22252 22301 31286 25434 9364 13261 4407 23156 19408 33391 37931 29055 24821 33007 22676 11928 27008 31949 18234 14505
14 10 241561 13194 10841 32866 6459 22387 36111 7505 38308 27258 10242 20018 15381 19464 37552 37922 17686 38404 7147 35257 33855
15 10 163605 16351 7133 8973 8733 11576 17917 8605 16777 36527 8431 30052 15772 9458 36475 2874 35156 12316 25656 35484 33235
16 10 123150 3091 11617 14954 27113 3744 7079 27463 19761 10848 31927 14636 24420 20855 32548 17769 35800 13680 386 2592 31223
17 10 133679 21628 12836 13948 20642 8613 17337 24413 6074 11385 20448 7845 37971 11126 17414 30538 3234 4770 30353 6449 18958
18 10 223311 31834 2711 18563 1986 31337 31787 15534 18086 17547 33177 32687 4566 38326 27499 15564 31468 23773 17183 9900 9159
19 10 150949 11476 15699 9401 35880 34417 36640 25909 19265 12073 6681 2393 8696 14846 5805 4598 19674 31193 33646 12588 19251
20 10 190590 30510 17026 27101 31005 14873 27797 3395 10598 4601 17137 38306 11605 22149 4230 10165 23369 15508 9058 34014 14597
21 10 191853 14941 37209 24067 17854 19340 1622 25487 276 35926 9377 10380 12738 13454 26189 35225 11425 9971 38445 13160 12253
22 10 126567 139 36574 21953 24839 12363 36083 6570 5494 10952 22439 35535 32950 2086 11161 31596 3566 2245 1299 9790 37752
23 10 129318 15154 23160 566 10684 7396 28864 30983 34647 38708 12542 201 30474 16608 34734 14647 10066 8086 24457 3776 37275
24 10 186433 25535 251 12853 16579 29939 12204 12517 37980 33080 2 7998 35911 20752 18920 2738 5770 20610 27312 30224 32459
25 10 203560 13459 2570 37274 23292 4624 29919 21552 5833 24453 34666 33855 18266 14912 10743 32363 18256 19387 8554 12395 29598
26 10 239507 7479 5427 24980 33527 37631 22905 34123 6739 22879 17315 5820 34201 25264 34987 18303 11666 36967 14539 38667 23018
27 10 124231 18616 25466 3181 26037 29662 22841 6344 37012 7249 8800 9604 20284 6657 19121 37179 18311 5903 16258 6375 17030
28 10 210765 19532 22991 11252 8115 14898 35288 16599 16271 29700 4624 31538 13984 30168 35623 26974 24496 34680 30931 6517 34754
29 10 180132 32909 30517 16050 15749 3867 14529 26874 16976 34748 27993 15194 5807 28486 31972 20742 33939 6282 37088 4461 34973
30 10 180500 95 29047 30858 16102 33475 36072 2900 35406 12300 9188 27501 2124 15959 36360 36159 32514 23015 1497 7739 12914
31 10 165760 12229 26619 33538 403 33283 127 14547 9004 11492 11465 6204 30123 7712 34935 30458 6497 7633 25410 17389 30270
32 10 144572 6370 15247 9086 15903 3546 15924 11492 2269 30561 15811 16046 36971 7427 21831 610 30870 37871 10829 29173 5422
33 10 207286 16646 10553 24221 33628 30705 35189 19862 17991 29058 11552 28549 13835 21018 37426 13483 23716 1245 17785 33409 12207
34 10 223449 22284 1404 5141 21891 36104 15499 33160 33685 26621 17862 34573 23857 7815 7044 17463 735 27695 20369 24354 19107
35 10 177669 17440 3515 23960 20197 15900 10559 35777 20501 4555 29731 9317 1276 28014 4039 20288 7235 30139 21963 1630 37805
36 10 173202 19786 35137 36935 5450 24037 5550 19513 14101 19801 36040 12247 2867 22925 6787 4973 28975 13757 10981 8344 20334
37 10 206368 1481 33612 18189 32849 25554 35809 31711 17664 28496 32242 35324 5469 30307 26860 19555 10093 8896 12369 17717 11866
38 10 192909 34174 34995 1392 20389 35338 14058 8894 2485 29273 22042 36620 31420 27869 9114 10136 16869 5019 25728 14348 35056
39 10 174159 21568 2172 14728 147 18237 1644 33880 14526 14079 19581 17964 23450 16572 7143 29817 19426 10327 734 6154 25489
40 10 221796 32836 2569 9563 4494 32419 37654 10080 16211 33603 31565 36665 22123 34751 23675 4719 4745 17949 9492 20885 18748
41 10 194672 2195 26060 11937 6398 10819 22046 38534 26591 9139 6069 33784 28733 38293 25355 36753 23190 2981 25227 20483 26822
42 10 264627 16556 19109 28393 2765 32748 10007 27643 35430 31404 34117 14379 11347 37433 8839 37348 20518 34800 23019 17851 3112
43 10 136522 25241 26594 3062 26141 2157 24656 99 12467 16684 21317 917 9875 20054 29293 13831 749 29975 715 31688 26825
44 10 228891 27392 24763 37441 242 25246 37522 9609 4566 10368 23494 3611 29160 38360 3175 14213 22183 38360 14498 36338 25076
45 10 172905 314 19955 3871 34788 11141 28440 17661 35807 2877 1236 23996 18735 36514 10842 28449 33641 27624 18921 29559 918
46 10 187738 27922 22713 11598 15771 22325 34517 29720 5163 20514 12160 27591 37887 5066 30041 4323 24383 24117 14928 24443 36007
47 10 169265 28672 5164 18119 33848 35105 20299 4702 19151 12598 29847 5012 31519 37768 20775 19089 5206 15698 23005 1411 3828
48 10 180936 12034 30668 4579 33216 9156 15111 20526 12359 35753 32036 29144 26380 21339 16458 36091 11464 6463 37363 15374 14261
49 10 176604 38562 517 14723 32469 17395 12706 18567 21697 20976 37476 20895 21332 11127 5414 773 20886 33554 30639 9327 38390
50 10 146051 11747 17316 33503 37606 4438 32367 3128 17999 24819 12994 3236 31731 19815 35155 15048 36122 5966 38654 32038 30324
51 10 178155 34186 37851 17424 14083 14302 3420 33447 29491 4753 17281 15079 574 30884 8427 1420 36449 29649 33683 6388 9892
52 10 166595 36065 17667 899 20675 19342 26032 29247 662 15214 11160 24565 14951 27853 17770 13452 15394 8239 33164 488 29619
53 10 208059 15886 17660 34819 38350 22452 18316 6907 30337 27708 35762 5437 35187 6329 25418 32267 2426 32816 13050 34389 26092
54 10 128553 16229 11308 6034 19176 7617 19496 30578 27861 12546 11565 25454 24664 3465 34810 3232 13507 13178 15702 16986 16643
55 10 210643 27274 32944 5019 26241 36791 2158 2018 35370 18049 28539 7672 35165 18702 4530 36601 20504 33695 3016 35909 25308
56 10 210585 35453 34626 4283 32486 14830 15552 32450 32888 25725 17563 5406 19623 32343 35593 37358 4817 13717 6698 20104 233
57 10 139470 22344 3907 8559 28479 11668 33412 3215 37015 20618 5334 35341 27215 17498 13330 6054 8575 18619 16451 2895 5753
58 10 184757 17504 35623 4937 19441 12929 29847 21185 13817 20185 23363 22220 11530 20865 26885 12209 27307 24196 36698 38252 15070
59 10 193159 4144 33117 17715 28168 10490 19424 18818 18641 19665 14126 30463 2853 37776 4505 26208 24866 6997 28461 31050 19331
60 10 208878 22585 14747 13889 18150 24720 18422 37460 11611 16329 23098 29039 7254 780 27082 12907 36618 23779 4407 38384 15045
61 10 231607 5484 10569 33120 8711 4340 4469 28014 4258 31165 24989 31907 14360 38454 16978 26151 19956 21723 29189 23439 1185
62 10 186659 6047 22923 1379 21464 30557 31970 25454 26870 13363 12450 22435 23082 38680 29659 156 14766 35860 29076 22553 30183
63 10 157119 2009 15503 420 24603 5965 27283 35574 9729 30300 24057 34645 20820 8375 9423 24504 35577 22667 18945 930 24932
64 10 177342 7218 35274 4751 6931 29191 16713 1770 11693 21201 37768 25921 3690 19828 3836 37877 15353 6487 3472 32432 10519
65 10 205170 9568 10144 7684 29380 28227 27277 31249 28969 24110 7001 6914 9832 14351 18693 37450 15148 38436 38613 17980 12166
66 10 162610 22847 21572 8533 4233 5892 7266 1441 26341 34621 19975 1962 13608 28110 35073 13363 20989 26530 18263 27870 32902
67 10 157618 18329 19921 3153 7586 29310 23351 36718 28223 12194 2035 29849 34063 12180 15260 3073 19742 20804 30714 304 17762
68 10 220994 23151 14153 25792 13362 32256 16485 4838 9919 38270 21931 28025 17892 6953 30787 27447 3242 8058 9494 37836 26129
69 10 108546 7207 20594 9445 24673 4828 15212 20000 31868 14071 22192 1543 21162 129 17311 24892 10035 22619 11809 9525 30954
70 10 215618 29266 27584 21470 12584 26182 30628 37861 37496 6329 35522 35428 5623 13925 18063 8059 8021 10759 28494 37688 814
71 10 172682 25916 22382 36657 14615 14260 17612 7209 17288 3031 7618 17835 24595 36490 31833 8461 27242 11569 5120 20343 24300
72 10 156453 28659 14260 9265 4116 9886 21185 28531 609 23358 25295 2095 18958 9456 14858 8876 33816 25472 27180 19090 6550
73 10 164703 7225 35056 18114 36582 36038 32581 21929 20586 34022 23439 691 11720 6558 34865 38536 30928 6305 16092 3954 347
74 10 258931 37634 6740 37765 37086 23754 5996 37290 27185 18935 31413 14396 2663 36299 602 24357 28964 21244 8963 20885 31446
75 10 169498 2062 32721 24829 33924 15885 30977 12606 24171 37185 13520 1583 5689 10652 37137 27899 24429 10410 24865 35308 16499
76 10 149912 36836 14141 1433 2247 15890 30164 20228 15461 11634 11280 9900 4536 27317 6954 14222 33601 1277 1562 19066 7914
77 10 195316 22989 32856 9395 33736 34026 17998 26752 14179 8773 36354 15160 16218 35534 19751 20952 19333 30546 32490 1469 7053
78 10 154661 15358 18828 28503 3264 7589 15930 13011 34197 13460 10635 36098 35495 12 21378 18720 12698 1953 24720 28098 837
79 10 171741 31296 5817 15722 21384 17534 8230 5102 7443 1902 10054 12472 26129 6952 22019 20051 23804 35459 38004 34291 14453
80 10 148526 24431 26634 8391 30985 16833 38054 5402 30945 14646 16787 24690 5317 19237 27494 12907 24135 24413 28357 5394 8134
81 10 148060 29525 37996 17677 31197 2182 31099 27888 25594 9841 25153 8865 9682 16037 321 21554 15397 12001 559 10283 23920
82 10 208793 36783 31469 7767 24614 26502 11739 3879 34286 37879 14487 14912 21679 26424 8297 7781 8861 22010 23386 35846 21092
83 10 206165 16519 5942 36410 28833 38615 17900 37189 29990 771 14258 33478 15727 1904 18984 29134 14647 22587 31893 409 14769
84 10 128445 1718 18283 1236 4461 15621 19352 22486 35349 28793 18479 17360 28691 8177 13517 19672 36159 13238 24003 6905 17306
85 10 157690 31461 35087 21770 36418 12145 32540 8374 27050 29814 27198 1225 34753 15246 29386 23845 33056 3177 20786 18933 23068
86 10 213144 5036 7765 15471 6938 32481 15849 14883 18157 37861 2382 29609 5825 2647 27739 20808 9760 35735 17463 29832 12850
87 10 173288 36316 8261 898 30959 9897 5464 38599 27257 29733 33853 32027 6130 14192 7666 1670 33376 6266 16636 12811 17972
88 10 191923 23502 176 32912 31067 35900 23203 25055 1884 1928 16495 34200 29503 7346 32839 16457 15594 14204 12772 10521 244
89 10 155386 1719 13190 2662 22664 31863 23408 25182 12171 19940 13147 11210 12421 24481 31585 353 17304 15320 18354 30835 20868
90 10 143846 22784 23328 14453 10853 10011 10796 15380 34748 4772 849 14570 30596 19569 23568 24775 16761 19140 35064 5963 14297
91 10 215499 30516 27571 10136 30105 31913 1529 12585 17140 23932 13060 12581 3833 37584 16214 31886 25647 14297 2516 21412 23798
92 10 166672 28106 34975 4683 28902 31944 14960 10360 33450 17813 2382 37295 32699 221 10804 21813 34971 19369 19765 3841 35876
93 10 207887 12383 1740 3605 38337 16870 8064 24660 4359 34628 22300 10431 1946 23791 6160 22363 26970 37610 7506 32488 21566
94 10 201688 32622 7392 28165 374 13332 25757 24308 6154 5778 38256 25205 29416 14422 4959 37201 11346 27129 7109 4142 8360
95 10 158016 25597 29623 3676 37084 13266 20906 396 18313 33608 19590 34603 23106 20190 7199 14127 30162 3241 3122 17629 12442
96 10 179278 5360 17346 6896 242 19958 6712 27658 35412 24461 11673 21562 35266 20452 16550 7043 18350 27599 2765 27725 17922
97 10 167250 20648 16759 1951 26509 17295 30991 20668 25197 21288 357 21058 6248 19534 15752 25672 15739 27497 2091 442 5650
98 10 182624 33408 16581 28877 34066 9569 2258 4818 32860 2885 13416 6442 26957 30896 15094 34442 31172 38051 20795 2848 37104
99 10 195227 25268 26087 7686 1230 33494 31314 11366 8184 38396 8401 25039 22688 13887 29497 31374 11665 3654 9922 15339 28471
100 10 203476 28761 37229 28550 36255 4616 9961 23479 1417 32495 3539 27460 3971 26617 27358 23430 24215 2744 25966 16034 31079
101 10 223611 15726 27078 36886 21757 18331 32232 31320 18922 8985 12980 32657 9363 16002 18638 32982 24853 11324 3005 31168 30868
102 10 195546 36001 7733 4075 7702 24745 13893 21517 28357 15334 13211 10770 6734 17877 25624 25840 31881 32642 10822 17037 25860
103 10 197633 16639 22671 22304 10010 108 36111 37960 34381 12727 32568 31565 21884 29730 1283 21826 33334 13938 4745 21238 32104
104 10 203277 17622 13795 22413 14783 21880 29048 22562 4659 20926 33794 34030 21652 36157 27505 32508 31516 365 7808 5513 21098
105 10 208402 29976 22625 15548 12190 16478 14929 31463 636 38708 26161 26989 5456 7962 22021 6206 27428 12072 29829 33969 27998
106 10 193416 28727 25970 26327 18010 5740 19498 13879 31472 14969 8067 28878 15181 27300 30749 4556 25 33175 21070 20045 29253
107 10 199929 36523 18514 11141 5798 5046 23109 27824 26916 13549 2169 34438 4894 1419 26159 15742 3388 28197 21102 36573 20432
108 10 198284 6835 21580 19937 23971 15101 21230 36827 25503 33443 9625 22008 730 14070 13054 14464 16351 12816 24127 33219 23111
109 10 118786 26643 4870 1865 30774 12040 5779 27793 7131 13008 34212 2420 37662 9696 34320 3595 6085 23916 5585 4062 11443
110 10 190626 19855 38094 32813 14957 7775 118 38120 3577 4325 2479 12158 6881 25232 15641 33255 12710 11772 24063 15354 28791
111 10 169697 6661 17083 33923 5982 19785 11035 12928 5 25789 25916 18479 19547 17219 36862 5770 13161 19393 10683 18682 14955
112 10 169423 13924 5837 13945 20658 33194 12874 8493 38547 15044 32044 20443 28666 19067 13889 35530 748 17292 31371 1409 32650
113 10 193478 25096 14554 27441 26900 22659 27623 22117 8389 11510 14613 58 6006 30693 14070 22016 33022 27468 33064 14604 7030
114 10 184450 14064 10837 20986 37695 27614 6798 25022 17064 35044 36195 36265 19292 5285 3228 8545 17641 16624 13244 4709 4780
115 10 213468 38549 24073 27665 16201 23664 11249 24278 25935 19219 34365 9690 29073 22419 32887 6299 12506 18256 26087 34665 19053
116 10 178851 4681 16024 34944 34550 38533 38344 11522 20142 887 9638 13837 8948 13367 9466 17812 9202 20025 29921 32657 11654
117 10 226306 18493 13967 34929 33202 23383 8317 29577 30714 16653 2685 31771 11904 34599 7926 6063 18840 5451 16878 37298 16760
118 10 185611 28650 27062 31661 18152 18149 9521 7090 11962 22610 34356 2813 23182 256 16776 24637 11744 25159 21045 34356 15604
119 10 185835 27755 9631 35009 24675 9152 12400 35725 38041 16445 11161 20706 1513 11737 24930 29321 10701 9 3426 9757 31972
120 10 194598 28535 30164 6181 16639 2109 6898 37735 29196 26675 29742 14704 27511 18467 16488 31858 33203 10122 15330 28454 24859
121 10 188468 14470 10296 22100 33227 6283 13549 36605 15286 8939 3171 30192 1169 36016 13670 34412 1159 4678 4807 4693 13894
122 10 217558 36696 11121 38326 31222 9005 17191 38584 35134 9234 20741 28093 27408 24842 653 2962 25716 4203 1597 37064 6302
123 10 227832 20202 8940 34058 22724 25731 32940 10925 38467 37936 8887 33304 29462 25164 9940 31635 16346 6828 8571 14041 9487
124 10 154706 5147 17196 389 22010 21603 18380 10274 16254 18714 25045 23422 4491 21692 19889 36159 10638 1051 34457 24398 22424
125 10 173214 748 10346 18813 28701 15139 16315 26838 12741 35013 25492 29907 25151 14765 21354 7069 23855 28458 7094 5581 17197
126 10 212276 19608 35764 34905 12035 26384 13767 17892 15052 36955 4821 17706 23092 7717 20993 13898 33974 30167 8671 18217 17162
127 10 116515 20681 35858 22856 26825 464 21153 8493 6077 18353 22303 21081 13014 7074 11162 4702 2865 5927 22876 13017 3895
128 10 202078 29321 4724 32192 12054 8931 19432 3866 12872 16813 8263 5975 11820 17511 31330 32788 26497 32423 8716 32894 18821
129 10 169309 4750 3794 15810 16737 1983 30296 25562 24318 10634 16364 23918 1305 26140 5173 35453 34906 5751 13891 28219 3248
130 10 203828 36490 30598 24791 31548 35904 2703 16650 5655 10687 34148 1135 14601 3674 4729 22895 9030 26177 7166 36153 31041
131 10 263150 37653 35539 28518 6346 14300 24376 30799 24538 17767 35372 24315 334 28908 29882 26501 2499 38608 25080 29631 17373
132 10 171989 26129 22975 6781 10253 33214 3834 5308 29272 19002 36501 38293 14477 5495 15502 19258 13579 3762 32339 23800 3212
133 10 236985 38479 31103 34817 18550 13655 12774 15130 27993 27908 5965 27414 2105 36561 29357 32168 30288 19429 8983 3897 30989
134 10 153149 5056 37587 16850 11385 16442 23031 12972 33461 10068 7850 37145 18709 6917 10487 18409 13659 35108 18697 2243 24139
135 10 124716 37179 6385 12166 3816 31270 31519 5789 23976 4005 30869 11492 30868 390 29254 21460 38514 2384 33502 5146 11390
136 10 210281 3514 17047 10227 8186 24593 38588 35158 36736 2541 2220 3964 31944 33899 3418 32876 19725 36789 35628 37788 3207
137 10 189911 34788 12320 29466 14340 28918 4404 1727 25559 21579 36981 31526 7219 10312 938 9849 34461 24178 25767 7564 21568
138 10 188380 20876 20144 24607 156 27781 5666 18853 13255 34420 2293 29510 13597 12687 15898 15223 31723 9168 26704 5170 25007
139 10 204729 14995 36137 13139 4098 8942 9684 26901 25820 33398 13055 22569 14492 33477 13454 22276 16324 37880 30981 1928 28753
140 10 202754 37498 37168 32196 27197 15798 20760 7702 19816 12224 5237 2109 10804 9023 10842 28692 267 37578 23260 30606 36876
141 10 213073 16411 11594 10717 27809 25901 32984 32252 25406 34282 5969 14669 21561 36746 25929 22494 5650 11183 6259 19633 35060
142 10 182514 24649 2849 5238 17533 1479 29784 36488 33775 25077 29930 37327 33122 19362 17446 18762 21260 23064 14136 674 20732
143 10 196147 37782 4014 37876 36399 22918 25952 2922 25461 15246 9356 29536 8333 31491 37237 18191 7170 9313 15199 1196 10615
144 10 169515 2700 1524 10974 8121 4487 21155 27517 6096 23090 37324 33402 24822 19429 9363 232 15657 18803 5047 37803 29170
145 10 137519 33142 9047 9089 30427 31348 30549 8083 8097 13060 31471 511 20885 8214 11437 17506 33893 20116 36091 3688 34428
146 10 235802 23997 36165 16240 5183 36406 27324 34954 1487 23067 7266 27404 24297 35316 6867 14753 15588 5581 30002 30495 5985
147 10 191632 31882 11409 23829 30919 20830 20755 18819 4919 1479 5130 21990 18909 35017 12667 27374 15242 6995 2569 13503 21816
148 10 243200 23976 4767 27006 7155 23867 11094 6022 36632 25069 27028 38549 26074 24301 31258 23443 22360 29380 18573 34387 3712
149 10 252788 26795 27987 35979 17779 31307 21929 22918 32374 16178 3075 24316 17279 13900 21992 34206 24638 30128 15804 30366 23717
150 10 133076 21867 26731 4789 35041 8028 19787 31516 35164 15781 30836 5071 34942 21074 27108 9529 20108 21861 16699 565 19589
151 10 221697 27756 36905 20384 867 17122 34498 30427 4533 28445 13046 30229 37501 18685 10773 21283 13920 27479 20262 11556 11544
152 10 120073 1582 36071 14753 36317 19532 31301 29751 37498 102 21538 25664 6351 3876 26920 5724 29418 16662 30403 8747 1660
153 10 158037 14818 8008 17073 3050 25015 4728 34199 28087 530 15420 15492 31562 21610 21099 12011 34105 15553 3768 10054 18005
154 10 159512 18464 23796 30189 5171 17740 14970 9012 11977 17698 23247 25255 15482 8912 27098 16632 4466 7607 23651 16399 21573
155 10 182461 17756 21580 31881 5907 32715 13641 36960 11 24075 37161 17447 3096 3176 33819 9959 22621 2576 35054 15520 26150
156 10 169604 31024 17824 4924 30581 10960 11661 15524 3674 5388 36787 918 3206 25078 7360 20069 26721 34918 33503 29728 27965
157 10 147151 12242 6191 4343 35290 1221 17778 26969 33744 28223 8373 13217 18956 15821 24927 8922 10712 25657 26487 18281 24560
158 10 162377 27491 28885 6645 12692 16418 25363 9725 18802 14806 13666 36995 9447 10732 37086 11039 18234 12315 30492 24758 2652
159 10 192451 31002 18355 28728 26840 9585 84 23201 29411 4758 30397 19545 11956 23796 8929 36761 28172 20592 14221 4612 25863
160 10 204466 7326 37871 37669 33496 1549 32478 22105 35001 38349 26886 11011 29919 30743 30962 35257 12005 5560 18129 25659 4972
161 10 155479 24619 2110 5474 30782 29388 28254 4366 6822 30644 3326 38677 3121 4383 10160 1635 11852 13898 32060 10579 2259
162 10 156341 25893 23488 36990 30066 291 19115 6950 9216 38129 30536 15883 8653 17768 14196 4344 9201 13494 84 4828 1703
163 10 170940 1018 10018 1402 2424 30327 23362 36331 22348 10937 38683 1902 15357 33479 11822 22360 16767 25737 18776 16444 22949
164 10 215705 29643 37293 27470 11913 1854 4702 11113 30824 31157 35917 26999 23528 26224 31815 28922 6024 31329 30154 12347 8398
165 10 151398 19984 21288 6239 7901 19468 1694 25140 26699 9698 21286 10422 9599 1260 22073 7888 6318 30090 12196 29178 15485
166 10 227000 38543 16961 37723 26837 3418 35404 29593 12555 14858 33230 35431 33181 28191 7457 1934 25543 36926 10729 12331 32438
167 10 161209 372 29595 13258 3077 7872 21873 28177 31877 17328 21925 11888 19874 13587 29289 29406 7365 24063 14307 23743 12972
168 10 253872 30147 15699 34879 34905 27041 37670 11155 31733 29302 28084 17226 27605 38085 3595 35965 9113 20297 31019 23137 7843
169 10 213018 26018 12726 35550 30201 24583 35281 4249 5643 26291 4246 17973 31270 10872 37392 30889 2196 27600 33794 20205 31537
170 10 212796 34039 37428 26933 37049 24551 3978 17599 26142 8290 33153 2892 6122 34551 12559 3267 38012 35614 2894 36260 16753
171 10 233130 23105 3188 25452 24670 24867 20785 19524 4213 19735 33326 27799 19269 33777 16685 4103 22078 33489 19596 33549 36516
172 10 206057 11228 14576 20470 31609 20703 6835 29515 21521 22364 28271 31125 17594 28472 5984 2251 29634 31089 9531 19686 139
173 10 179322 29673 6520 26190 1838 1192 32170 35192 36781 9876 1799 6479 224 32007 3178 17850 16238 24215 28547 6087 32427
174 10 163224 28905 34780 22760 7699 9984 24902 10729 17647 16297 2965 20661 14324 4015 27871 32964 8029 9899 16019 15601 14500
175 10 179652 18366 21058 24964 29092 24155 13691 7746 6403 12229 31156 23912 5298 16819 2604 18748 35318 10086 4329 32083 9242
176 10 217893 2020 2063 37160 9268 9244 6194 25802 12394 36674 3595 18281 7080 27323 8367 34856 8161 5231 23421 32771 11461
177 10 240322 35069 32045 36678 23321 11296 5700 33219 5924 31023 17876 11546 34791 23197 25603 4125 31492 31973 27569 34845 27517
178 10 214072 2278 8891 24450 36271 26892 14098 30911 5962 30495 34628 33899 20642 3266 23143 18685 30388 32575 5645 21888 29030
179 10 211408 16671 17048 34180 7882 37207 15859 7187 5815 30897 33641 17733 32817 28367 23014 18245 26049 28953 37530 3095 17080
180 10 172330 7414 22059 5349 8533 36456 15753 21084 15214 23586 35907 11124 27023 11419 27297 37701 34205 10591 33697 16676 33740
181 10 203908 345 144 36317 15423 12508 23786 36739 37214 32727 9073 24450 24046 7294 25807 29838 31335 28726 37631 5697 15253
182 10 213021 38552 14609 27817 7706 19731 35177 9941 10564 15052 25688 2489 2493 25614 37855 22032 4476 35390 37907 27615 875
183 10 225554 28966 7169 30973 32748 9113 8511 36863 30880 344 20612 34770 5839 23626 10513 31302 19978 27078 9172 14391 17299
184 10 184220 31075 25238 34131 769 36393 34825 21717 30918 2409 23730 6220 12304 7111 1817 6038 33680 36138 23520 12684 19746
185 10 172020 11717 1982 10209 5245 11036 35377 3307 12448 22689 23119 28919 17954 36398 10487 30914 19775 17190 24581 8695 6938
186 10 181298 27307 32337 18878 18233 23195 25708 1863 29748 2835 37080 32407 23027 8857 6467 25895 16279 12216 6108 37387 16387
187 10 202434 38608 20548 15929 1279 10181 9013 3815 10894 30324 29877 8502 29277 17679 22342 38589 11706 13363 30206 36099 31594
188 10 179320 19086 22736 10483 34590 669 33961 31147 31516 15487 35946 23456 28379 6657 3253 20328 14583 34986 21613 26459 34093
189 10 129085 18458 35547 3985 29654 27073 30207 1752 23149 30809 7024 10558 29855 10130 10749 20019 28894 9699 34917 3396 23611
190 10 133547 15622 27529 13900 27150 2996 13673 4780 31516 21054 38239 11530 2887 13228 26468 28572 2003 26589 32684 2305 33331
191 10 209225 23719 3876 20693 9838 11526 33905 30715 17945 18324 25081 31621 17249 25824 4073 24553 3015 24494 37647 8768 9812
192 10 223428 2969 18420 9542 35064 24152 31810 25393 26792 13885 32815 36894 17885 31956 27417 31220 15546 38134 2042 21043 27845
193 10 187922 34630 25564 25535 28284 6438 16288 8837 31374 19399 24395 23664 21263 1597 4810 36702 75 7332 5050 33679 28357
194 10 136173 11232 796 35253 32974 11345 23754 14662 5977 15286 24001 462 19325 16793 23578 14346 28990 16902 28017 7059 24273
195 10 165940 31705 10304 22130 37709 26842 9680 38708 14416 20623 17617 1826 35768 4700 19449 6974 3856 19100 13343 2066 31195
196 10 221670 31869 4582 33251 17338 6335 24928 29642 23932 37881 15469 28085 10652 18225 26316 23863 32298 15155 36291 9031 8893
197 10 102700 14470 12591 15263 18799 1817 21503 20889 30999 14374 29333 1266 35611 3051 3062 4271 34601 12252 32268 20453 2521
198 10 191434 3822 34922 29364 6883 31940 26458 33728 37351 12818 11779 6645 21931 12273 3931 35918 36260 835 1883 34167 13968
199 10 177479 24698 25199 10334 18882 37144 5944 2933 19442 11453 6494 32205 5534 14209 8787 32901 6903 9482 25383 11461 14270
200 10 165319 10991 7514 11608 19241 7242 22540 30587 32775 22012 25074 31466 7171 3110 6459 7614 15247 35241 11138 14149 21640
201 10 148561 35483 4468 23712 21450 3390 23645 3724 19223 30448 13174 26553 32613 13665 17171 5035 33056 3665 2623 10705 27346
202 10 147475 4836 34955 33676 9985 17436 3417 20035 13199 11006 16424 11545 15795 12405 32494 14382 18986 4420 12789 25496 26844
203 10 168072 13761 29811 15373 5018 2608 29894 34841 35856 34950 5396 2555 6492 23821 33064 5418 21574 19536 13861 24055 4585
204 10 232439 35491 33289 25162 14110 29325 30958 19827 13957 34330 3250 37834 36840 8368 1978 28737 2666 4226 3669 21373 36642
205 10 212705 11147 13825 15731 36322 25060 9810 31749 9124 2896 30921 36425 29126 22437 21225 27600 8406 20765 21306 30090 1809
206 10 208020 37356 24138 14098 13933 24382 15055 36494 24610 14505 22031 6930 10224 16941 18238 29651 25186 34306 13063 4306 5110
207 10 175614 24496 29324 31744 22313 36102 346 3318 24728 17372 20713 3446 3442 11430 3643 7916 5779 16691 21750 32342 25246
208 10 208831 29187 20259 26659 6857 32618 3270 8104 2588 7281 13479 8261 18449 33206 5575 32855 6181 35512 4953 6140 32899
209 10 156013 20283 9911 5615 4512 31512 8348 6846 16420 10568 3336 31196 14636 15763 9142 14927 9781 24544 35540 2971 11528
210 10 180782 27361 21503 37769 22433 10207 32176 5458 26396 4506 31283 23815 3419 14565 27668 30297 38544 14644 17736 21675 2333
211 10 205495 7756 9947 8315 22460 31331 33436 34878 18393 23352 7226 30093 12009 30264 29874 24822 3084 21962 24061 3538 16735
212 10 163168 2459 3058 18297 6483 4739 30995 23328 17229 34337 2617 33501 8083 1158 16486 23422 24561 6581 33985 23934 29464
213 10 167840 22474 20073 20354 36566 26694 384 2667 8005 13354 8345 32041 13313 2697 13900 25171 31606 9136 23005 22086 22215
214 10 214628 36320 8881 24854 7402 35953 34893 20547 33209 7137 20498 9042 3254 31527 37016 26743 28826 32383 8445 1419 16248
215 10 230384 18341 13506 22480 5147 8118 36022 14505 17961 38653 10176 32425 10580 38137 3470 2983 28314 37274 33081 29594 21346
216 10 208240 17355 23693 16293 10556 31143 15063 4685 17819 25629 35835 24904 14922 13384 24870 34605 31702 25068 26686 26135 8122
217 10 151335 21105 3887 13047 27253 9646 10150 38064 8031 17831 3685 12699 18489 5189 15461 5155 14462 22591 29184 13974 30356
218 10 203430 36114 11899 33373 26325 14163 15274 37432 37568 22390 19584 5016 2882 33078 37426 17451 24338 4394 9320 10726 200
219 10 205757 32943 32745 10112 26489 35547 5379 18083 11192 3780 35621 28902 1953 36477 3860 5157 3674 20383 38183 25203 25384
220 10 156541 6919 12549 13787 3195 13291 15604 35460 30648 12018 37859 35848 14895 520 18570 15708 13654 28123 4313 3106 12791
221 10 128686 6583 4103 11103 21411 15140 11545 6355 23552 29776 25889 18413 18046 22966 37033 11392 26372 9125 13337 4606 12084
222 10 227579 38643 4456 22744 34349 8223 30441 30273 3881 32133 28231 17547 10335 14312 7269 22093 33957 20889 20884 32700 16340
223 10 185129 23624 21415 17258 13293 11433 9083 13911 9984 27619 14854 36673 12643 29238 15785 8425 19745 25499 25758 1193 35346
224 10 186771 21902 36160 38196 7051 19214 16984 16596 6791 29336 37958 34606 9737 18825 21385 6820 37636 1662 15943 9445 2549
225 10 158132 10180 12529 32538 9544 20192 37516 19714 12630 30574 33780 14735 38369 19944 31566 6542 38157 3958 20731 8078 27229
226 10 209603 28206 17596 4999 15576 38315 38296 33954 16125 24297 31553 17128 16777 5824 26962 23612 36469 7743 11716 36557 38046
227 10 175147 20029 5637 2314 612 6508 7272 37635 7871 20593 34264 12533 20596 29801 22202 12099 26008 29515 18149 13339 31727
228 10 120413 1754 26459 18406 23876 10374 21206 15119 5404 17898 22537 526 35386 26706 15163 24897 5552 10857 941 214 12138
229 10 189757 30963 29681 26664 34000 31178 29465 36720 3227 5648 12319 22350 21893 35178 24422 2710 30865 2868 20866 5466 37847
230 10 151036 6585 19542 15413 908 30661 32595 723 30995 22420 12316 10787 12934 10946 18742 28019 34494 30212 11393 3220 36066
231 10 164996 22457 37073 5188 4550 5774 27657 29480 1422 37344 16895 25773 26582 33786 3762 8719 19108 1247 25762 3912 13140
232 10 208916 21430 23878 22210 24036 30928 9055 28313 36554 30913 9964 23082 29306 18906 1450 1014 32389 31338 2062 11778 17729
233 10 146750 13561 15476 15370 11673 25378 27673 1123 17650 19906 3651 27166 30837 1938 4285 22077 35461 20164 2319 7791 38158
234 10 181308 22939 36714 14569 26204 10521 30520 9744 3166 25298 35546 12157 7590 37812 26351 23878 16758 412 33727 33521 27896
235 10 158780 9210 17451 20148 18368 4389 37711 33123 26450 15249 25921 3708 31294 33051 1981 7790 29948 31020 14134 9449 28326
236 10 171803 2626 9137 22875 12242 21043 29393 33093 23930 5314 21299 28491 37330 25732 4268 12497 22606 25081 14633 4094 6187
237 10 171541 8181 27897 23947 29058 4447 21298 9468 35262 25009 10297 7502 18919 1795 27499 33193 18161 32277 16555 34751 3306
238 10 191310 5580 32274 34497 37568 27356 11172 15775 20427 6910 19951 8701 3188 37199 16231 2449 34407 25468 25254 37444 35705
239 10 204828 32207 35298 3736 23305 8437 16033 2488 37188 37055 29027 35557 10982 23678 18746 23159 37040 17090 27282 32202 19020
240 10 184262 2404 19850 10979 22875 32228 38381 38429 4812 12491 12489 3733 37095 17281 31574 33672 32403 9227 18636 33516 8482
241 10 158217 18533 26404 20227 21332 29383 911 29195 18205 11841 1687 8445 17628 7758 18587 3527 23750 22285 13758 15351 33289
242 10 234265 26305 19518 24783 34887 19313 23029 35371 18025 16945 5068 21541 26720 12528 25267 19470 19991 36812 36791 33527 36899
243 10 213665 38425 10868 36019 37305 38265 7469 2393 6303 25621 1944 19740 15631 1155 15531 1358 35921 23446 34111 38489 5517
244 10 94983 8105 15819 2939 5904 4179 28748 5638 5181 1815 1643 36893 29717 1815 38074 11517 24984 8566 6301 18516 7974
245 10 162804 10036 36189 33443 23871 4975 28772 15627 4013 2939 3085 35514 38127 6053 11427 22762 12443 4304 2874 35720 24417
246 10 207292 11046 3275 8879 38574 7039 23243 34459 2396 16252 34474 26137 17828 37254 9250 31288 21038 19256 36226 26593 29626
247 10 191995 31827 11194 35381 35554 1805 37339 19740 19171 32745 12649 30207 34523 15067 10288 14134 31377 5439 29920 15755 13800
248 10 149006 10518 671 25242 3668 14735 29316 13783 33290 21813 37350 18926 6203 28672 18460 3622 17395 18844 476 694 25560
249 10 218989 38191 19983 9131 15387 21069 32912 36468 10709 23676 30861 25147 12156 10392 37085 18942 4573 13203 6112 34296 35925
250 10 230493 26374 5923 34843 21243 24305 27208 3271 11754 32070 26285 18625 16382 37831 14357 20487 10413 31190 36751 13629 35063
251 10 173331 29650 1985 16650 11676 21383 1021 6033 27334 29760 15334 18916 31769 28640 38411 4186 2174 26877 2003 359 15021
252 10 207034 12861 29827 24000 24198 35189 26753 6160 23012 32329 1750 37446 865 869 24889 20249 12164 22426 28357 26402 9253
253 10 164815 37400 5551 14028 34641 29374 20904 35008 10721 4431 22247 11412 32947 1540 12418 15547 10353 6337 7067 18413 14315
254 10 130723 8850 33312 36835 10128 13154 27361 2 36278 401 19872 10751 30353 20918 4701 2837 21254 7250 10199 36606 20272
255 10 182520 26938 34901 30903 36362 5708 3150 26732 37712 14870 32596 37539 18644 24357 32315 5962 37726 7835 6066 11283 14872
256 10 166460 15966 1160 12688 4273 27749 6835 10564 29551 17201 15111 7046 8849 38365 14861 20521 27956 9566 34856 15556 26020
257 10 195971 9331 19696 22339 9242 36061 1868 18107 25511 1711 21847 34577 827 20580 14600 15491 29118 27552 24906 20537 16086
258 10 208944 26693 18110 37040 4288 1727 5504 30519 5624 17511 14206 29166 34614 16377 24205 8474 18087 22869 32572 29566 10205
259 10 232349 27731 5917 29916 29904 19438 10505 24901 6580 30760 24078 19759 12644 28149 32546 31090 37379 25660 1126 7174 3018
260 10 196909 21458 22788 7703 7922 14248 5582 33762 26414 4233 6654 36603 19301 31768 38338 26455 4650 24457 27514 6586 3909
261 10 223989 34916 15929 2695 23991 4241 20458 28752 28764 34161 15225 22919 10684 6789 29616 32988 29731 38330 5370 29987 23972
262 10 124253 12970 19942 21669 20195 1988 6135 37537 6933 12786 9059 12530 12902 20631 36772 4345 14677 825 3177 5512 19715
263 10 204965 11261 28200 5773 5544 27264 17468 35462 2638 18997 4060 24120 18891 5782 14290 22863 29626 26346 4139 37885 13976
264 10 186918 20323 3088 35708 21790 9308 31814 15257 32294 20599 12365 4980 33125 38512 25227 20417 11654 14558 19297 17094 33167
265 10 159686 22755 19676 35243 24254 7774 1341 1574 29687 24039 24994 3300 28959 18174 18 4387 29252 31863 38653 18982 38425
266 10 150754 282 20596 33593 5376 5559 13935 6872 6935 14981 4966 13717 22386 32099 35951 23057 35580 18896 26224 9633 38395
267 10 207803 22049 31360 8855 22324 18747 29219 6053 20404 22983 27890 30927 13091 5303 25240 35155 16709 31861 34194 36807 30988
268 10 197965 19019 2845 11653 7731 8001 22323 32368 1725 20312 23470 34340 14395 34421 24536 33957 5456 7397 28287 6917 30346
269 10 163374 19856 10460 32752 2638 568 2182 7103 26064 29234 14042 14443 15012 18978 19343 23810 19376 14792 20277 10437 37899
270 10 204416 8550 15234 37279 14272 9580 31903 36343 19194 33691 5139 17904 37155 12616 16034 7508 28141 34075 20109 17629 13804
271 10 138036 23721 27831 5555 7177 12858 17011 26539 6028 17396 15147 11092 34460 19916 29516 16941 12042 8920 35373 2364 769
272 10 201052 36979 29967 9835 16825 37461 22306 1669 34659 10979 6282 32346 25006 22721 19270 23939 21328 26015 16629 9690 38470
273 10 145043 29915 18492 13415 31232 7715 9194 9140 26493 2927 5417 15062 7261 14204 20009 5642 950 24592 6771 30065 21830
274 10 151643 16187 13231 19262 18915 35109 4005 6459 32761 9162 9092 21199 8716 5152 23040 21670 4235 7897 12911 17528 16334
275 10 197477 5165 2715 38008 33994 18006 14105 22805 12682 27216 9500 12551 28555 9770 24321 13507 28677 33658 8055 27185 37051
276 10 206507 30750 25953 6430 15548 20953 3204 28304 3031 27725 19108 13729 17742 30241 1912 38656 4522 17044 4973 3544 24701
277 10 230839 10666 20806 37126 27295 37742 2074 28097 36419 609 24506 30296 26329 37641 22130 3579 24873 35616 14633 21617 7096
278 10 210742 23295 30073 26613 6541 6309 3881 13735 7155 2271 27117 31028 32667 23113 37346 31992 11808 29880 25274 33598 32634
279 10 182359 19330 29748 12083 23512 16749 15636 36416 27841 31265 967 9812 18082 24660 11391 20988 12043 12043 18791 8611 31119
280 10 208511 32672 38319 12537 32921 20443 1919 28377 4764 25280 21724 32009 21478 829 11986 8524 7961 35689 2466 23126 764
281 10 133981 22257 38672 12261 15815 17828 31884 6535 18047 35829 37424 22307 14805 7099 13221 2546 26006 10811 17402 3560 16915
282 10 141754 4609 24185 6061 13169 562 29033 35854 11887 6209 23991 10132 24210 19122 35544 19614 36773 10461 21845 36591 21177
283 10 188243 15709 32002 6518 32820 5320 13431 32300 8717 17776 15162 17540 19601 33600 27573 20510 20679 36616 18887 12262 11425
284 10 124797 3852 30930 3670 7830 22085 10210 12602 27032 10491 6203 23221 14462 31298 36140 21537 160 1110 22992 1500 22893
285 10 179091 38284 4308 28317 25418 11336 38149 21982 19320 18288 6046 27375 37886 12499 28425 5911 10783 2129 25776 22396 22032
286 10 150755 19180 866 5341 2069 20691 34687 21254 14707 14598 27381 20874 3348 31618 24966 6965 30340 13574 36713 4595 14137
287 10 123915 6435 26535 2942 6676 35847 27733 7425 35908 6382 23727 5498 8258 18079 17396 12080 38659 29115 20619 6634 2668
288 10 168482 36014 31594 11023 1935 3151 22290 21992 9122 16541 2024 12515 31005 38655 10179 14105 1516 4685 26426 18669 1321
289 10 148907 13069 22570 90 9178 29576 18424 4645 37969 2617 2403 10209 3937 22930 8111 28646 5942 33588 19210 11375 29499
290 10 181563 30159 33609 30394 15596 17652 23405 18897 16244 37052 30660 4423 5421 26465 16210 1084 22166 22323 15094 2670 25495
291 10 186496 26797 19905 10899 25071 36445 13745 23953 11604 18703 30033 19344 9600 3743 33042 14947 1795 7786 33192 33695 5667
292 10 174186 14719 31373 1615 27888 25932 6029 3579 1457 30564 3732 6866 9819 36645 10339 18515 13853 7155 36475 37764 11760
293 10 219203 29857 32030 10210 27454 8202 3621 31158 34474 32489 22379 28357 3492 31692 4437 8759 16869 15541 16319 34475 36703
294 10 152571 14901 34469 2698 7888 29256 18444 19249 5471 10375 24770 8687 17706 17441 12884 34585 25409 1438 29578 21972 16363
295 10 224879 1486 25347 33831 2093 20658 20018 17763 9199 31465 1664 29853 35334 34962 8004 20930 30670 25717 35289 20050 8595
296 10 239992 3165 16045 36111 26849 34505 25110 16026 3090 2847 29305 37534 2106 32724 19395 33706 17882 34810 21982 21196 23637
297 10 164516 19582 24484 6673 13515 21644 16690 22417 7729 6264 161 15498 16826 25513 34035 8288 572 15069 18618 32227 38128
298 10 153929 19964 19338 31102 14584 8049 17370 20204 4235 19225 11451 2958 26939 25855 6209 10411 24689 5353 34954 18910 4797
299 10 150638 27062 35577 13618 9238 26058 10361 16711 29181 22143 1583 17732 7015 47 26570 5258 5942 7863 19319 22075 3938
300 10 219932 19423 28121 29541 12433 32040 37231 25869 7190 29346 38062 4870 1408 24603 36074 20910 16951 6618 27521 38288 9431
301 10 183454 31253 3854 24517 9210 8953 37174 17606 9917 24364 15498 25577 6325 6808 31018 8479 1258 17362 34412 28191 20986
302 10 157056 10527 18489 32512 839 14930 6071 12453 31038 23170 10818 5086 25038 4627 41 17241 29764 33991 21091 10786 38694
303 10 196321 21483 1354 6415 11177 19992 14549 33930 2412 34694 22103 23361 35455 21787 23272 14310 14006 3203 2386 27479 7314
304 10 238119 25727 3273 33604 9653 30795 19138 27743 17275 36524 9328 28808 19816 20069 35938 294 13424 17595 26691 29493 26219
305 10 149802 32984 22662 21518 38413 14494 13247 6520 33472 1421 1685 2320 3933 28 34518 18955 6921 24800 429 34647 8189
306 10 135817 19897 19382 7493 23329 8398 21521 6009 16950 2696 22265 9194 13820 37538 37380 26876 30586 13208 37654 11657 26883
307 10 148220 5796 532 13472 20088 13979 24576 8685 6562 31540 32338 37106 25852 1886 33002 336 1199 36372 10917 6850 36397
308 10 142828 18983 3741 13081 4528 29415 17770 21154 7673 13468 1613 18365 3935 10392 2917 8820 37767 11463 18888 5205 12091
309 10 162687 37749 33350 16681 22290 37937 1510 28606 36810 10965 14406 8719 1144 6686 23077 10351 34650 2847 30091 10709 15846
310 10 194811 23550 31683 10788 37350 6742 16064 398 32557 21517 18645 18960 23667 34761 14294 34179 13646 33866 18514 20304 5076
311 10 236035 28932 12327 25640 31836 31343 20363 2552 38437 36459 10625 38550 1180 34898 23788 33470 7658 9890 20205 6724 33484
312 10 136762 19482 25163 18096 30220 17783 26427 21982 33544 5522 14128 11844 17840 8680 37574 10050 19078 147 28933 30375 13749
313 10 138547 5386 29459 12604 26215 9552 29465 14343 20802 5997 32794 5129 5979 20424 33956 31768 24588 5921 10218 34715 14678
314 10 177422 37433 27661 19622 18489 21854 13822 18604 20224 16123 27940 34922 29215 1329 37801 27115 11748 5469 10236 4289 14700
315 10 214626 27363 27479 34820 20668 23446 15998 5809 1116 15860 17906 31787 30631 21744 19373 11966 25646 34597 32673 18531 9127
316 10 224768 34675 7854 15693 23015 15201 37426 27350 29571 33774 19928 3741 32619 30242 3897 9746 32150 35588 26591 30588 12877
317 10 172394 3347 2259 18115 36252 37198 30316 22752 30168 7882 36012 9023 34370 13864 28188 21968 38572 14646 7545 32673 7454
318 10 196141 31538 26586 31135 32878 5200 483 10630 17964 19404 24278 34151 8161 20172 22206 5254 16639 10440 1396 38541 19040
319 10 171361 36037 36071 29700 15476 25229 3089 3718 16608 3998 8839 1818 9332 27093 26599 23691 10924 24539 27854 4558 22359
320 10 189711 22110 796 4644 11979 37697 13304 32536 30946 3510 18004 1333 18176 28937 30527 10273 13718 27653 38694 31003 5659
321 10 157189 8019 20619 8525 4617 15307 31563 10609 37 2967 31712 37084 24620 25591 12496 35477 30516 12967 158 8917 10472
322 10 173346 33185 2014 14670 9061 15677 30747 28441 8498 22193 30765 36442 5845 528 18418 13410 7709 7664 2294 10260 811
323 10 149907 27189 35721 5048 5410 8911 29603 844 37307 37930 24930 5234 17100 11482 17433 31372 26655 2292 19647 27495 31564
324 10 174743 176 15973 20394 3812 32937 25935 16922 29244 8946 33556 14817 38538 34062 18091 3710 25209 35659 15828 16318 35789
325 10 174213 24703 12695 19473 8669 15267 23102 25668 6567 27777 17400 211 4603 17922 17270 33979 27871 1699 5447 16684 8135
326 10 194931 21943 26690 28203 3939 11673 29988 36284 38093 19226 38133 23745 26455 11828 18209 2690 34777 25916 3270 23683 32045
327 10 166320 14662 35881 10352 8783 36986 24201 433 38443 17399 27666 9814 4291 35900 20724 28119 37761 2859 32080 18550 15026
328 10 174353 24546 6937 32607 35558 551 33526 31672 18767 19724 33685 3348 14963 2311 4503 27643 7808 38285 37130 2843 18030
329 10 159932 30971 25973 35540 10251 2747 25871 12057 6302 15469 29964 24321 9548 2378 29861 32156 20742 6231 17725 6480 820
330 10 222650 31188 24215 22584 12478 10340 11769 36915 7730 27544 38678 31630 5826 9483 10523 24409 13996 3766 32553 36510 3708
331 10 254658 26630 13309 29939 6063 37049 31826 22885 35488 34868 13264 13875 9054 25649 2023 34544 37501 18779 15856 23844 27905
332 10 180911 11872 27137 29791 5373 5125 21979 2292 17176 24634 24317 34420 20030 30848 19677 12140 21444 26550 9606 12761 30498
333 10 176054 2706 32704 33690 8312 20003 29810 21214 34804 7069 32754 20650 9291 34760 25806 21052 22777 19156 32868 5021 29399
334 10 203880 21892 1041 17462 19739 5725 6752 36193 8712 19921 20255 33048 12470 34280 2198 15279 38005 25959 35556 4852 4126
335 10 185670 22604 984 25573 14830 34159 664 4151 37366 12121 8972 7349 35250 28815 10904 21162 13148 13532 14990 25977 9512
336 10 200229 28310 31719 2189 14125 31125 5953 34446 10001 6538 25469 31334 16345 6314 3759 30529 7740 29289 8669 10694 9536
337 10 201243 36146 21707 30558 30795 23369 2697 9981 24322 883 8651 30559 14588 8429 35318 24054 4398 12797 14409 35059 16061
338 10 137820 6506 17491 128 32864 3188 17233 29565 27413 7586 23229 1354 34850 27132 25097 11516 37753 34594 34333 23505 6612
339 10 164875 33098 23503 21656 23029 21909 24699 20383 26073 2693 26990 21460 13587 12609 38688 1135 13133 15364 21376 23246 27538
340 10 157254 37051 7936 32857 7689 12284 9398 16828 36008 32407 609 2400 15841 2642 24563 12902 14173 7999 28168 8161 21706
341 10 96569 6103 7152 6271 27630 11127 9585 9768 6596 21866 7548 5493 2884 796 35985 30255 20823 4668 36543 5305 34110
342 10 156522 29499 7252 7966 27002 23916 28804 5038 4157 36603 7589 4606 2776 3849 32647 5489 32407 35019 21118 12776 29905
343 10 222862 30226 35726 22073 24779 24929 23760 32893 20572 27389 23796 21833 7678 11655 894 7422 7083 20769 16062 35403 34271
344 10 117045 16752 21828 2380 5816 4392 21565 12580 38530 5899 12768 15501 38137 12930 28967 5896 20877 21363 32007 25513 28165
345 10 179285 20502 38074 25327 8858 32281 25483 8350 37120 744 38299 24066 4856 658 23428 34728 34459 7821 392 34245 28005
346 10 187301 10911 30886 25488 6443 2603 7159 35806 37053 26271 4332 10934 3947 23786 9373 7863 26804 14934 30089 38563 36370
347 10 165141 15935 14373 23160 3105 19962 16875 29055 33571 27170 29148 28651 27686 13204 13607 104 37339 723 9571 15869 15962
348 10 147706 4320 29635 15843 33318 8455 17424 7094 3383 13480 15247 811 13113 10532 4960 20813 17140 36325 18391 37807 12919
349 10 175695 30761 33278 38276 1630 30865 3233 22573 32941 8522 214 6822 329 11251 15478 8479 14441 5040 26770 22354 30984
350 10 187884 31827 19351 9862 5716 2896 2851 32600 24749 38709 10704 10778 18569 35518 26027 18788 3555 2494 831 14301 28896
351 10 137301 21146 5444 36312 27032 20093 5171 2402 4643 9309 14544 24692 34273 14696 32146 3280 32370 591 6895 12007 24108
352 10 140717 21025 36615 11686 20368 38313 30493 32493 5528 3437 5027 7837 29433 19465 22872 4804 18662 3276 34797 5788 7699
353 10 193762 18729 24202 29063 34782 17732 26452 34195 13340 9491 23783 7936 33824 24316 23363 31540 11745 792 13497 30166 22137
354 10 149481 25847 7135 1589 30355 18249 8413 5345 10796 24519 304 3813 29100 4988 9798 10837 34624 23563 17121 38599 29653
355 10 196931 15884 1051 12511 27025 6856 14381 15081 37064 19842 19730 34535 8145 23483 7588 16912 27351 26859 4841 35333 20780
356 10 197703 28371 2235 10554 29948 17203 24154 23547 20297 30044 12613 35660 11503 2568 19994 31454 3001 13669 2932 15039 11910
357 10 151261 2800 6065 15979 23925 33298 21532 17822 29398 14593 28441 20138 37823 5935 6315 18288 19078 14439 6852 15931 13991
358 10 153431 18054 17011 7217 25235 1606 9044 5484 5706 8059 10631 26005 33185 37716 22282 8201 22483 14591 3799 34574 24910
359 10 196043 37766 4997 23549 25637 1560 22365 20596 23010 37579 37339 28993 3037 9973 25461 17555 31140 9559 38131 19232 3677
360 10 171420 4772 2667 12794 11124 35910 8994 17212 35685 33373 14575 32951 17865 2705 4427 3614 9611 20871 16125 16241 25661
361 10 197892 26699 26376 15092 11689 16996 29534 30247 19533 10610 34565 37651 11289 28819 15208 2891 15948 36902 23251 2401 3871
362 10 78262 1900 5987 8977 22676 1008 12697 992 18536 1275 31256 6251 20414 7546 38145 1738 19389 32348 36718 20347 17657
363 10 267875 2043 19038 34949 4881 31819 14158 36226 704 34386 30459 37791 10482 28027 10195 35540 637 27037 9746 14156 37185
364 10 161188 2915 24450 26726 16395 34968 20421 10185 5392 480 17135 29562 17518 37847 31714 8316 29215 8067 21405 10606 21183
365 10 153121 2348 10741 36120 27493 32103 16133 13218 30058 5635 33025 27129 8016 14467 12145 7765 14189 13964 23138 8432 29721
366 10 185179 22965 9794 9817 19378 33351 28006 34821 31629 14012 17791 31461 10495 20357 20745 21602 31017 3906 33080 2634 10727
367 10 172662 17073 35122 3311 27596 27204 25029 19265 24562 8306 15931 8339 29424 35563 7919 31893 7222 4878 9070 25918 11676
368 10 124787 19246 23606 448 30454 12233 27496 6804 3039 6552 33367 17314 30912 21977 29647 10157 21365 19011 12942 17613 15733
369 10 176352 25754 2892 33765 26978 11570 32750 278 13117 26051 3422 19063 9830 10017 18084 549 31654 36111 4674 22476 6808
370 10 157875 32245 23201 27309 38712 6011 24058 25054 4604 5509 13541 9962 7145 12297 29933 20129 5085 2762 13265 24907 5486
371 10 195087 22789 21599 32323 30277 5612 1623 20676 16973 17368 34580 35746 12318 2929 25404 20161 36032 16866 8117 30885 16683
372 10 207448 38360 23777 23046 21451 5610 20774 32362 20041 30085 37430 17009 1535 23722 6767 16557 21007 23132 13823 8484 9501
373 10 163907 23143 32215 22337 7253 19099 28203 3212 32675 28179 10416 4650 5373 25510 7864 36133 3648 7879 11645 2392 2838
374 10 99255 11457 30504 1262 1381 15028 12313 19708 28684 6746 29323 27872 22606 570 23789 2546 15977 1999 36337 17291 24603
375 10 189684 14723 9460 16802 33223 19796 28831 12107 15530 8867 15526 31459 20725 17345 32281 31566 13991 30093 26903 16910 8476
376 10 192089 25096 27453 8968 10940 18653 28428 20421 10225 29841 37081 14794 5331 17270 18544 29962 37437 7918 32049 29276 32168
377 10 213914 24602 19182 14164 32575 33683 22828 14477 35511 21162 2357 22989 28398 19066 21949 27223 2931 15648 19489 32159 32651
378 10 151785 33350 13869 5946 24901 1431 37126 19143 23501 29066 4483 7606 14590 969 28065 1946 4720 36024 30588 24293 37127
379 10 93794 10744 26850 7971 34739 8520 14593 22719 23314 21352 17879 7024 13095 5463 9425 562 17817 12949 7804 1427 11742
380 10 172733 5248 14345 23232 6716 4145 38002 20208 16773 38185 8674 17678 15416 16040 8261 32000 15908 22273 3088 2816 10354
381 10 250814 10666 9679 22903 30346 20873 2588 34890 14689 35126 9646 33196 9697 35551 34982 20451 27971 34048 37205 16311 2720
382 10 196365 20147 22559 11957 22570 34372 24908 2880 18106 30743 6737 16428 5523 18055 23711 37206 17696 4925 1835 29987 6398
383 10 159650 20655 32826 5202 8639 41 7936 11034 14429 15310 11599 27625 26110 14153 35604 26622 4529 38577 11724 8834 15306
384 10 186833 14145 31750 33214 8674 24828 14541 6462 23574 18221 18171 7992 10957 37391 5611 14041 38189 6207 36163 34166 19661
385 10 174298 18186 27208 13704 28881 19827 17582 31517 23672 4545 9978 244 18842 31234 19616 23632 26734 31308 31239 9275 22573
386 10 155735 16433 24227 4556 11989 18837 32267 3600 13342 30194 6154 21570 36026 16301 34312 31001 2475 14850 21850 6590 11783
387 10 234304 33520 2496 29497 19589 28670 31595 28292 26857 12230 18425 1323 13219 25062 2765 28324 1008 37936 28363 21782 35923
388 10 193451 16154 27357 23899 30053 27143 31495 18141 1242 29458 835 16429 32261 13593 23951 10855 3475 17493 25031 30468 38204
389 10 163387 28996 14381 17094 31209 19846 15418 26960 21960 22863 35707 14429 24348 2428 4291 7653 26283 20922 24475 10796 27684
390 10 161462 4430 8858 19315 16402 17989 13654 11921 8591 14226 8202 33890 36510 35825 34740 8106 19028 17933 18396 6326 34562
391 10 195876 28603 21589 25206 8346 29297 31759 17252 20941 11235 13634 20043 11727 4125 21245 36392 18713 16319 13115 17714 5569
392 10 162841 4332 30522 2199 16736 30070 4121 23875 7357 15575 6515 16483 31155 17634 36681 30966 19056 24432 27675 5846 27406
393 10 165627 22166 19337 13286 16070 25798 2078 7725 19012 18728 11951 19741 36425 29812 38175 6804 35312 13719 2635 16566 7864
394 10 257242 37238 30629 35732 36402 24105 11804 12966 34257 13620 8694 18568 27602 31958 17548 38551 29430 36157 38085 21887 33001
395 10 151258 2050 36858 8491 11526 20616 26405 31300 4252 9758 24457 21360 17555 5707 13791 22024 27197 27113 25510 10800 29714
396 10 181953 26733 31787 19345 22834 4243 5690 16541 11653 31984 580 9956 25372 8227 25683 31851 34797 21219 26843 21431 5864
397 10 194617 16937 27327 9841 26176 21968 18906 6728 23312 21659 14879 18037 4679 28517 12354 28041 2871 15939 36077 37194 2732
398 10 163287 31723 23321 13081 15401 34157 22048 35547 17681 9718 12515 17579 33147 12458 9083 8642 33049 6646 32489 2331 31069
399 10 150975 11668 21541 13464 25499 17999 1438 31042 37068 20472 36713 942 37947 3838 3 32365 17167 1834 37524 25298 19997
400 10 139756 17074 15472 14703 34183 30785 2644 19621 19548 1538 37443 13843 2047 9188 29590 8268 30538 20887 34067 11205 35003
401 10 178942 34645 31688 22602 37451 3492 32024 22995 22732 21053 9416 22722 28933 2755 5535 13588 10106 37391 28891 7117 3927
402 10 200728 13581 23784 24558 18930 26678 36290 21502 1742 10472 34314 34411 1960 26785 34931 842 4458 30645 35599 21819 31454
403 10 207512 6589 6748 7451 36008 28018 26291 23583 5173 38481 13938 28085 34784 34681 32175 22811 12633 3380 28919 25355 15493
404 10 164217 9763 35526 3005 26246 33383 4976 32987 26199 21645 1258 4249 31644 4799 35437 28189 4175 28917 30949 5924 10658
405 10 203281 29269 1868 36544 1594 26371 16814 23547 19218 21511 1387 25008 37534 10895 16997 21182 11002 17266 24755 2387 981
406 10 131879 30517 8229 25811 37279 907 15570 27170 7106 3252 32115 19428 10349 7360 23662 1635 6842 8736 30854 14005 17369
407 10 209630 9963 7573 31452 4595 30132 7590 27040 34547 34825 17707 21252 21377 3223 35965 26237 1253 1142 22428 35398 27748
408 10 164483 5343 37852 7593 27060 19316 14354 4929 16842 35999 37683 26736 17755 23660 15257 9189 16598 36332 19350 4043 6634
409 10 182879 27605 13298 13204 21088 24657 22662 1093 15954 548 31603 20828 37 6642 13853 31256 219 32977 16280 33695 25263
410 10 162377 36790 19305 26915 31948 4194 26100 24964 29109 10016 22770 17526 4560 582 132 10717 33722 11452 224 27768 25559
411 10 214400 32841 37053 36117 30513 835 1598 33293 26584 2280 21700 9029 1935 17703 745 35669 24230 36441 24692 21477 9441
412 10 201007 34911 32406 10439 8147 27624 29166 38149 16798 38449 3878 26486 21998 16473 34688 7982 2456 260 9963 10814 20732
413 10 257253 22959 11117 37829 13404 21475 6797 32851 9829 35536 3722 38349 38057 25766 2521 25247 34356 23375 21215 7406 38275
414 10 174155 28291 3011 36844 7689 14900 32551 32392 26457 612 9370 17905 1652 16168 4747 5514 76 4004 12677 26692 26046
415 10 175426 4560 6848 9785 14524 2455 34357 33158 24254 12828 13172 4101 16742 34460 11736 26737 14892 36755 18835 19820 19552
416 10 223187 37576 26157 11930 13793 36119 13463 27564 37891 2627 9395 37956 3768 25662 26582 35647 15719 6697 38306 13156 35867
417 10 198654 23522 22057 35278 24206 12783 20448 9305 34807 28526 8429 34935 3214 15517 22973 26147 23863 10833 31078 12264 12958
418 10 200051 25642 10995 25036 20019 8983 13367 22878 15316 11770 16989 10564 30184 32399 9429 15234 17739 20677 5414 37398 12517
419 10 117564 13801 8907 19936 6142 14423 6718 1168 35169 19437 8334 7264 3616 1123 483 26522 31369 4505 22838 15573 3356
420 10 213592 37104 8335 29655 8190 23792 14856 18451 37742 35185 15003 12307 5804 30194 13796 18451 28560 3778 24308 15917 29915
421 10 168758 16935 5790 34020 1435 8345 14585 16634 4068 14304 37082 14018 28745 38516 22402 7211 12341 10239 2783 17418 2430
422 10 167580 34815 7324 32506 12078 259 32832 21158 30025 22417 8139 6927 28893 7554 32199 15442 35022 15906 13036 19416 29064
423 10 152553 28871 26625 21620 33831 22093 30290 14274 12387 35101 17591 7904 33121 10375 9750 361 27565 649 23766 19335 34279
424 10 144820 3940 4411 22676 23819 78 15944 21841 10377 28907 36112 35452 1365 18421 21446 9739 11172 11299 24481 90 30436
425 10 169967 17850 25404 23641 20170 23864 31197 29701 26787 9690 31396 4429 37260 6788 34945 16643 14841 27642 20471 18665 23932
426 10 207233 24489 16852 31570 4585 20633 16098 21486 8473 32260 23160 19452 32069 7925 10195 28921 2180 17789 19046 13615 2610
427 10 221165 31294 1591 26030 35166 5633 10764 31153 17875 19775 1140 26563 20053 27519 6496 22855 8894 16925 12656 25059 3512
428 10 138105 31627 5123 20171 33536 6660 19988 2463 8359 28202 16675 5632 19181 11051 31681 6491 12849 15793 36008 17284 20779
429 10 243554 18778 30639 22970 23331 37060 9258 28602 27978 19963 14580 28003 38084 36823 14019 29788 24853 11800 10195 22586 19944
430 10 191454 29325 16913 27605 26445 110 26232 20019 2411 25516 38000 30661 2104 5262 18787 35484 13719 17489 38259 10060 16323
431 10 126703 5000 30658 21373 12543 12711 26337 6140 403 15518 38443 1756 31566 22365 2676 38667 9538 899 13447 8943 35293
432 10 226883 29900 36753 35028 12268 34861 26442 19805 5593 7258 4488 19837 28163 90 24135 29092 35390 24783 12454 38171 21256
433 10 153520 10090 31993 34974 19848 1997 26023 6916 11083 7570 17522 25959 24567 19544 19837 8225 18324 16676 1221 29650 2897
434 10 253141 36933 29511 14412 24795 19 15346 31086 38125 36064 12502 29822 26714 27261 11403 18397 17259 35455 15554 37016 5260
435 10 158293 29124 31519 7809 28788 18618 28639 16155 22102 31418 32111 4448 19512 749 29337 381 29593 38513 33444 19410 12232
436 10 261467 10723 9679 36432 32508 26084 16059 23448 10068 35769 34159 37350 17341 27615 3811 31250 9181 12960 28757 33598 27999
437 10 191858 32208 17807 26383 32112 22230 13741 7743 32689 29426 33813 19402 11345 5886 19949 22357 29249 14100 15099 22221 7788
438 10 228679 21110 2137 23618 38024 25859 1067 13450 2516 26439 24867 16295 21898 37696 25769 30691 146 13375 6236 32182 16351
439 10 139100 1771 32568 28904 24231 16540 23880 2326 20643 5498 4337 6938 4675 23127 19824 23904 12069 10346 33068 27068 25415
440 10 196694 3308 23128 31126 24505 32571 33169 23206 35168 13249 10518 32851 357 7426 13836 13336 6429 11507 1233 38467 27768
441 10 142362 19023 3212 5743 1554 30769 61 16465 22240 15856 30148 1738 1055 20245 25526 9489 32187 8414 20320 22113 38062
442 10 171558 20270 8303 29165 8740 5826 15642 24249 37256 5695 20251 33649 8825 5340 20228 25502 23876 8063 31060 22829 23166
443 10 172777 31103 3419 37973 26489 7692 23441 8419 31676 15455 24992 13254 13866 19377 7078 19327 14689 5943 7436 23328 22861
444 10 92534 21747 3487 5910 4772 8558 19017 8014 4383 2991 12437 1202 34091 6701 33836 33313 34820 6543 20633 2426 32021
445 10 178828 33869 13511 14773 19026 5069 305 12273 28926 21184 2964 38570 32498 8013 4590 8885 22920 10748 16451 34856 19325
446 10 166741 16017 21123 27773 12773 10042 1491 14694 7865 14165 34682 37555 34771 18010 33881 20256 32415 2896 15147 14109 17900
447 10 218701 24873 6510 16040 10532 37059 24392 13339 22024 12850 30811 38174 17421 24001 18893 38053 7158 6126 14032 19697 30445
448 10 169214 28708 16834 28320 12134 28656 497 32044 36574 15025 14279 11081 20966 3998 16649 5205 19040 7409 30645 17675 31089
449 10 202694 20699 9372 18189 37018 21385 38625 5399 35515 29124 21508 34022 3440 12336 9177 33007 18944 12311 19306 26891 19566
450 10 195506 26630 20208 24204 2490 29465 1680 24154 25723 1016 27614 24771 25419 7576 12484 18024 33324 14792 6703 35164 24576
451 10 186992 15865 12576 11270 14092 35268 24097 21756 21787 33412 20886 5785 24885 9287 27276 10525 34829 17449 20063 36217 8030
452 10 189405 9417 9982 13834 30782 10226 33446 9737 21456 29448 38376 14729 31093 37556 33487 35318 30749 35170 878 3939 489
453 10 200628 29245 26876 35741 15101 27236 29021 5632 1685 8657 26351 19 23696 10453 13289 26653 3227 38584 16207 28968 37775
454 10 127261 20384 54 15945 4224 2226 7461 9770 18271 19991 16718 15951 14491 4044 11951 38341 31648 3782 34249 3525 28491
455 10 213057 8948 23550 8945 1303 15230 35838 36954 23342 32762 7643 19031 25633 28985 37169 15269 30565 29592 887 28555 24213
456 10 165901 21813 31829 28898 14608 7662 31623 23088 19567 4904 335 29638 33134 7520 14546 8709 32378 37333 31585 5068 22357
457 10 180168 23611 27411 21172 20445 9285 26010 27494 24832 16157 5158 7710 23884 20926 26102 16240 6004 13788 27531 33268 7777
458 10 174248 8657 21712 19365 15011 20049 36952 11799 18868 31488 24524 1712 9835 10850 27978 24827 3682 34086 9539 20586 14831
459 10 175824 33588 27283 24007 37686 27239 16312 11609 16890 10904 21797 1086 26535 9923 8999 37593 35662 4798 20109 24331 32256
460 10 192403 3358 27902 37032 23021 21989 30227 3262 19812 34520 30932 2227 2864 2705 26732 29504 962 35415 9223 32518 15487
461 10 180904 1967 21631 3151 221 20492 31593 10679 6117 32828 36371 23755 16946 9805 34517 23905 29636 27878 517 35966 25002
462 10 101507 7371 20225 4550 23498 16540 34352 22869 30732 24492 25818 1619 2913 2400 5892 13075 31501 13475 12348 459 19292
463 10 175069 8926 38260 17687 33799 2424 37908 17894 7936 10595 24745 11335 35011 21268 926 31828 27396 30205 2139 32122 25938
464 10 210596 36250 27438 19878 6240 30510 8747 14626 8011 36083 1450 28358 25178 24809 17154 12382 16836 8690 18771 10095 31029
465 10 170312 1685 21427 20146 4870 1020 14200 30175 29863 4419 26125 38432 31652 7378 24204 19631 22939 25635 14752 30755 29117
466 10 179545 11787 9548 14159 32253 17616 18106 22711 1081 11665 682 20060 5151 21989 31954 165 31547 32499 549 36344 36277
467 10 230312 18979 29412 32650 15145 13154 18666 36519 34570 22917 2457 12898 4990 21470 25035 19659 352 31051 14933 33137 32513
468 10 187415 30410 8504 11234 14009 11804 19419 30817 3705 23100 38103 17982 16447 12726 30007 433 5792 34521 8256 24252 15880
469 10 223068 2653 4016 24829 4058 28928 24363 31581 38474 38008 26133 17301 35874 23485 6557 17921 9169 22253 34748 27850 8334
470 10 140219 13059 7542 5009 35099 38484 23784 14518 28528 27867 25009 8578 33902 1332 22466 15947 19200 12769 35180 10036 21931
471 10 189696 32691 8270 37039 7726 26309 27828 22129 6796 29774 29574 12733 33318 1786 12119 15225 6612 12470 2530 9525 20887
472 10 164409 617 9308 28852 11383 5572 20494 36269 10713 8947 7268 6140 21631 20151 25680 15483 26134 25150 30106 25882 22579
473 10 199587 18342 17091 30292 28868 29091 27850 2397 10302 30121 226 33437 600 11089 11433 36876 15085 1564 2769 16883 29883
474 10 156784 12067 1072 19070 18229 26988 11513 5950 28326 11218 38547 25337 14638 76 7315 33523 22296 29170 23562 1637 699
475 10 188689 21171 17096 36 25910 24665 23699 4904 28449 17180 23286 35299 2978 38506 12442 29003 15821 20559 1343 7298 6801
476 10 157904 31264 14482 19622 30263 2910 18178 37586 13010 22298 23595 168 6556 2748 26922 5004 1875 10916 8972 33699 13269
477 10 164955 10986 20448 25251 16099 20533 38320 7419 14454 28113 12793 28550 37134 5007 38013 32 18342 13552 12358 34194 22808
478 10 196605 9172 20719 30482 26315 36194 8282 15959 32957 965 21815 26586 19627 20035 7172 37684 491 19190 31761 10686 12671
479 10 243618 30666 26733 27437 18650 2563 19674 18710 16513 30479 24730 25332 19457 21893 30117 31328 22016 36751 9846 31282 1495
480 10 182504 38079 8439 18311 37708 31861 2802 27333 12480 8897 29780 32700 2911 17093 7570 129 16845 16185 11282 1522 11870
481 10 238076 11630 29866 36916 13723 32803 20830 252 15250 37151 37814 24346 11066 24663 37 19359 13710 33987 20258 29500 23583
482 10 191334 28146 34112 10901 38487 19166 32038 38471 1802 1029 22009 21350 32959 35074 7626 753 19535 15095 24913 31420 21561
483 10 202612 14753 21426 19543 14486 35788 23889 17249 16353 17686 29579 28730 27171 24875 29993 24456 36093 26253 36718 3943 29739
484 10 179755 16243 13602 21061 10838 12048 11732 15392 4677 8401 22631 29592 25363 27311 20671 21320 37709 9169 24051 28679 13236
485 10 150788 36449 27295 22468 37105 5802 36632 21784 19815 5291 32812 13720 28426 12275 37329 2129 21787 11509 19453 27298 35786
486 10 145545 13915 617 16650 32025 3065 30909 37824 12697 12907 6916 3829 10810 1580 15895 12891 428 17609 14561 32936 18147
487 10 230709 36642 25292 6998 13792 7023 7900 36494 8003 27990 7619 17626 27906 22040 22911 25734 36450 25485 1697 36820 6214
488 10 188464 4342 20790 4556 37395 33863 18218 13327 18425 8464 18418 15498 14481 27933 33953 28582 10022 31892 18061 29927 766
489 10 178336 13263 10215 32594 34681 2612 21771 11892 37327 37955 13057 9301 10530 22572 8897 10414 31107 9300 22835 37820 3567
490 10 233670 33598 4953 3133 18394 25004 31788 27131 3926 31192 8374 35300 17497 16853 1992 37250 28520 25369 34035 11139 6061
491 10 150255 11125 15324 33578 2061 25711 27562 7414 37777 10425 37360 25213 28837 9155 13586 17163 36043 3462 11866 14918 27422
492 10 181425 4283 31788 26950 450 1575 12592 32304 15805 7719 10802 24838 32257 35147 4747 14552 25789 7418 31615 36188 35767
493 10 164333 17877 32947 5941 22155 8358 10689 16749 28060 22978 20004 15693 23580 26930 16418 2643 35671 29798 1533 26016 26154
494 10 188720 13113 35041 5522 25848 25346 8504 12471 22441 6165 11960 19673 2682 34513 19684 31452 30034 17892 33580 32506 32804
495 10 186560 1043 18326 16794 27180 3569 26688 20328 29824 33651 3697 33410 29927 25956 2651 5322 34331 34941 19768 21365 21451
496 10 180504 7665 25462 22736 15404 13147 13292 24986 4048 22963 32546 21803 31322 31702 29645 37404 2593 700 31640 6899 29881
497 10 148476 8667 34910 12522 4787 23379 5671 144 7034 31892 32264 6196 29870 29152 34299 2871 16866 28271 13381 13197 29450
498 10 216169 38143 27010 20916 5083 17578 28066 16662 12721 11661 25757 28765 33612 29935 19662 30365 373 12321 14969 21201 34812
499 10 158875 31500 37720 12507 11930 24236 30032 17216 31471 8627 24790 14761 15980 6455 19552 16083 22068 19796 21479 16056 34820
500 10 223007 1515 27199 37279 25006 32565 13509 38444 11892 20401 2438 12990 32692 26316 16549 23679 9429 12116 6646 29440 27875
