1 10 105532 5559 8874 47 3913 6637 9844 17476 19599 31278 32021 1441 5168 23012 24582 32265 32910 4204 7655 9997 12868
2 10 125476 11406 14136 22649 24256 4631 8039 23274 24818 9363 12298 2337 5974 21982 23655 33124 33683 17678 19781 10402 13234
3 10 157617 36789 36981 23852 25338 37817 37907 21875 23559 1121 4880 3420 6949 1079 4843 30025 30894 21164 22919 19880 21764
4 10 136726 18172 20226 28269 29314 7735 10832 18785 20778 23603 25114 3445 6972 15519 17839 21004 22775 3415 6944 30961 31737
5 10 127799 19574 21488 11465 14190 26700 27902 1225 4974 25405 26736 36209 36460 20103 21964 12904 15485 5012 8382 1152 4908
6 10 170483 25952 27228 6552 9768 22108 23768 21202 22953 13542 16060 7305 10446 23269 24813 37835 37923 24761 26156 30578 31392
7 10 152592 36240 36487 2268 5913 32215 32865 32080 32744 2681 6284 13666 16171 11344 14081 25313 26653 28663 29668 6271 9515
8 10 162499 20498 22319 9064 12029 7610 10720 26102 27363 13213 15763 11512 14233 33058 33624 21248 22994 36506 36727 24313 25753
9 10 178844 36973 37147 8243 11290 22731 24329 33367 33902 20702 22503 32217 32866 7671 10775 8329 11367 36803 36994 16520 18740
10 10 116973 2584 6197 13350 15886 2753 6349 10439 13267 25130 26488 24526 25945 27399 28531 27114 28274 9595 12507 3327 6866
11 10 195984 18463 20488 23474 24998 28745 29742 17567 19682 30259 31104 29053 30019 26739 27937 11864 14549 27379 28513 31437 32164
12 10 171840 17321 19460 28765 29759 5880 9164 5332 8671 20988 22760 26794 27986 30194 31046 18024 20093 33552 34069 27950 29026
13 10 126918 12853 15439 7657 10762 23992 25464 13549 16066 35007 35377 12210 14860 6757 9953 29726 30624 4151 7607 12746 15343
14 10 165648 18233 20281 22100 23761 11776 14470 26394 27626 31667 32371 28638 29645 3917 7397 36741 36938 25771 27065 1824 5513
15 10 161110 37982 38055 14669 17073 30771 31565 8471 11495 3870 7354 24855 26241 15153 17509 10082 12945 36092 36355 19443 21370
16 10 199227 35902 36183 35855 36141 19963 21838 16906 19087 26009 27279 24686 26089 36517 36736 37380 37513 8022 11091 7794 10886
17 10 167542 30973 31747 29778 30671 29960 30835 28262 29308 2629 6237 32475 33099 8807 11797 23886 25369 18729 20727 3929 7407
18 10 186887 29894 30776 5315 8655 34290 34732 29896 30778 35042 35409 3711 7211 33518 34037 24719 26118 15824 18113 21400 23131
19 10 145588 10053 12919 15936 18214 6195 9447 24303 25744 6259 9504 29187 30139 10366 13201 14757 17153 34324 34763 30605 31415
20 10 154878 23411 24941 2488 6110 3825 7314 18421 20450 7263 10408 34988 35360 21575 23289 30319 31158 24534 25952 26774 27968
21 10 175025 33722 34222 15434 17762 29751 30647 5084 8447 28376 29410 29797 30689 22676 24280 2421 6050 14822 17211 36699 36900
22 10 142426 4814 8204 24657 26063 17555 19671 10205 13056 30809 31600 10945 13722 16806 18997 26139 27397 1670 5374 34433 34861
23 10 156196 20427 22256 35553 35869 8966 11941 24556 25971 25000 26371 33943 34420 12529 15148 2160 5815 25526 26845 6585 9798
24 10 175951 22301 23942 31286 32029 25434 26762 9364 12299 13261 15807 4407 7837 23156 24712 19408 21338 33391 33923 37931 38009
25 10 171160 24821 26210 33007 33578 22676 24280 11928 14606 27008 28178 31949 32626 18234 20282 14505 16926 16629 18837 13194 15746
26 10 173228 32866 33450 6459 9684 22387 24020 36111 36371 7505 10626 38308 38348 27258 28404 10242 13089 20018 21888 15381 17714
27 10 202165 37552 37668 37922 38001 17686 19789 38404 38435 7147 10303 35257 35602 33855 34341 21400 23131 16351 18587 7133 10291
28 10 131078 8733 11731 11576 14290 17917 19997 8605 11615 16777 18970 36527 36745 8431 11459 30052 30918 15772 18066 9458 12384
29 10 144629 2874 6458 35156 35512 12316 14955 25656 26961 35484 35807 33235 33783 6404 9635 3091 6654 11617 14327 14954 17330
30 10 154624 3744 7241 7079 10242 27463 28588 19761 21656 10848 13634 31927 32606 14636 17044 24420 25850 20855 22641 32548 33165
31 10 125388 35800 36091 13680 16184 386 4219 2592 6204 31223 31972 4000 7471 21628 23337 12836 15424 13948 16424 20642 22449
32 10 147640 17337 19475 24413 25843 6074 9338 11385 14118 20448 22274 7845 10932 37971 38045 11126 13885 17414 19544 30538 31356
33 10 142351 4770 8165 30353 31189 6449 9676 18958 20934 30978 31751 31834 32522 2711 6311 18563 20578 1986 5659 31337 32075
34 10 187563 15534 17852 18086 20149 17547 19664 33177 33731 32687 33290 4566 7981 38326 38365 27499 28620 15564 17879 31468 32192
35 10 155116 17183 19336 9900 12782 9159 12114 14140 16598 11476 14200 15699 18001 9401 12332 35880 36163 34417 34847 36640 36847
36 10 100179 19265 21210 12073 14737 6681 9884 2393 6025 8696 11698 14846 17233 5805 9096 4598 8009 19674 21578 31193 31945
37 10 159920 12588 15201 19251 21198 16355 18591 30510 31330 17026 19195 27101 28262 31005 31776 14873 17257 27797 28889 3395 6927
38 10 124902 4601 8012 17137 19294 38306 38347 11605 14316 22149 23805 4230 7678 10165 13020 23369 24903 15508 17828 9058 12023
39 10 153425 14597 17009 36389 36622 14941 17318 37209 37359 24067 25532 17854 19940 19340 21277 1622 5331 25487 26810 276 4120
40 10 144291 9377 12310 10380 13213 12738 15335 13454 15980 26189 27441 35225 35574 11425 14154 9971 12846 38445 38471 13160 15715
41 10 126996 3778 7271 139 3997 36574 36788 21953 23629 24839 26226 12363 14998 36083 36346 6570 9784 5494 8816 10952 13728
42 10 134384 35535 35853 32950 33526 2086 5749 11161 13917 31596 32308 3566 7081 2245 5892 1299 5041 9790 12682 37752 37849
43 10 162163 15154 17510 23160 24715 566 4381 10684 13487 7396 10528 28864 29849 30983 31756 34647 35054 38708 38708 12542 15159
44 10 155122 30474 31298 16608 18819 34734 35132 14647 17053 10066 12931 8086 11149 24457 25882 3776 7270 37275 37419 13780 16273
45 10 130722 251 4097 12853 15439 16579 18792 29939 30816 12204 14855 12517 15137 37980 38053 33080 33644 2 3873 7998 11069
46 10 155034 20752 22548 18920 20900 2738 6336 5770 9064 20610 22420 27312 28452 30224 31073 32459 33085 21549 23266 13459 15985
47 10 186987 37274 37418 23292 24834 4624 8033 29919 30798 21552 23268 5833 9121 24453 25879 34666 35071 33855 34341 18266 20310
48 10 137954 10743 13540 32363 32998 18256 20301 19387 21319 8554 11570 12395 15027 29598 30510 28241 29288 7479 10603 5427 8756
49 10 192323 33527 34045 37631 37739 22905 24486 34123 34582 6739 9937 22879 24462 17315 19455 5820 9110 34201 34652 25264 26609
50 10 171977 18303 20344 11666 14371 36967 37142 14539 16957 38667 38672 23018 24588 24549 25965 18616 20626 25466 26791 3181 6734
51 10 134059 29662 30567 22841 24428 6344 9581 37012 37182 7249 10395 8800 11792 9604 12515 20284 22127 6657 9863 19121 21080
52 10 104295 18311 20351 5903 9184 16258 18503 6375 9609 17030 19198 4602 8013 19532 21451 22991 24564 11252 13998 8115 11175
53 10 192615 35288 35630 16599 18810 16271 18515 29700 30602 4624 8033 31538 32255 13984 16457 30168 31023 35623 35932 26974 28148
54 10 166334 34680 35083 30931 31709 6517 9736 34754 35150 1944 5621 32909 33490 30517 31336 16050 18317 15749 18046 3867 7352
55 10 194184 26874 28058 16976 19149 34748 35145 27993 29065 15194 17546 5807 9097 28486 29509 31972 32647 20742 22539 33939 34417
56 10 202424 37088 37251 4461 7887 34973 35347 30860 31645 95 3956 29047 30013 30858 31644 16102 18364 33475 33999 36072 36336
57 10 184420 35406 35737 12300 14941 9188 12141 27501 28622 2124 5783 15959 18234 36360 36595 36159 36415 32514 33134 23015 24585
58 10 138485 7739 10836 12914 15494 31708 32409 12229 14877 26619 27828 33538 34056 403 4234 33283 33826 127 3986 14547 16964
59 10 137543 11492 14214 11465 14190 6204 9455 30123 30982 7712 10812 34935 35313 30458 31283 6497 9719 7633 10741 25410 26740
60 10 116748 30270 31114 35828 36116 6370 9605 15247 17594 9086 12049 15903 18184 3546 7063 15924 18203 11492 14214 2269 5914
61 10 165951 15811 18101 16046 18313 36971 37146 7427 10556 21831 23519 610 4420 30870 31655 37871 37956 10829 13618 29173 30127
62 10 178460 5223 8572 16646 18852 10553 13369 24221 25671 33628 34136 30705 31506 35189 35542 19862 21747 17991 20063 29058 30024
63 10 162138 28549 29566 13835 16322 21018 22787 37426 37554 13483 16006 23716 25216 1245 4992 17785 19878 33409 33940 12207 14857
64 10 170920 22284 23927 1404 5135 5141 8498 21891 23573 36104 36365 15499 17820 33160 33715 33685 34188 26621 27830 17862 19948
65 10 139640 23857 25343 7815 10905 7044 10211 17463 19588 735 4533 27695 28797 20369 22203 24354 25790 19107 21068 26111 27372
66 10 139209 3515 7035 23960 25436 20197 22049 15900 18181 10559 13374 35777 36071 20501 22322 4555 7970 29731 30629 9317 12257
67 10 154260 28014 29084 4039 7506 20288 22131 7235 10383 30139 30997 21963 23638 1630 5339 37805 37896 21926 23605 19786 21679
68 10 141232 36935 37112 5450 8776 24037 25505 5550 8867 19513 21433 14101 16562 19801 21693 36040 36308 12247 14893 2867 6452
69 10 107538 6787 9980 4973 8347 28975 29949 13757 16253 10981 13755 8344 11381 20334 22172 5179 8532 1481 5204 33612 34122
70 10 220340 32849 33435 25554 26870 35809 36099 31711 32411 17664 19769 28496 29518 32242 32889 35324 35663 5469 8794 30307 31148
71 10 136793 19555 21471 10093 12955 8896 11878 12369 15003 17717 19817 11866 14551 19935 21812 34174 34628 34995 35367 1392 5124
72 10 173690 35338 35676 14058 16524 8894 11876 2485 6107 29273 30217 22042 23709 36620 36829 31420 32149 27869 28954 9114 12074
73 10 115568 16869 19054 5019 8388 25728 27027 14348 16784 35056 35421 8826 11815 21568 23283 2172 5826 14728 17126 147 4004
74 10 142924 1644 5351 33880 34363 14526 16945 14079 16542 19581 21494 17964 20039 23450 24977 16572 18786 7143 10300 29817 30706
75 10 126876 10327 13166 734 4532 6154 9410 25489 26811 34010 34480 32836 33424 2569 6184 9563 12478 4494 7916 32419 33049
76 10 174509 10080 12943 16211 18462 33603 34114 31565 32280 36665 36870 22123 23782 34751 35147 23675 25179 4719 8119 4745 8142
77 10 113116 9492 12414 20885 22668 18748 20745 12815 15405 2195 5847 26060 27325 11937 14615 6398 9630 10819 13608 22046 23713
78 10 184710 26591 27803 9139 12096 6069 9334 33784 34277 28733 29731 38293 38335 25355 26691 36753 36949 23190 24742 2981 6555
79 10 152440 20483 22306 26822 28011 6024 9293 16556 18772 19109 21070 28393 29425 2765 6360 32748 33344 10007 12878 27643 28750
80 10 202563 31404 32135 34117 34577 14379 16813 11347 14084 37433 37561 8839 11826 37348 37484 20518 22337 34800 35191 23019 24589
81 10 109464 3112 6672 13302 15844 25241 26588 26594 27806 3062 6627 26141 27399 2157 5813 24656 26061 99 3960 12467 15092
82 10 126731 21317 23056 917 4697 9875 12759 20054 21920 29293 30235 13831 16319 749 4546 29975 30849 715 4515 31688 32391
83 10 159300 21976 23649 27392 28524 24763 26158 37441 37569 242 4089 25246 26592 37522 37641 9609 12519 4566 7981 10368 13202
84 10 179979 3611 7121 29160 30115 38360 38395 3175 6728 14213 16663 22183 23836 38360 38396 14498 16920 36338 36576 25076 26440
85 10 124872 314 4154 19955 21831 3871 7355 34788 35181 11141 13898 28440 29467 17661 19767 35807 36097 2877 6460 1236 4984
86 10 176800 18735 20733 36514 36734 10842 13629 28449 29475 33641 34149 27624 28733 18921 20900 29559 30474 918 4697 15797 18089
87 10 161657 22713 24313 11598 14309 15771 18065 22325 23964 34517 34937 29720 30620 5163 8518 20514 22334 12160 14816 27591 28703
88 10 174502 5066 8431 30041 30908 4323 7762 24383 25816 24117 25577 14928 17307 24443 25870 36007 36277 26148 27405 28672 29677
89 10 168160 18119 20178 33848 34335 35105 35466 20299 22141 4702 8104 19151 21108 12598 15209 29847 30733 5012 8382 31519 32238
90 10 128500 20775 22569 19089 21051 5206 8557 15698 18000 23005 24576 1411 5141 3828 7317 28911 29891 12034 14702 30668 31473
91 10 188016 33216 33766 9156 12111 15111 17471 20526 22345 12359 14994 35753 36049 32036 32704 29144 30101 26380 27613 21339 23076
92 10 146050 36091 36354 11464 14189 6463 9688 37363 37498 15374 17708 14261 16706 7745 10842 38562 38577 517 4336 14723 17122
93 10 150068 17395 19527 12706 15306 18567 20582 21697 23399 20976 22750 37476 37600 20895 22677 21332 23071 11127 13886 5414 8744
94 10 190507 20886 22669 33554 34070 30639 31447 9327 12266 38390 38423 5166 8521 11747 14443 17316 19456 33503 34024 37606 37716
95 10 157033 32367 33001 3128 6687 17999 20070 24819 26209 12994 15566 3236 6784 31731 32429 19815 21705 35155 35511 15048 17414
96 10 204298 5966 9241 38654 38660 32038 32705 30324 31163 30545 31361 34186 34639 37851 37937 17424 19553 14083 16546 14302 16743
97 10 142244 33447 33973 29491 30413 4753 8149 17281 19424 15079 17443 574 4388 30884 31667 8427 11455 1420 5149 36449 36676
98 10 141407 33683 34186 6388 9621 9892 12774 6116 9375 36065 36330 17667 19772 899 4680 20675 22478 19342 21279 26032 27300
99 10 119408 662 4467 15214 17564 11160 13915 24565 25980 14951 17327 27853 28939 17770 19864 13452 15978 15394 17726 8239 11287
100 10 178034 488 4311 29619 30528 38046 38113 15886 18169 17660 19765 34819 35209 38350 38386 22452 24079 18316 20356 6907 10088
101 10 173120 27708 28809 35762 36057 5437 8765 35187 35539 6329 9568 25418 26748 32267 32912 2426 6055 32816 33406 13050 15616
102 10 138230 26092 27355 8397 11428 16229 18478 11308 14049 6034 9302 19176 21130 7617 10726 19496 21418 30578 31391 27861 28946
103 10 130050 11565 14280 25454 26780 24664 26069 3465 6990 34810 35200 3232 6780 13507 16027 13178 15732 15702 18003 16986 19159
104 10 151187 3120 6679 27274 28418 32944 33521 5019 8389 26241 27488 36791 36984 2158 5813 2018 5687 35370 35704 18049 20116
105 10 176881 7672 10776 35165 35520 18702 20703 4530 7948 36601 36812 20504 22325 33695 34197 3016 6586 35909 36189 25308 26649
106 10 196684 35453 35779 34626 35035 4283 7726 32486 33109 14830 17218 15552 17869 32450 33076 32888 33471 25725 27024 17563 19678
107 10 157211 19623 21532 32343 32980 35593 35905 37358 37493 4817 8206 13717 16217 6698 9900 20104 21965 233 4081 26028 27297
108 10 150038 3907 7387 8559 11575 28479 29503 11668 14373 33412 33942 3215 6765 37015 37185 20618 22427 5334 8672 35341 35679
109 10 98588 17498 19619 13330 15868 6054 9320 8575 11589 18619 20628 16451 18677 2895 6477 5753 9049 16556 18772 17504 19625
110 10 143563 4937 8315 19441 21368 12929 15508 29847 30733 21185 22938 13817 16307 20185 22038 23363 24898 22220 23870 11530 14248
111 10 203108 26885 28068 12209 14859 27307 28448 24196 25648 36698 36900 38252 38298 15070 17434 36008 36278 4144 7601 33117 33676
112 10 160339 28168 29222 10490 13312 19424 21353 18818 20807 18641 20649 19665 21569 14126 16585 30463 31288 2853 6439 37776 37870
113 10 167716 26208 27458 24866 26251 6997 10168 28461 29486 31050 31816 19331 21269 21511 23232 22585 24198 14747 17143 13889 16372
114 10 156636 24720 26120 18422 20451 37460 37585 11611 14321 16329 18567 23098 24660 29039 30007 7254 10400 780 4574 27082 28245
115 10 166906 36618 36828 23779 25273 4407 7838 38384 38417 15045 17412 32516 33136 5484 8807 10569 13384 33120 33679 8711 11712
116 10 176596 4469 7894 28014 29084 4258 7703 31165 31920 24989 26362 31907 32587 14360 16795 38454 38480 16978 19152 26151 27407
117 10 126331 21723 23422 29189 30141 23439 24966 1185 4938 8 3878 6047 9313 22923 24502 1379 5112 21464 23189 30557 31373
118 10 165532 25454 26780 26870 28054 13363 15898 12450 15077 22435 24063 23082 24645 38680 38683 29659 30564 156 4012 14766 17161
119 10 133000 29076 30040 22553 24169 30183 31036 8656 11662 2009 5679 15503 17824 420 4249 24603 26014 5965 9240 27283 28426
120 10 176077 9729 12628 30300 31141 24057 25523 34645 35052 20820 22609 8375 11408 9423 12352 24504 25925 35577 35891 22667 24272
121 10 122228 930 4709 24932 26310 25076 26439 7218 10368 35274 35618 4751 8148 6931 10109 29191 30143 16713 18913 1770 5464
122 10 140346 21201 22952 37768 37862 25921 27200 3690 7192 19828 21717 3836 7324 37877 37960 15353 17689 6487 9710 3472 6996
123 10 170683 10519 13339 30337 31174 9568 12483 10144 13001 7684 10787 29380 30313 28227 29275 27277 28421 31249 31996 28969 29943
124 10 163534 7001 10173 6914 10094 9832 12720 14351 16787 18693 20695 37450 37576 15148 17505 38436 38464 38613 38623 17980 20053
125 10 133404 34010 34480 22847 24433 21572 23286 8533 11551 4233 7681 5892 9174 7266 10411 1441 5168 26341 27579 34621 35031
126 10 174936 1962 5637 13608 16119 28110 29171 35073 35437 13363 15898 20989 22761 26530 27749 18263 20308 27870 28954 32902 33484
127 10 144656 18329 20367 19921 21800 3153 6709 7586 10699 29310 30251 23351 24887 36718 36917 28223 29272 12194 14846 2035 5703
128 10 134540 34063 34528 12180 14833 15260 17605 3073 6637 19742 21639 20804 22595 30714 31514 304 4145 17762 19857 14274 16718
129 10 164024 14153 16609 25792 27084 13362 15897 32256 32902 16485 18708 4838 8226 9919 12799 38270 38314 21931 23609 28025 29094
130 10 127368 6953 10129 30787 31580 27447 28574 3242 6789 8058 11123 9494 12416 37836 37924 26129 27388 2058 5724 7207 10358
131 10 131995 9445 12372 24673 26077 4828 8216 15212 17562 20000 21871 31868 32552 14071 16536 22192 23844 1543 5260 21162 22917
132 10 149209 17311 19452 24892 26274 10035 12902 22619 24228 11809 14500 9525 12443 30954 31730 2517 6136 29266 30211 27584 28697
133 10 193262 12584 15197 26182 27435 30628 31436 37861 37946 37496 37618 6329 9567 35522 35841 35428 35757 5623 8932 13925 16404
134 10 154648 8059 11124 8021 11091 10759 13554 28494 29516 37688 37790 814 4604 14521 16940 25916 27196 22382 24015 36657 36863
135 10 142216 14260 16705 17612 19722 7209 10359 17288 19431 3031 6599 7618 10728 17835 19923 24595 26007 36490 36713 31833 32521
136 10 135846 27242 28389 11569 14283 5120 8479 20343 22180 24300 25741 24934 26312 28659 29665 14260 16705 9265 12210 4116 7576
137 10 122576 21185 22938 28531 29549 609 4419 23358 24893 25295 26637 2095 5757 18958 20934 9456 12382 14858 17243 8876 11860
138 10 192222 25472 26796 27180 28334 19090 21052 6550 9767 28971 29945 7225 10374 35056 35422 18114 20174 36582 36795 36038 36306
139 10 178619 21929 23607 20586 22399 34022 34491 23439 24967 691 4493 11720 14419 6558 9773 34865 35250 38536 38554 30928 31707
140 10 146487 16092 18354 3954 7430 347 4183 13741 16238 37634 37742 6740 9937 37765 37860 37086 37248 23754 25250 5996 9268
141 10 164846 27185 28337 18935 20913 31413 32143 14396 16828 2663 6268 36299 36541 602 4413 24357 25793 28964 29939 21244 22991
142 10 177314 20885 22668 31446 32173 16308 18548 2062 5727 32721 33320 24829 26218 33924 34403 15885 18168 30977 31751 12606 15217
143 10 154695 37185 37338 13520 16039 1583 5296 5689 8991 10652 13458 37137 37295 27899 28980 24429 25857 10410 13240 24865 26250
144 10 139196 16499 18721 21096 22858 36836 37023 14141 16598 1433 5161 2247 5893 15890 18173 30164 31019 20228 22077 15461 17786
145 10 103772 11280 14023 9900 12781 4536 7954 27317 28457 6954 10130 14222 16671 33601 34112 1277 5021 1562 5277 19066 21031
146 10 165407 6055 9321 22989 24562 32856 33442 9395 12327 33736 34234 34026 34495 17998 20069 26752 27948 14179 16633 8773 11767
147 10 158804 15160 17515 16218 18468 35534 35852 19751 21647 20952 22728 19333 21271 30546 31363 32490 33112 1469 5193 7053 10219
148 10 128620 15358 17694 18828 20817 28503 29524 3264 6809 7589 10701 15930 18208 13011 15581 34197 34648 13460 15985 10635 13443
149 10 132077 35495 35817 12 3883 21378 23111 18720 20719 12698 15300 1953 5629 24720 26119 28098 29159 837 4625 21186 22939
150 10 84528 5817 9107 15722 18022 21384 23117 17534 19652 8230 11278 5102 8463 7443 10570 1902 5583 10054 12920 12472 15096
151 10 180264 6952 10128 22019 23688 20051 21917 23804 25295 35459 35785 38004 38075 34291 34733 14453 16879 5867 9152 24431 25859
152 10 153640 8391 11423 30985 31758 16833 19021 38054 38120 5402 8733 30945 31722 14646 17053 16787 18980 24690 26092 5317 8656
153 10 180920 27494 28616 12907 15488 24135 25593 24413 25843 28357 29393 5394 8726 8134 11192 27796 28888 29525 30444 37996 38068
154 10 150030 31197 31949 2182 5835 31099 31861 27888 28970 25594 26906 9841 12728 25153 26509 8865 11850 9682 12585 16037 18304
155 10 155016 21554 23270 15397 17729 12001 14672 559 4374 10283 13126 23920 25399 34038 34506 36783 36976 31469 32194 7767 10862
156 10 160067 26502 27723 11739 14437 3879 7362 34286 34728 37879 37963 14487 16910 14912 17292 21679 23383 26424 27653 8297 11339
157 10 167889 8861 11846 22010 23681 23386 24919 35846 36133 21092 22854 10963 13738 16519 18739 5942 9219 36410 36641 28833 29821
158 10 159468 17900 19981 37189 37342 29990 30862 771 4565 14258 16703 33478 34002 15727 18025 1904 5585 18984 20957 29134 30092
159 10 111261 22587 24200 31893 32575 409 4239 14769 17164 28100 29162 1718 5417 18283 20326 1236 4984 4461 7887 15621 17930
160 10 182946 22486 24109 35349 35686 28793 29785 18479 20503 17360 19495 28691 29693 8177 11231 13517 16036 19672 21576 36159 36415
161 10 185623 24003 25474 6905 10086 17306 19447 14394 16826 31461 32187 35087 35449 21770 23464 36418 36647 12145 14802 32540 33158
162 10 179800 27050 28216 29814 30704 27198 28349 1225 4974 34753 35149 15246 17593 29386 30319 23845 25332 33056 33622 3177 6731
163 10 132824 18933 20911 23068 24632 25606 26917 5036 8404 7765 10860 15471 17795 6938 10116 32481 33104 15849 18135 14883 17266
164 10 151863 37861 37947 2382 6015 29609 30520 5825 9114 2647 6253 27739 28837 20808 22598 9760 12655 35735 36033 17463 19588
165 10 164921 12850 15436 35651 35957 36316 36556 8261 11307 898 4679 30959 31734 9897 12779 5464 8789 38599 38610 27257 28403
166 10 131701 33853 34339 32027 32696 6130 9388 14192 16644 7666 10771 1670 5375 33376 33910 6266 9511 16636 18844 12811 15401
167 10 159109 23260 24805 23502 25023 176 4029 32912 33492 31067 31832 35900 36182 23203 24754 25055 26421 1884 5567 1928 5606
168 10 138944 34200 34651 29503 30424 7346 10483 32839 33427 16457 18683 15594 17906 14204 16655 12772 15366 10521 13341 244 4091
169 10 132756 1719 5418 13190 15743 2662 6267 22664 24269 31863 32548 23408 24938 25182 26535 12171 14826 19940 21817 13147 15704
170 10 144784 12421 15050 24481 25904 31585 32298 353 4189 17304 19445 15320 17659 18354 20390 30835 31623 20868 22653 9459 12384
171 10 111808 23328 24866 14453 16879 10853 13639 10011 12881 10796 13588 15380 17713 34748 35145 4772 8167 849 4635 14570 16985
172 10 154730 19569 21484 23568 25082 24775 26169 16761 18957 19140 21097 35064 35429 5963 9238 14297 16738 3760 7255 30516 31335
173 10 125451 10136 12994 30105 30966 31913 32593 1529 5248 12585 15197 17140 19297 23932 25410 13060 15625 12581 15194 3833 7321
174 10 180766 16214 18464 31886 32569 25647 26954 14297 16738 2516 6135 21412 23142 23798 25290 27107 28268 28106 29167 34975 35349
175 10 168020 28902 29883 31944 32621 14960 17335 10360 13195 33450 33977 17813 19903 2382 6015 37295 37437 32699 33301 221 4071
176 10 145611 21813 23503 34971 35345 19369 21304 19765 21660 3841 7328 35876 36160 28651 29657 12383 15016 1740 5437 3605 7116
177 10 122567 16870 19054 8064 11129 24660 26065 4359 7794 34628 35037 22300 23942 10431 13259 1946 5623 23791 25283 6160 9415
178 10 162428 26970 28144 37610 37720 7506 10627 32488 33111 21566 23281 8343 11380 32622 33231 7392 10524 28165 29220 374 4208
179 10 169164 25757 27052 24308 25748 6154 9410 5778 9071 38256 38301 25205 26556 29416 30345 14422 16851 4959 8334 37201 37352
180 10 150918 27129 28287 7109 10269 4142 7599 8360 11395 32662 33268 25597 26908 29623 30532 3676 7180 37084 37247 13266 15811
181 10 161035 396 4228 18313 20353 33608 34119 19590 21502 34603 35014 23106 24667 20190 22042 7199 10350 14127 16585 30162 31017
182 10 91101 3122 6681 17629 19738 12442 15069 24170 25624 5360 8696 17346 19483 6896 10078 242 4090 19958 21834 6712 9913
183 10 174694 35412 35742 24461 25886 11673 14377 21562 23277 35266 35611 20452 22278 16550 18766 7043 10210 18350 20387 27599 28710
184 10 151100 27725 28824 17922 20002 8407 11437 20648 22455 16759 18954 1951 5627 26509 27730 17295 19437 30991 31763 20668 22473
185 10 124188 21288 23031 357 4192 21058 22824 6248 9495 19534 21452 15752 18048 25672 26977 15739 18036 27497 28618 2091 5754
186 10 143266 5650 8956 10996 13767 33408 33939 16581 18794 28877 29860 34066 34531 9569 12484 2258 5903 4818 8207 32860 33445
187 10 176090 13416 15946 6442 9669 26957 28133 30896 31678 15094 17456 34442 34869 31172 31926 38051 38117 20795 22587 2848 6434
188 10 166468 25061 26427 25268 26612 26087 27350 7686 10788 1230 4978 33494 34016 31314 32054 11366 14101 8184 11237 38396 38427
189 10 153228 25039 26407 22688 24290 13887 16369 29497 30418 31374 32108 11665 14370 3654 7160 9922 12801 15339 17676 28471 29495
190 10 165041 28761 29757 37229 37377 28550 29567 36255 36501 4616 8026 9961 12836 23479 25003 1417 5147 32495 33117 3539 7057
191 10 155797 3971 7446 26617 27827 27358 28494 23430 24959 24215 25665 2744 6341 25966 27241 16034 18302 31079 31843 13333 15871
192 10 192918 27078 28241 36886 37069 21757 23453 18331 20369 32232 32881 31320 32059 18922 20901 8985 11958 12980 15553 32657 33263
193 10 170840 16002 18273 18638 20645 32982 33555 24853 26239 11324 14063 3005 6576 31168 31923 30868 31652 8709 11709 36001 36272
194 10 117070 4075 7539 7702 10803 24745 26142 13893 16375 21517 23236 28357 29393 15334 17672 13211 15761 10770 13564 6734 9932
195 10 187868 25624 26933 25840 27127 31881 32565 32642 33249 10822 13611 17037 19205 25860 27146 25820 27109 16639 18847 22671 24275
196 10 197635 10010 12880 108 3969 36111 36372 37960 38035 34381 34814 12727 15325 32568 33182 31565 32280 21884 23567 29730 30628
197 10 145116 21826 23515 33334 33872 13938 16416 4745 8142 21238 22985 32104 32765 380 4214 17622 19732 13795 16287 22413 24043
198 10 201770 21880 23564 29048 30015 22562 24178 4659 8065 20926 22704 33794 34286 34030 34498 21652 23358 36157 36413 27505 28626
199 10 127168 31516 32235 365 4200 7808 10898 5513 8833 21098 22860 12322 14961 29976 30850 22625 24234 15548 17864 12190 14842
200 10 144424 14929 17307 31463 32188 636 4444 38708 38709 26161 27416 26989 28161 5456 8782 7962 11037 22021 23690 6206 9457
201 10 175386 12072 14736 29829 30718 33969 34443 27998 29069 10591 13403 28727 29725 25970 27245 26327 27566 18010 20080 5740 9037
202 10 140060 13879 16363 31472 32196 14969 17343 8067 11132 28878 29861 15181 17535 27300 28442 30749 31545 4556 7972 25 3894
203 10 151650 21070 22834 20045 21912 29253 30199 19064 21029 36523 36742 18514 20534 11141 13898 5798 9090 5046 8413 23109 24669
204 10 125496 26916 28096 13549 16065 2169 5824 34438 34866 4894 8276 1419 5148 26159 27414 15742 18039 3388 6920 28197 29249
205 10 166320 36573 36787 20432 22260 5415 8745 6835 10023 21580 23294 19937 21815 23971 25445 15101 17462 21230 22978 36827 37016
206 10 128550 33443 33970 9625 12534 22008 23679 730 4528 14070 16534 13054 15620 14464 16889 16351 18588 12816 15406 24127 25586
207 10 133478 23111 24671 26842 28029 26643 27850 4870 8255 1865 5550 30774 31568 12040 14707 5779 9072 27793 28885 7131 10289
208 10 129242 34212 34662 2420 6049 37662 37767 9696 12598 34320 34759 3595 7107 6085 9348 23916 25396 5585 8898 4062 7528
209 10 135330 9529 12448 19855 21741 38094 38156 32813 33403 14957 17332 7775 10869 118 3978 38120 38179 3577 7091 4325 7763
210 10 148685 12158 14813 6881 10064 25232 26580 15641 17948 33255 33801 12710 15311 11772 14466 24063 25528 15354 17690 28791 29783
211 10 127285 6661 9866 17083 19246 33923 34402 5982 9255 19785 21678 11035 13803 12928 15506 5 3876 25789 27081 25916 27196
212 10 140320 19547 21464 17219 19368 36862 37047 5770 9064 13161 15716 19393 21325 10683 13486 18682 20686 14955 17331 19129 21087
213 10 160863 5837 9125 13945 16422 20658 22463 33194 33746 12874 15458 8493 11515 38547 38563 15044 17411 32044 32711 20443 22270
214 10 165273 19067 21032 13889 16372 35530 35848 748 4544 17292 19434 31371 32105 1409 5139 32650 33256 29540 30458 25096 26458
215 10 133852 27441 28568 26900 28082 22659 24264 27623 28732 22117 23777 8389 11422 11510 14230 14613 17023 58 3924 6006 9277
216 10 169400 14070 16535 22016 23686 33022 33591 27468 28593 33064 33629 14604 17015 7030 10198 35575 35889 14064 16529 10837 13624
217 10 197019 37695 37797 27614 28724 6798 9990 25022 26391 17064 19229 35044 35411 36195 36447 36265 36510 19292 21234 5285 8628
218 10 134504 8545 11562 17641 19748 16624 18833 13244 15791 4709 8110 4780 8173 12300 14942 38549 38566 24073 25537 27665 28770
219 10 186223 23664 25169 11249 13995 24278 25721 25935 27213 19219 21169 34365 34800 9690 12592 29073 30037 22419 24048 32887 33470
220 10 163723 12506 15126 18256 20302 26087 27350 34665 35070 19053 21019 3888 7370 4681 8085 16024 18293 34944 35321 34550 34967
221 10 115170 38344 38381 11522 14241 20142 21999 887 4670 9638 12545 13837 16325 8948 11924 13367 15902 9466 12391 17812 19902
222 10 194851 20025 21894 29921 30800 32657 33263 11654 14360 25333 26671 18493 20515 13967 16441 34929 35307 33202 33753 23383 24916
223 10 152585 29577 30490 30714 31514 16653 18859 2685 6288 31771 32466 11904 14585 34599 35010 7926 11004 6063 9328 18840 20828
224 10 169919 16878 19062 37298 37440 16760 18956 8268 11313 28650 29656 27062 28227 31661 32366 18152 20208 18149 20205 9521 12441
225 10 138796 11962 14637 22610 24221 34356 34792 2813 6403 23182 24735 256 4102 16776 18970 24637 26045 11744 14441 25159 26514
226 10 173840 34356 34792 15604 17915 12994 15566 27755 28851 9631 12539 35009 35379 24675 26079 9152 12108 12400 15032 35725 36024
227 10 103959 16445 18672 11161 13916 20706 22506 1513 5233 11737 14435 24930 26308 29321 30261 10701 13502 9 3879 3426 6955
228 10 181938 31972 32646 37994 38066 28535 29553 30164 31019 6181 9434 16639 18846 2109 5770 6898 10080 37735 37833 29196 30148
229 10 180703 29742 30640 14704 17105 27511 28631 18467 20492 16488 18710 31858 32544 33203 33754 10122 12981 15330 17668 28454 29480
230 10 148807 25254 26600 14470 16895 10296 13138 22100 23761 33227 33776 6283 9526 13549 16065 36605 36816 15286 17629 8939 11916
231 10 115752 30192 31044 1169 4924 36016 36286 13670 16174 34412 34842 1159 4914 4678 8082 4807 8197 4693 8095 13894 16376
232 10 197803 36696 36897 11121 13880 38326 38364 31222 31971 9005 11976 17191 19343 38584 38597 35134 35492 9234 12182 20741 22538
233 10 110208 27408 28539 24842 26229 653 4459 2962 6537 25716 27016 4203 7654 1597 5309 37064 37229 6302 9543 7014 10184
234 10 203129 8940 11917 34058 34523 22724 24323 25731 27029 32940 33517 10925 13704 38467 38492 37936 38014 8887 11869 33304 33845
235 10 113331 25164 26519 9940 12817 31635 32343 16346 18583 6828 10017 8571 11586 14041 16509 9487 12409 14505 16926 5147 8504
236 10 128465 389 4221 22010 23680 21603 23314 18380 20413 10274 13118 16254 18500 18714 20714 25045 26411 23422 24951 4491 7913
237 10 151988 19889 21771 36159 36415 10638 13446 1051 4817 34457 34883 24398 25829 22424 24053 29875 30759 748 4545 10346 13183
238 10 184049 28701 29702 15139 17497 16315 18555 26838 28026 12741 15338 35013 35383 25492 26814 29907 30788 25151 26507 14765 17160
239 10 164530 7069 10233 23855 25341 28458 29484 7094 10256 5581 8894 17197 19349 26132 27390 19608 21519 35764 36059 34905 35286
240 10 147503 26384 27617 13767 16261 17892 19974 15052 17418 36955 37130 4821 8211 17706 19807 23092 24654 7717 10817 20993 22765
241 10 199179 33974 34448 30167 31022 8671 11675 18217 20267 17162 19317 34563 34978 20681 22484 35858 36143 22856 24442 26825 28014
242 10 106729 21153 22909 8493 11515 6077 9340 18353 20389 22303 23944 21081 22844 13014 15584 7074 10238 11162 13917 4702 8104
243 10 117492 5927 9205 22876 24460 13017 15586 3895 7377 13929 16407 29321 30260 4724 8123 32192 32844 12054 14720 8931 11909
244 10 134188 3866 7351 12872 15456 16813 19003 8263 11308 5975 9249 11820 14509 17511 19631 31330 32068 32788 33380 26497 27718
245 10 132555 8716 11715 32894 33476 18821 20810 31893 32575 4750 8146 3794 7286 15810 18101 16737 18935 1983 5656 30296 31138
246 10 147169 24318 25757 10634 13442 16364 18599 23918 25398 1305 5046 26140 27398 5173 8527 35453 35779 34906 35287 5751 9047
247 10 193416 28219 29269 3248 6794 31620 32329 36490 36712 30598 31410 24791 26183 31548 32265 35904 36185 2703 6304 16650 18856
248 10 107393 10687 13490 34148 34605 1135 4893 14601 17012 3674 7178 4729 8128 22895 24477 9030 11998 26177 27431 7166 10321
249 10 198296 31041 31808 14761 17156 37653 37759 35539 35856 28518 29538 6346 9583 14300 16742 24376 25809 30799 31590 24538 25956
250 10 192904 35372 35707 24315 25755 334 4172 28908 29888 29882 30765 26501 27723 2499 6120 38608 38619 25080 26443 29631 30540
251 10 150915 31876 32560 26129 27387 22975 24549 6781 9974 10253 13099 33214 33764 3834 7322 5308 8649 29272 30216 19002 20973
252 10 135773 38293 38335 14477 16900 5495 8817 15502 17823 19258 21204 13579 16093 3762 7257 32339 32977 23800 25291 3212 6762
253 10 181099 38479 38503 31103 31864 34817 35207 18550 20566 13655 16161 12774 15368 15130 17488 27993 29065 27908 28989 5965 9240
254 10 157296 2105 5766 36561 36776 29357 30293 32168 32822 30288 31131 19429 21357 8983 11956 3897 7379 30989 31761 2843 6430
255 10 165432 37587 37699 16850 19037 11385 14118 16442 18670 23031 24599 12972 15546 33461 33986 10068 12932 7850 10936 37145 37302
256 10 146130 6917 10097 10487 13310 18409 20439 13659 16164 35108 35469 18697 20699 2243 5890 24139 25597 15825 18114 37179 37333
257 10 148616 12166 14820 3816 7305 31270 32015 31519 32238 5789 9081 23976 25450 4005 7476 30869 31653 11492 14215 30868 31652
258 10 156832 29254 30200 21460 23185 38514 38534 2384 6017 33502 34023 5146 8503 11390 14123 33829 34318 3514 7034 17047 19213
259 10 174263 8186 11239 24593 26005 38588 38601 35158 35514 36736 36934 2541 6158 2220 5869 3964 7439 31944 32621 33899 34380
260 10 196186 32876 33460 19725 21624 36789 36981 35628 35937 37788 37880 3207 6757 2646 6253 34788 35181 12320 14959 29466 30391
261 10 135330 28918 29897 4404 7835 1727 5425 25559 26874 21579 23293 36981 37154 31526 32245 7219 10369 10312 13152 938 4715
262 10 152322 34461 34887 24178 25631 25767 27062 7564 10679 21568 23282 11082 13845 20876 22660 20144 22001 24607 26017 156 4012
263 10 129121 5666 8971 18853 20839 13255 15801 34420 34849 2293 5935 29510 30430 13597 16108 12687 15290 15898 18179 15223 17572
264 10 116129 9168 12123 26704 27905 5170 8524 25007 26377 1802 5494 14995 17367 36137 36394 13139 15696 4098 7560 8942 11919
265 10 177412 26901 28082 25820 27109 33398 33929 13055 15620 22569 24184 14492 16914 33477 34001 13454 15980 22276 23920 16324 18563
266 10 201321 30981 31754 1928 5607 28753 29749 19373 21307 37498 37619 37168 37323 32196 32848 27197 28348 15798 18089 20760 22555
267 10 109273 19816 21706 12224 14873 5237 8585 2109 5769 10804 13595 9023 11992 10842 13629 28692 29694 267 4112 37578 37692
268 10 203901 30606 31416 36876 37059 29727 30626 16411 18642 11594 14306 10717 13517 27809 28899 25901 27182 32984 33557 32252 32898
269 10 147793 34282 34725 5969 9243 14669 17073 21561 23276 36746 36943 25929 27207 22494 24116 5650 8956 11183 13936 6259 9505
270 10 158179 35060 35426 10869 13653 24649 26055 2849 6436 5238 8585 17533 19651 1479 5203 29784 30677 36488 36711 33775 34269
271 10 172066 29930 30808 37327 37466 33122 33682 19362 21297 17446 19573 18762 20757 21260 23005 23064 24629 14136 16593 674 4478
272 10 190715 29824 30713 37782 37875 4014 7484 37876 37960 36399 36630 22918 24498 25952 27228 2922 6501 25461 26786 15246 17593
273 10 134624 29536 30454 8333 11371 31491 32213 37237 37385 18191 20243 7170 10324 9313 12253 15199 17551 1196 4948 10615 13425
274 10 114390 2700 6302 1524 5243 10974 13748 8121 11181 4487 7909 21155 22911 27517 28637 6096 9358 23090 24652 37324 37463
275 10 149728 24822 26211 19429 21357 9363 12298 232 4080 15657 17963 18803 20794 5047 8414 37803 37894 29170 30124 26835 28022
276 10 137345 9047 12014 9089 12052 30427 31256 31348 32084 30549 31366 8083 11146 8097 11159 13060 15626 31471 32195 511 4331
277 10 162880 8214 11264 11437 14165 17506 19627 33893 34375 20116 21975 36091 36353 3688 7191 34428 34856 14231 16679 23997 25468
278 10 162902 16240 18487 5183 8536 36406 36637 27324 28463 34954 35330 1487 5209 23067 24632 7266 10411 27404 28535 24297 25739
279 10 126198 6867 10052 14753 17149 15588 17901 5581 8894 30002 30873 30495 31317 5985 9258 5186 8539 31882 32565 11409 14140
280 10 143013 30919 31698 20830 22619 20755 22551 18819 20808 4919 8299 1479 5202 5130 8488 21990 23662 18909 20890 35017 35386
281 10 142595 27374 28508 15242 17589 6995 10167 2569 6184 13503 16024 21816 23505 34996 35368 23976 25450 4767 8161 27006 28177
282 10 199915 23867 25352 11094 13856 6022 9291 36632 36840 25069 26434 27028 28196 38549 38566 26074 27338 24301 25742 31258 32003
283 10 184798 22360 23995 29380 30313 18573 20587 34387 34820 3712 7212 14046 16512 26795 27987 27987 29060 35979 36253 17779 19873
284 10 166533 21929 23607 22918 24497 32374 33008 16178 18432 3075 6639 24316 25756 17279 19422 13900 16381 21992 23664 34206 34657
285 10 182240 30128 30986 15804 18095 30366 31201 23717 25217 31329 32067 21867 23552 26731 27929 4789 8181 35041 35408 8028 11097
286 10 184903 31516 32236 35164 35519 15781 18074 30836 31624 5071 8435 34942 35319 21074 22838 27108 28268 9529 12447 20108 21969
287 10 150236 16699 18900 565 4380 19589 21501 13410 15940 27756 28852 36905 37086 20384 22217 867 4652 17122 19282 34498 34919
288 10 164715 4533 7951 28445 29472 13046 15612 30229 31077 37501 37623 18685 20688 10773 13567 21283 23026 13920 16399 27479 28603
289 10 158991 11556 14271 11544 14261 6332 9570 1582 5295 36071 36335 14753 17149 36317 36556 19532 21450 31301 32042 29751 30647
290 10 133326 102 3963 21538 23256 25664 26969 6351 9588 3876 7360 26920 28100 5724 9023 29418 30348 16662 18867 30403 31234
291 10 113844 1660 5366 5667 8971 14818 17207 8008 11079 17073 19237 3050 6616 25015 26385 4728 8127 34199 34651 28087 29150
292 10 144539 15420 17749 15492 17815 31562 32277 21610 23321 21099 22860 12011 14681 34105 34566 15553 17869 3768 7263 10054 12920
293 10 136639 21782 23475 18464 20489 23796 25288 30189 31042 5171 8525 17740 19837 14970 17344 9012 11982 11977 14651 17698 19799
294 10 133660 25255 26601 15482 17805 8912 11892 27098 28259 16632 18840 4466 7891 7607 10717 23651 25158 16399 18630 21573 23287
295 10 177349 17756 19852 21580 23294 31881 32564 5907 9188 32715 33315 13641 16149 36960 37135 11 3881 24075 25539 37161 37316
296 10 139200 3096 6658 3176 6729 33819 34308 9959 12834 22621 24231 2576 6190 35054 35420 15520 17840 26150 27406 22029 23698
297 10 110592 17824 19913 4924 8303 30581 31394 10960 13735 11661 14366 15524 17843 3674 7178 5388 8720 36787 36979 918 4698
298 10 184087 25078 26441 7360 10495 20069 21933 26721 27920 34918 35297 33503 34024 29728 30626 27965 29040 12525 15144 12242 14889
299 10 150491 4343 7780 35290 35632 1221 4971 17778 19871 26969 28144 33744 34241 28223 29272 8373 11407 13217 15767 18956 20931
300 10 177821 24927 26305 8922 11902 10712 13512 25657 26963 26487 27710 18281 20324 24560 25975 26355 27590 27491 28613 28885 29868
301 10 134916 12692 15294 16418 18648 25363 26698 9725 12624 18802 20793 14806 17197 13666 16171 36995 37167 9447 12374 10732 13530
302 10 154292 11039 13806 18234 20282 12315 14955 30492 31314 24758 26153 2652 6258 15290 17633 31002 31773 18355 20391 28728 29727
303 10 129329 9585 12498 84 3947 23201 24752 29411 30341 4758 8154 30397 31229 19545 21462 11956 14632 23796 25287 8929 11907
304 10 186725 28172 29226 20592 22404 14221 16670 4612 8022 25863 27148 23585 25098 7326 10464 37871 37955 37669 37773 33496 34017
305 10 234168 32478 33101 22105 23766 35001 35373 38349 38385 26886 28068 11011 13781 29919 30799 30743 31540 30962 31737 35257 35603
306 10 140204 5560 8875 18129 20188 25659 26965 4972 8346 28562 29577 24619 26028 2110 5770 5474 8798 30782 31575 29388 30321
307 10 91988 4366 7801 6822 10011 30644 31451 3326 6865 38677 38681 3121 6681 4383 7816 10160 13015 1635 5343 11852 14538
308 10 164959 32060 32725 10579 13393 2259 5904 25458 26783 25893 27175 23488 25010 36990 37163 30066 30931 291 4133 19115 21075
309 10 129136 9216 12166 38129 38188 30536 31353 15883 18166 8653 11659 17768 19862 14196 16648 4344 7781 9201 12152 13494 16016
310 10 112266 4828 8216 1703 5404 28920 29899 1018 4788 10018 12887 1402 5133 2424 6053 30327 31165 23362 24897 36331 36569
311 10 156656 10937 13715 38683 38686 1902 5583 15357 17693 33479 34003 11822 14511 22360 23996 16767 18962 25737 27034 18776 20770
312 10 149580 22949 24525 9214 12164 29643 30550 37293 37435 27470 28595 11913 14593 1854 5540 4702 8103 11113 13873 30824 31613
313 10 202607 35917 36196 26999 28170 23528 25047 26224 27473 31815 32505 28922 29901 6024 9293 31329 32067 30154 31010 12347 14983
314 10 117816 9159 12115 19984 21857 21288 23030 6239 9487 7901 10983 19468 21392 1694 5396 25140 26497 26699 27901 9698 12600
315 10 115607 10422 13251 9599 12510 1260 5005 22073 23737 7888 10971 6318 9558 30090 30952 12196 14848 29178 30131 15485 17808
316 10 199297 38543 38560 16961 19137 37723 37822 26837 28025 3418 6948 35404 35735 29593 30505 12555 15171 14858 17243 33230 33779
317 10 157064 33181 33734 28191 29244 7457 10583 1934 5612 25543 26860 36926 37105 10729 13527 12331 14969 32438 33065 7600 10712
318 10 149496 29595 30507 13258 15804 3077 6641 7872 10956 21873 23557 28177 29231 31877 32561 17328 19467 21925 23604 11888 14571
319 10 153339 13587 16100 29289 30231 29406 30337 7365 10500 24063 25528 14307 16748 23743 25240 12972 15546 6795 9987 30147 31004
320 10 223680 34879 35262 34905 35286 27041 28208 37670 37774 11155 13911 31733 32431 29302 30243 28084 29147 17226 19375 27605 28716
321 10 161777 3595 7107 35965 36240 9113 12073 20297 22139 31019 31789 23137 24695 7843 10930 32509 33129 26018 27288 12726 15325
322 10 152487 30201 31052 24583 25996 35281 35624 4249 7696 5643 8950 26291 27533 4246 7693 17973 20047 31270 32015 10872 13656
323 10 213782 30889 31671 2196 5848 27600 28711 33794 34286 20205 22056 31537 32254 22607 24217 34039 34506 37428 37556 26933 28111
324 10 135869 24551 25967 3978 7452 17599 19710 26142 27399 8290 11332 33153 33709 2892 6474 6122 9381 34551 34967 12559 15174
325 10 186480 38012 38083 35614 35924 2894 6476 36260 36505 16753 18949 27152 28308 23105 24666 3188 6740 25452 26778 24670 26074
326 10 159372 20785 22578 19524 21443 4213 7663 19735 21633 33326 33865 27799 28891 19269 21214 33777 34271 16685 18888 4103 7564
327 10 195602 33489 34012 19596 21508 33549 34065 36516 36736 22767 24362 11228 13977 14576 16989 20470 22294 31609 32319 20703 22504
328 10 173384 29515 30435 21521 23240 22364 23999 28271 29315 31125 31884 17594 19706 28472 29497 5984 9257 2251 5897 29634 30542
329 10 122699 9531 12449 19686 21589 139 3996 26435 27663 29673 30577 6520 9740 26190 27443 1838 5526 1192 4945 32170 32824
330 10 118917 36781 36974 9876 12760 1799 5490 6479 9703 224 4073 32007 32678 3178 6732 17850 19936 16238 18486 24215 25665
331 10 143420 6087 9350 32427 33056 1002 4773 28905 29886 34780 35174 22760 24356 7699 10800 9984 12857 24902 26283 10729 13527
332 10 122435 16297 18539 2965 6540 20661 22467 14324 16763 4015 7485 27871 28955 32964 33539 8029 11097 9899 12781 16019 18289
333 10 134245 14500 16922 7832 10920 18366 20401 21058 22824 24964 26339 29092 30054 24155 25611 13691 16193 7746 10843 6403 9634
334 10 144282 31156 31912 23912 25392 5298 8639 16819 19008 2604 6215 18748 20745 35318 35658 10086 12948 4329 7767 32083 32746
335 10 128298 19554 21470 2020 5689 2063 5728 37160 37316 9268 12212 9244 12191 6194 9446 25802 27093 12394 15026 36674 36878
336 10 141561 18281 20325 7080 10243 27323 28462 8367 11401 34856 35242 8161 11216 5231 8579 23421 24951 32771 33366 11461 14186
337 10 185720 35069 35433 32045 32711 36678 36881 23321 24860 11296 14038 5700 9001 33219 33769 5924 9203 31023 31792 17876 19960
338 10 203084 34791 35184 23197 24748 25603 26914 4125 7584 31492 32214 31973 32647 27569 28684 34845 35232 27517 28637 12743 15340
339 10 197197 8891 11873 24450 25877 36271 36515 26892 28074 14098 16559 30911 31691 5962 9237 30495 31317 34628 35037 33899 34381
340 10 165236 3266 6811 23143 24700 18685 20688 30388 31221 32575 33189 5645 8952 21888 23570 29030 29998 25254 26600 16671 18875
341 10 178574 34180 34634 7882 10965 37207 37358 15859 18145 7187 10340 5815 9105 30897 31679 33641 34148 17733 19831 32817 33406
342 10 159897 23014 24584 18245 20292 26049 27315 28953 29929 37530 37648 3095 6657 17080 19244 16433 18661 7414 10544 22059 23725
343 10 164879 8533 11551 36456 36682 15753 18049 21084 22847 15214 17564 23586 25099 35907 36188 11124 13883 27023 28192 11419 14148
344 10 191505 37701 37802 34205 34656 10591 13403 33697 34199 16676 18880 33740 34237 35966 36241 345 4182 144 4001 36317 36556
345 10 186915 12508 15128 23786 25279 36739 36936 37214 37364 32727 33326 9073 12037 24450 25876 24046 25513 7294 10436 25807 27097
346 10 177510 31335 32073 28726 29725 37631 37739 5697 8999 15253 17599 14562 16977 38552 38568 14609 17019 27817 28906 7706 10807
347 10 149524 35177 35531 9941 12818 10564 13379 15052 17418 25688 26990 2489 6112 2493 6115 25614 26924 37855 37941 22032 23700
348 10 191236 35390 35722 37907 37987 27615 28725 875 4659 28289 29331 28966 29940 7169 10323 30973 31747 32748 33345 9113 12073
349 10 171781 36863 37048 30880 31663 344 4181 20612 22422 34770 35164 5839 9126 23626 25135 10513 13333 31302 32043 19978 21851
350 10 176716 9172 12127 14391 16823 17299 19441 17602 19713 31075 31838 25238 26586 34131 34590 769 4564 36393 36625 34825 35214
351 10 128292 30918 31698 2409 6039 23730 25228 6220 9469 12304 14945 7111 10271 1817 5506 6038 9306 33680 34183 36138 36395
352 10 110368 12684 15287 19746 21642 26658 27863 11717 14416 1982 5655 10209 13060 5245 8592 11036 13804 35377 35710 3307 6847
353 10 185620 22689 24291 23119 24678 28919 29898 17954 20030 36398 36630 10487 13310 30914 31694 19775 21669 17190 19342 24581 25994
354 10 166582 6938 10116 24021 25490 27307 28448 32337 32975 18878 20862 18233 20281 23195 24747 25708 27008 1863 5548 29748 30645
355 10 164578 37080 37244 32407 33037 23027 24596 8857 11842 6467 9692 25895 27177 16279 18523 12216 14866 6108 9369 37387 37520
356 10 125888 16770 18964 38608 38619 20548 22364 15929 18207 1279 5022 10181 13034 9013 11983 3815 7305 10894 13676 30324 31163
357 10 191485 8502 11523 29277 30220 17679 19782 22342 23979 38589 38602 11706 14406 13363 15898 30206 31056 36099 36360 31594 32306
358 10 188496 19086 21048 22736 24334 10483 13306 34590 35002 669 4474 33961 34437 31147 31904 31516 32236 15487 17810 35946 36223
359 10 168816 28379 29412 6657 9863 3253 6799 20328 22166 14583 16996 34986 35359 21613 23323 26459 27685 34093 34555 20669 22473
360 10 159806 35547 35864 3985 7458 29654 30560 27073 28237 30207 31058 1752 5448 23149 24705 30809 31599 7024 10193 10558 13373
361 10 153141 10130 12988 10749 13545 20019 21888 28894 29876 9699 12601 34917 35297 3396 6928 23611 25121 34390 34823 15622 17931
362 10 134180 13900 16381 27150 28306 2996 6568 13673 16177 4780 8173 31516 32235 21054 22820 38239 38286 11530 14248 2887 6470
363 10 146738 26468 27693 28572 29586 2003 5674 26589 27802 32684 33287 2305 5946 33331 33869 3876 7360 23719 25219 3876 7360
364 10 177622 9838 12725 11526 14245 33905 34386 30715 31515 17945 20022 18324 20363 25081 26444 31621 32330 17249 19395 25824 27113
365 10 115293 24553 25969 3015 6584 24494 25916 37647 37754 8768 11763 9812 12702 4897 8279 2969 6544 18420 20449 9542 12459
366 10 215199 24152 25608 31810 32500 25393 26725 26792 27984 13885 16368 32815 33405 36894 37076 17885 19968 31956 32631 27417 28546
367 10 202128 15546 17862 38134 38192 2042 5709 21043 22810 27845 28932 34037 34505 34630 35038 25564 26879 25535 26852 28284 29327
368 10 150663 16288 18530 8837 11825 31374 32108 19399 21331 24395 25827 23664 25169 21263 23008 1597 5309 4810 8201 36702 36903
369 10 157644 7332 10470 5050 8416 33679 34182 28357 29393 31038 31805 11232 13980 796 4587 35253 35599 32974 33548 11345 14082
370 10 130736 14662 17067 5977 9251 15286 17629 24001 25473 462 4287 19325 21264 16793 18985 23578 25092 14346 16783 28990 29962
371 10 187488 28017 29086 7059 10224 24273 25717 36641 36848 31705 32406 10304 13145 22130 23789 37709 37810 26842 28029 9680 12584
372 10 115463 14416 16846 20623 22432 17617 19727 1826 5514 35768 36062 4700 8101 19449 21375 6974 10148 3856 7342 19100 21061
373 10 169128 2066 5731 31195 31946 30205 31056 31869 32553 4582 7995 33251 33797 17338 19476 6335 9572 24928 26306 29642 30549
374 10 195388 37881 37964 15469 17794 28085 29148 10652 13458 18225 20274 26316 27556 23863 25348 32298 32939 15155 17511 36291 36533
375 10 120751 8893 11875 5715 9015 14470 16894 12591 15203 15263 17608 18799 20791 1817 5507 21503 23224 20889 22671 30999 31771
376 10 140934 29333 30271 1266 5011 35611 35921 3051 6617 3062 6627 4271 7715 34601 35013 12252 14898 32268 32912 20453 22279
377 10 200838 33762 34257 3822 7311 34922 35301 29364 30299 6883 10066 31940 32617 26458 27684 33728 34226 37351 37487 12818 15407
378 10 134248 6645 9852 21931 23609 12273 14917 3931 7409 35918 36197 36260 36505 835 4623 1883 5566 34167 34622 13968 16442
379 10 130018 24698 26100 25199 26550 10334 13172 18882 20865 37144 37301 5944 9221 2933 6511 19442 21369 11453 14179 6494 9716
380 10 130874 5534 8852 14209 16660 8787 11779 32901 33482 6903 10084 9482 12405 25383 26716 11461 14186 14270 16715 34663 35068
381 10 168047 7514 10634 11608 14318 19241 21188 7242 10389 22540 24158 30587 31399 32775 33369 22012 23682 25074 26438 31466 32190
382 10 129980 3110 6670 6459 9685 7614 10724 15247 17593 35241 35588 11138 13895 14149 16605 21640 23347 12395 15027 35483 35806
383 10 158345 23712 25212 21450 23176 3390 6923 23645 25152 3724 7223 19223 21172 30448 31275 13174 15728 26553 27769 32613 33223
384 10 135287 17171 19326 5035 8403 33056 33621 3665 7170 2623 6232 10705 13506 27346 28483 29717 30617 4836 8224 34955 35331
385 10 104997 9985 12858 17436 19564 3417 6947 20035 21903 13199 15750 11006 13777 16424 18653 11545 14262 15795 18087 12405 15036
386 10 130959 14382 16815 18986 20958 4420 7850 12789 15382 25496 26817 26844 28031 1837 5525 13761 16256 29811 30701 15373 17707
387 10 167581 2608 6219 29894 30776 34841 35228 35856 36141 34950 35326 5396 8728 2555 6171 6492 9714 23821 25310 33064 33629
388 10 170820 21574 23288 19536 21454 13861 16346 24055 25521 4585 7998 21863 23548 35491 35814 33289 33832 25162 26517 14110 16570
389 10 172863 30958 31734 19827 21715 13957 16432 34330 34768 3250 6796 37834 37922 36840 37028 8368 11402 1978 5651 28737 29735
390 10 137844 4226 7675 3669 7174 21373 23107 36642 36849 4310 7750 11147 13904 13825 16314 15731 18029 36322 36561 25060 26425
391 10 175927 31749 32446 9124 12083 2896 6478 30921 31701 36425 36654 29126 30085 22437 24064 21225 22974 27600 28711 8406 11437
392 10 157504 21306 23047 30090 30952 1809 5500 14713 17113 37356 37492 24138 25595 14098 16559 13933 16411 24382 25815 15055 17421
393 10 162097 24610 26020 14505 16926 22031 23699 6930 10108 10224 13073 16941 19119 18238 20285 29651 30557 25186 26539 34306 34746
394 10 142706 4306 7747 5110 8470 21324 23063 24496 25918 29324 30263 31744 32441 22313 23953 36102 36363 346 4183 3318 6857
395 10 89745 17372 19506 20713 22513 3446 6972 3442 6969 11430 14159 3643 7150 7916 10996 5779 9073 16691 18893 21750 23447
396 10 154641 25246 26593 38514 38534 29187 30140 20259 22104 26659 27864 6857 10043 32618 33227 3270 6814 8104 11165 2588 6201
397 10 131688 13479 16003 8261 11306 18449 20476 33206 33757 5575 8889 32855 33440 6181 9434 35512 35832 4953 8329 6140 9398
398 10 96597 6732 9930 20283 22126 9911 12791 5615 8925 4512 7932 31512 32233 8348 11384 6846 10033 16420 18650 10568 13382
399 10 136022 31196 31948 14636 17044 15763 18058 9142 12099 14927 17305 9781 12674 24544 25961 35540 35858 2971 6545 11528 14246
400 10 175273 27361 28496 21503 23224 37769 37863 22433 24061 10207 13057 32176 32829 5458 8783 26396 27628 4506 7926 31283 32026
401 10 149801 3419 6949 14565 16980 27668 28772 30297 31138 38544 38561 14644 17051 17736 19834 21675 23379 2333 5971 16371 18606
402 10 175544 9947 12824 8315 11355 22460 24085 31331 32070 33436 33963 34878 35262 18393 20425 23352 24889 7226 10375 30093 30955
403 10 125570 30264 31109 29874 30758 24822 26211 3084 6647 21962 23637 24061 25526 3538 7056 16735 18932 164 4019 2459 6084
404 10 143687 18297 20339 6483 9706 4739 8136 30995 31767 23328 24866 17229 19377 34337 34774 2617 6227 33501 34023 8083 11146
405 10 163976 16486 18708 23422 24951 24561 25976 6581 9794 33985 34458 23934 25412 29464 30389 3991 7464 22474 24098 20073 21937
406 10 115252 36566 36781 26694 27896 384 4217 2667 6272 8005 11076 13354 15890 8345 11382 32041 32708 13313 15853 2697 6298
407 10 185088 25171 26525 31606 32317 9136 12094 23005 24576 22086 23749 22215 23865 28086 29148 36320 36560 8881 11864 24854 26240
408 10 186460 35953 36229 34893 35275 20547 22364 33209 33760 7137 10295 20498 22319 9042 12009 3254 6800 31527 32245 37016 37186
409 10 135210 28826 29815 32383 33016 8445 11472 1419 5149 16248 18494 22218 23868 18341 20378 13506 16026 22480 24104 5147 8504
410 10 163929 36022 36291 14505 16926 17961 20037 38653 38659 10176 13029 32425 33054 10580 13393 38137 38195 3470 6994 2983 6556
411 10 195107 37274 37418 33081 33644 29594 30506 21346 23082 23549 25065 17355 19491 23693 25195 16293 18535 10556 13372 31143 31900
412 10 182684 4685 8088 17819 19908 25629 26938 35835 36123 24904 26285 14922 17301 13384 15917 24870 26254 34605 35016 31702 32403
413 10 138439 26686 27889 26135 27393 8122 11181 27018 28188 21105 22866 3887 7370 13047 15613 27253 28399 9646 12553 10150 13007
414 10 98874 8031 11099 17831 19919 3685 7188 12699 15301 18489 20511 5189 8541 15461 17786 5155 8511 14462 16887 22591 24204
415 10 195101 13974 16448 30356 31192 24967 26341 36114 36374 11899 14580 33373 33907 26325 27564 14163 16618 15274 17618 37432 37560
416 10 140703 22390 24022 19584 21497 5016 8386 2882 6465 33078 33641 37426 37555 17451 19578 24338 25775 4394 7826 9320 12260
417 10 143624 200 4052 6840 10027 32943 33520 32745 33342 10112 12972 26489 27711 35547 35864 5379 8713 18083 20146 11192 13944
418 10 159530 35621 35930 28902 29883 1953 5629 36477 36701 3860 7346 5157 8513 3674 7178 20383 22216 38183 38236 25203 26554
419 10 115908 1414 5144 6919 10099 12549 15165 13787 16280 3195 6746 13291 15833 15604 17915 35460 35785 30648 31455 12018 14688
420 10 118022 35848 36135 14895 17277 520 4339 18570 20584 15708 18009 13654 16160 28123 29182 4313 7753 3106 6667 12791 15383
421 10 124365 6583 9796 4103 7564 11103 13864 21411 23142 15140 17497 11545 14262 6355 9591 23552 25068 29776 30669 25889 27172
422 10 132810 18046 20113 22966 24541 37033 37201 11392 14124 26372 27606 9125 12083 13337 15875 4606 8017 12084 14747 11052 13819
423 10 169822 4456 7882 22744 24341 34349 34785 8223 11272 30441 31269 30273 31117 3881 7364 32133 32791 28231 29280 17547 19663
424 10 179846 14312 16752 7269 10413 22093 23755 33957 34433 20889 22671 20884 22667 32700 33302 16340 18578 32740 33337 23624 25133
425 10 133400 17258 19403 13293 15835 11433 14161 9083 12046 13911 16391 9984 12857 27619 28729 14854 17240 36673 36877 12643 15250
426 10 152844 15785 18078 8425 11454 19745 21642 25499 26820 25758 27054 1193 4945 35346 35683 1243 4990 21902 23583 36160 36415
427 10 157678 7051 10217 19214 21164 16984 19157 16596 18808 6791 9983 29336 30274 37958 38033 34606 35016 9737 12635 18825 20814
428 10 126546 6820 10009 37636 37744 1662 5367 15943 18220 9445 12372 2549 6166 28881 29864 10180 13034 12529 15147 32538 33156
429 10 207216 20192 22044 37516 37636 19714 21614 12630 15238 30574 31388 33780 34273 14735 17133 38369 38403 19944 21821 31566 32281
430 10 144217 38157 38213 3958 7434 20731 22529 8078 11141 27229 28377 15742 18039 28206 29257 17596 19708 4999 8371 15576 17889
431 10 187622 38296 38338 33954 34430 16125 18384 24297 25738 31553 32269 17128 19286 16777 18971 5824 9113 26962 28137 23612 25122
432 10 133565 7743 10840 11716 14416 36557 36772 38046 38113 37795 37887 20029 21898 5637 8945 2314 5954 612 4422 6508 9729
433 10 178881 37635 37743 7871 10956 20593 22405 34264 34709 12533 15151 20596 22407 29801 30692 22202 23853 12099 14761 26008 27278
434 10 133747 18149 20205 13339 15877 31727 32426 1894 5576 1754 5450 26459 27685 18406 20436 23876 25360 10374 13208 21206 22957
435 10 131940 5404 8735 17898 19979 22537 24155 526 4345 35386 35719 26706 27907 15163 17518 24897 26279 5552 8868 10857 13643
436 10 185930 214 4064 12138 14795 1390 5122 30963 31738 29681 30585 26664 27869 34000 34472 31178 31932 29465 30390 36720 36919
437 10 143295 5648 8955 12319 14958 22350 23987 21893 23575 35178 35531 24422 25851 2710 6310 30865 31650 2868 6452 20866 22651
438 10 160306 37847 37934 25114 26474 6585 9798 19542 21459 15413 17743 908 4689 30661 31466 32595 33207 723 4522 30995 31767
439 10 138450 12316 14956 10787 13580 12934 15512 10946 13723 18742 20739 28019 29089 34494 34916 30212 31063 11393 14125 3220 6770
440 10 151863 18884 20867 22457 24083 37073 37237 5188 8541 4550 7967 5774 9068 27657 28763 29480 30403 1422 5151 37344 37481
441 10 129432 25773 27067 26582 27795 33786 34279 3762 7257 8719 11719 19108 21068 1247 4993 25762 27057 3912 7392 13140 15698
442 10 189824 21430 23159 23878 25362 22210 23860 24036 25503 30928 31706 9055 12021 28313 29353 36554 36770 30913 31693 9964 12839
443 10 127584 29306 30247 18906 20887 1450 5177 1014 4784 32389 33022 31338 32076 2062 5727 11778 14472 17729 19827 13509 16030
444 10 132052 15476 17800 15370 17704 11673 14377 25378 26711 27673 28777 1123 4882 17650 19756 19906 21787 3651 7158 27166 28320
445 10 140473 1938 5616 4285 7728 22077 23740 35461 35786 20164 22019 2319 5959 7791 10883 38158 38214 20460 22285 22939 24516
446 10 140252 14569 16984 26204 27455 10521 13341 30520 31339 9744 12641 3166 6720 25298 26639 35546 35863 12157 14813 7590 10702
447 10 152587 26351 27587 23878 25362 16758 18954 412 4242 33727 34226 33521 34040 27896 28978 1530 5249 9210 12160 17451 19577
448 10 183411 18368 20403 4389 7821 37711 37812 33123 33682 26450 27676 15249 17595 25921 27200 3708 7209 31294 32036 33051 33617
449 10 129608 7790 10882 29948 30825 31020 31789 14134 16592 9449 12375 28326 29365 6705 9906 2626 6235 9137 12095 22875 24459
450 10 183914 21043 22810 29393 30325 33093 33655 23930 25408 5314 8654 21299 23041 28491 29513 37330 37468 25732 27030 4268 7713
451 10 157956 22606 24217 25081 26444 14633 17041 4094 7556 6187 9439 35761 36056 8181 11234 27897 28978 23947 25424 29058 30023
452 10 152193 21298 23039 9468 12392 35262 35607 25009 26380 10297 13139 7502 10623 18919 20898 1795 5487 27499 28620 33193 33745
453 10 198200 32277 32921 16555 18771 34751 35147 3306 6847 23586 25099 5580 8893 32274 32918 34497 34919 37568 37683 27356 28491
454 10 132190 15775 18069 20427 22256 6910 10090 19951 21828 8701 11702 3188 6741 37199 37351 16231 18479 2449 6075 34407 34837
455 10 180304 25254 26600 37444 37571 35705 36006 7961 11037 32207 32858 35298 35639 3736 7233 23305 24846 8437 11464 16033 18301
456 10 215617 37188 37341 37055 37221 29027 29995 35557 35872 10982 13755 23678 25182 18746 20743 23159 24715 37040 37207 17090 19252
457 10 177236 32202 32853 19020 20990 5178 8531 2404 6035 19850 21736 10979 13752 22875 24459 32228 32876 38381 38414 38429 38458
458 10 166880 12491 15113 12489 15112 3733 7231 37095 37256 17281 19424 31574 32288 33672 34176 32403 33034 9227 12176 18636 20644
459 10 164187 8482 11505 32562 33177 18533 20551 26404 27635 20227 22076 21332 23070 29383 30316 911 4691 29195 30147 18205 20256
460 10 106220 1687 5390 8445 11472 17628 19737 7758 10854 18587 20600 3527 7046 23750 25246 22285 23928 13758 16254 15351 17687
461 10 188329 17236 19383 26305 27546 19518 21437 24783 26176 34887 35269 19313 21253 23029 24597 35371 35705 18025 20094 16945 19121
462 10 215636 21541 23259 26720 27919 12528 15147 25267 26612 19470 21395 19991 21863 36812 37002 36791 36983 33527 34046 36899 37080
463 10 163689 38425 38454 10868 13652 36019 36288 37305 37446 38265 38309 7469 10594 2393 6025 6303 9544 25621 26930 1944 5621
464 10 157600 15631 17939 1155 4911 15531 17850 1358 5094 35921 36200 23446 24973 34111 34571 38489 38511 5517 8837 25842 27129
465 10 87007 15819 18108 2939 6516 5904 9185 4179 7633 28748 29745 5638 8946 5181 8534 1815 5505 1643 5350 36893 37075
466 10 109868 1815 5505 38074 38138 11517 14236 24984 26357 8566 11581 6301 9542 18516 20536 7974 11048 9553 12469 10036 12903
467 10 152292 33443 33970 23871 25355 4975 8349 28772 29766 15627 17935 4013 7483 2939 6517 3085 6648 35514 35834 38127 38186
468 10 104316 11427 14155 22762 24357 12443 15070 4304 7745 2874 6458 35720 36019 24417 25846 2127 5786 11046 13813 3275 6819
469 10 190124 38574 38588 7039 10206 23243 24790 34459 34884 2396 6028 16252 18498 34474 34898 26137 27395 17828 19917 37254 37400
470 10 216196 31288 32031 21038 22805 19256 21202 36226 36474 26593 27805 29626 30535 27817 28907 31827 32516 11194 13946 35381 35714
471 10 170827 1805 5496 37339 37477 19740 21638 19171 21125 32745 33342 12649 15255 30207 31057 34523 34942 15067 17432 10288 13131
472 10 124736 31377 32111 5439 8767 29920 30799 15755 18051 13800 16292 19531 21449 10518 13338 671 4475 25242 26589 3668 7173
473 10 169148 29316 30256 13783 16276 33290 33833 21813 23503 37350 37486 18926 20905 6203 9454 28672 29676 18460 20485 3622 7131
474 10 120717 18844 20831 476 4299 694 4496 25560 26875 1562 5277 38191 38244 19983 21856 9131 12090 15387 17719 21069 22834
475 10 168007 36468 36692 10709 13509 23676 25180 30861 31646 25147 26504 12156 14812 10392 13224 37085 37247 18942 20920 4573 7987
476 10 189756 6112 9372 34296 34738 35925 36204 20967 22742 26374 27608 5923 9202 34843 35230 21243 22990 24305 25746 27208 28358
477 10 175515 11754 14450 32070 32734 26285 27528 18625 20633 16382 18615 37831 37920 14357 16793 20487 22309 10413 13243 31190 31943
478 10 113022 13629 16137 35063 35428 4188 7640 29650 30556 1985 5658 16650 18857 11676 14380 21383 23116 1021 4790 6033 9301
479 10 158456 29760 30656 15334 17672 18916 20896 31769 32464 28640 29647 38411 38441 4186 7639 2174 5828 26877 28061 2003 5674
480 10 160235 15021 17390 3273 6817 12861 15446 29827 30715 24000 25471 24198 25650 35189 35542 26753 27949 6160 9415 23012 24582
481 10 140333 1750 5446 37446 37572 865 4650 869 4654 24889 26272 20249 22095 12164 14819 22426 24055 28357 29393 26402 27633
482 10 159908 7828 10916 37400 37532 5551 8867 14028 16497 34641 35049 29374 30308 20904 22685 35008 35378 10721 13520 4431 7859
483 10 104279 11412 14142 32947 33523 1540 5257 12418 15048 15547 17864 10353 13189 6337 9575 7067 10231 18413 20443 14315 16755
484 10 148954 8850 11836 33312 33852 36835 37022 10128 12986 13154 15710 27361 28496 2 3873 36278 36521 401 4232 19872 21757
485 10 129764 30353 31189 20918 22697 4701 8102 2837 6425 21254 23000 7250 10396 10199 13051 36606 36817 20272 22116 7815 10905
486 10 208378 34901 35282 30903 31684 36362 36597 5708 9008 3150 6707 26732 27930 37712 37812 14870 17255 32596 33207 37539 37657
487 10 150496 24357 25792 32315 32955 5962 9237 37726 37825 7835 10923 6066 9330 11283 14026 14872 17256 31738 32435 15966 18241
488 10 111893 12688 15291 4273 7717 27749 28845 6835 10023 10564 13379 29551 30467 17201 19352 15111 17471 7046 10213 8849 11835
489 10 171659 14861 17246 20521 22340 27956 29032 9566 12481 34856 35242 15556 17871 26020 27289 36211 36461 9331 12269 19696 21598
490 10 136264 9242 12189 36061 36326 1868 5552 18107 20168 25511 26831 1711 5411 21847 23533 34577 34990 827 4615 20580 22394
491 10 197651 15491 17813 29118 30077 27552 28668 24906 26287 20537 22355 16086 18348 31531 32249 26693 27895 18110 20170 37040 37208
492 10 143562 1727 5426 5504 8825 30519 31339 5624 8933 17511 19632 14206 16657 29166 30121 34614 35024 16377 18611 24205 25656
493 10 177653 18087 20150 22869 24453 32572 33186 29566 30480 10205 13056 15300 17642 27731 28829 5917 9197 29916 30796 29904 30785
494 10 176809 10505 13326 24901 26282 6580 9793 30760 31555 24078 25542 19759 21654 12644 15251 28149 29205 32546 33162 31090 31852
495 10 105341 25660 26965 1126 4885 7174 10328 3018 6588 20580 22393 21458 23183 22788 24381 7703 10804 7922 11001 14248 16695
496 10 182542 33762 34257 26414 27644 4233 7681 6654 9860 36603 36814 19301 21242 31768 32463 38338 38375 26455 27681 4650 8056
497 10 121300 27514 28634 6586 9799 3909 7389 11386 14118 34916 35296 15929 18207 2695 6297 23991 25464 4241 7688 20458 22284
498 10 199365 28764 29759 34161 34617 15225 17574 22919 24499 10684 13487 6789 9982 29616 30526 32988 33561 29731 30629 38330 38368
499 10 140448 29987 30860 23972 25446 1165 4920 12970 15544 19942 21819 21669 23373 20195 22046 1988 5661 6135 9393 37537 37655
500 10 102163 12786 15379 9059 12025 12530 15148 12902 15483 20631 22439 36772 36967 4345 7782 14677 17081 825 4614 3177 6731
