1 15 161788 5559 8874 47 3913 6637 9844 17476 19599 31278 32021 1441 5168 23012 24582 32265 32910 4204 7655 9997 12868 8360 11395 11406 14136 22649 24256 4631 8039 23274 24818
2 15 238036 2337 5974 21982 23655 33124 33683 17678 19781 10402 13234 34880 35264 36789 36981 23852 25338 37817 37907 21875 23559 1121 4880 3420 6949 1079 4843 30025 30894 21164 22919
3 15 225072 25524 26843 18172 20226 28269 29314 7735 10832 18785 20778 23603 25114 3445 6972 15519 17839 21004 22775 3415 6944 30961 31737 27169 28323 19574 21488 11465 14190 26700 27902
4 15 233222 25405 26736 36209 36460 20103 21964 12904 15485 5012 8382 1152 4908 32978 33552 25952 27228 6552 9768 22108 23768 21202 22953 13542 16060 7305 10446 23269 24813 37835 37923
5 15 233001 30578 31392 6425 9654 36240 36487 2268 5913 32215 32865 32080 32744 2681 6284 13666 16171 11344 14081 25313 26653 28663 29668 6271 9515 33946 34423 20498 22319 9064 12029
6 15 291814 26102 27363 13213 15763 11512 14233 33058 33624 21248 22994 36506 36727 24313 25753 36912 37092 36973 37147 8243 11290 22731 24329 33367 33902 20702 22503 32217 32866 7671 10775
7 15 222513 36803 36994 16520 18740 22897 24479 2584 6197 13350 15886 2753 6349 10439 13267 25130 26488 24526 25945 27399 28531 27114 28274 9595 12507 3327 6866 37242 37389 18463 20488
8 15 247922 28745 29742 17567 19682 30259 31104 29053 30019 26739 27937 11864 14549 27379 28513 31437 32164 1780 5473 17321 19460 28765 29759 5880 9164 5332 8671 20988 22760 26794 27986
9 15 211444 18024 20093 33552 34069 27950 29026 20838 22625 12853 15439 7657 10762 23992 25464 13549 16066 35007 35377 12210 14860 6757 9953 29726 30624 4151 7607 12746 15343 5294 8636
10 15 237629 22100 23761 11776 14470 26394 27626 31667 32371 28638 29645 3917 7397 36741 36938 25771 27065 1824 5513 12446 15073 37982 38055 14669 17073 30771 31565 8471 11495 3870 7354
11 15 273522 15153 17509 10082 12945 36092 36355 19443 21370 12099 14760 35902 36183 35855 36141 19963 21838 16906 19087 26009 27279 24686 26089 36517 36736 37380 37513 8022 11091 7794 10886
12 15 271083 30973 31747 29778 30671 29960 30835 28262 29308 2629 6237 32475 33099 8807 11797 23886 25369 18729 20727 3929 7407 30031 30899 29894 30776 5315 8655 34290 34732 29896 30778
13 15 206136 3711 7211 33518 34037 24719 26118 15824 18113 21400 23131 7118 10277 10053 12919 15936 18214 6195 9447 24303 25744 6259 9504 29187 30139 10366 13201 14757 17153 34324 34763
14 15 257354 30806 31596 23411 24941 2488 6110 3825 7314 18421 20450 7263 10408 34988 35360 21575 23289 30319 31158 24534 25952 26774 27968 18382 20415 33722 34222 15434 17762 29751 30647
15 15 229584 28376 29410 29797 30689 22676 24280 2421 6050 14822 17211 36699 36900 10259 13105 4814 8204 24657 26063 17555 19671 10205 13056 30809 31600 10945 13722 16806 18997 26139 27397
16 15 264377 34433 34861 24955 26331 20427 22256 35553 35869 8966 11941 24556 25971 25000 26371 33943 34420 12529 15148 2160 5815 25526 26845 6585 9798 22252 23898 22301 23942 31286 32029
17 15 271676 9364 12299 13261 15807 4407 7837 23156 24712 19408 21338 33391 33923 37931 38009 29055 30021 24821 26210 33007 33578 22676 24280 11928 14606 27008 28178 31949 32626 18234 20282
18 15 251372 16629 18837 13194 15746 10841 13628 32866 33450 6459 9684 22387 24020 36111 36371 7505 10626 38308 38348 27258 28404 10242 13089 20018 21888 15381 17714 19464 21389 37552 37668
19 15 229072 17686 19789 38404 38435 7147 10303 35257 35602 33855 34341 21400 23131 16351 18587 7133 10291 8973 11947 8733 11731 11576 14290 17917 19997 8605 11615 16777 18970 36527 36745
20 15 239725 30052 30918 15772 18066 9458 12384 36475 36699 2874 6458 35156 35512 12316 14955 25656 26961 35484 35807 33235 33783 6404 9635 3091 6654 11617 14327 14954 17330 27113 28273
21 15 232789 7079 10242 27463 28588 19761 21656 10848 13634 31927 32606 14636 17044 24420 25850 20855 22641 32548 33165 17769 19863 35800 36091 13680 16184 386 4219 2592 6204 31223 31972
22 15 209774 21628 23337 12836 15424 13948 16424 20642 22449 8613 11623 17337 19475 24413 25843 6074 9338 11385 14118 20448 22274 7845 10932 37971 38045 11126 13885 17414 19544 30538 31356
23 15 235256 4770 8165 30353 31189 6449 9676 18958 20934 30978 31751 31834 32522 2711 6311 18563 20578 1986 5659 31337 32075 31787 32480 15534 17852 18086 20149 17547 19664 33177 33731
24 15 238760 4566 7981 38326 38365 27499 28620 15564 17879 31468 32192 23773 25267 17183 19336 9900 12782 9159 12114 14140 16598 11476 14200 15699 18001 9401 12332 35880 36163 34417 34847
25 15 186378 25909 27189 19265 21210 12073 14737 6681 9884 2393 6025 8696 11698 14846 17233 5805 9096 4598 8009 19674 21578 31193 31945 33646 34153 12588 15201 19251 21198 16355 18591
26 15 210685 17026 19195 27101 28262 31005 31776 14873 17257 27797 28889 3395 6927 10598 13410 4601 8012 17137 19294 38306 38347 11605 14316 22149 23805 4230 7678 10165 13020 23369 24903
27 15 232429 9058 12023 34014 34484 14597 17009 36389 36622 14941 17318 37209 37359 24067 25532 17854 19940 19340 21277 1622 5331 25487 26810 276 4120 35926 36205 9377 12310 10380 13213
28 15 236680 13454 15980 26189 27441 35225 35574 11425 14154 9971 12846 38445 38471 13160 15715 12253 14899 3778 7271 139 3997 36574 36788 21953 23629 24839 26226 12363 14998 36083 36346
29 15 187306 5494 8816 10952 13728 22439 24067 35535 35853 32950 33526 2086 5749 11161 13917 31596 32308 3566 7081 2245 5892 1299 5041 9790 12682 37752 37849 12114 14774 15154 17510
30 15 223364 566 4381 10684 13487 7396 10528 28864 29849 30983 31756 34647 35054 38708 38708 12542 15159 201 4052 30474 31298 16608 18819 34734 35132 14647 17053 10066 12931 8086 11149
31 15 223744 3776 7270 37275 37419 13780 16273 25535 26853 251 4097 12853 15439 16579 18792 29939 30816 12204 14855 12517 15137 37980 38053 33080 33644 2 3873 7998 11069 35911 36191
32 15 233817 18920 20900 2738 6336 5770 9064 20610 22420 27312 28452 30224 31073 32459 33085 21549 23266 13459 15985 2570 6184 37274 37418 23292 24834 4624 8033 29919 30798 21552 23268
33 15 238876 24453 25879 34666 35071 33855 34341 18266 20310 14912 17292 10743 13540 32363 32998 18256 20301 19387 21319 8554 11570 12395 15027 29598 30510 28241 29288 7479 10603 5427 8756
34 15 285492 33527 34045 37631 37739 22905 24486 34123 34582 6739 9937 22879 24462 17315 19455 5820 9110 34201 34652 25264 26609 34987 35360 18303 20344 11666 14371 36967 37142 14539 16957
35 15 215456 23018 24588 24549 25965 18616 20626 25466 26791 3181 6734 26037 27305 29662 30567 22841 24428 6344 9581 37012 37182 7249 10395 8800 11792 9604 12515 20284 22127 6657 9863
36 15 200483 37179 37333 18311 20351 5903 9184 16258 18503 6375 9609 17030 19198 4602 8013 19532 21451 22991 24564 11252 13998 8115 11175 14898 17280 35288 35630 16599 18810 16271 18515
37 15 284567 4624 8033 31538 32255 13984 16457 30168 31023 35623 35932 26974 28148 24496 25917 34680 35083 30931 31709 6517 9736 34754 35150 1944 5621 32909 33490 30517 31336 16050 18317
38 15 247166 3867 7352 14529 16948 26874 28058 16976 19149 34748 35145 27993 29065 15194 17546 5807 9097 28486 29509 31972 32647 20742 22539 33939 34417 6282 9525 37088 37251 4461 7887
39 15 254597 30860 31645 95 3956 29047 30013 30858 31644 16102 18364 33475 33999 36072 36336 2900 6481 35406 35737 12300 14941 9188 12141 27501 28622 2124 5783 15959 18234 36360 36595
40 15 200503 32514 33134 23015 24585 1497 5218 7739 10836 12914 15494 31708 32409 12229 14877 26619 27828 33538 34056 403 4234 33283 33826 127 3986 14547 16964 9004 11975 11492 14214
41 15 223252 6204 9455 30123 30982 7712 10812 34935 35313 30458 31283 6497 9719 7633 10741 25410 26740 17389 19521 30270 31114 35828 36116 6370 9605 15247 17594 9086 12049 15903 18184
42 15 218485 15924 18203 11492 14214 2269 5914 30561 31376 15811 18101 16046 18313 36971 37146 7427 10556 21831 23519 610 4420 30870 31655 37871 37956 10829 13618 29173 30127 5422 8751
43 15 274972 16646 18852 10553 13369 24221 25671 33628 34136 30705 31506 35189 35542 19862 21747 17991 20063 29058 30024 11552 14268 28549 29566 13835 16322 21018 22787 37426 37554 13483 16006
44 15 249276 1245 4992 17785 19878 33409 33940 12207 14857 33299 33840 22284 23927 1404 5135 5141 8498 21891 23573 36104 36365 15499 17820 33160 33715 33685 34188 26621 27830 17862 19948
45 15 204449 23857 25343 7815 10905 7044 10211 17463 19588 735 4533 27695 28797 20369 22203 24354 25790 19107 21068 26111 27372 17440 19567 3515 7035 23960 25436 20197 22049 15900 18181
46 15 219356 35777 36071 20501 22322 4555 7970 29731 30629 9317 12257 1276 5020 28014 29084 4039 7506 20288 22131 7235 10383 30139 30997 21963 23638 1630 5339 37805 37896 21926 23605
47 15 220270 35137 35495 36935 37112 5450 8776 24037 25505 5550 8867 19513 21433 14101 16562 19801 21693 36040 36308 12247 14893 2867 6452 22925 24504 6787 9980 4973 8347 28975 29949
48 15 270215 10981 13755 8344 11381 20334 22172 5179 8532 1481 5204 33612 34122 18189 20242 32849 33435 25554 26870 35809 36099 31711 32411 17664 19769 28496 29518 32242 32889 35324 35663
49 15 238355 30307 31148 26860 28045 19555 21471 10093 12955 8896 11878 12369 15003 17717 19817 11866 14551 19935 21812 34174 34628 34995 35367 1392 5124 20389 22222 35338 35676 14058 16524
50 15 237098 2485 6107 29273 30217 22042 23709 36620 36829 31420 32149 27869 28954 9114 12074 10136 12994 16869 19054 5019 8388 25728 27027 14348 16784 35056 35421 8826 11815 21568 23283
51 15 193216 14728 17126 147 4004 18237 20284 1644 5351 33880 34363 14526 16945 14079 16542 19581 21494 17964 20039 23450 24977 16572 18786 7143 10300 29817 30706 19426 21354 10327 13166
52 15 268348 6154 9410 25489 26811 34010 34480 32836 33424 2569 6184 9563 12478 4494 7916 32419 33049 37654 37760 10080 12943 16211 18462 33603 34114 31565 32280 36665 36870 22123 23782
53 15 184813 23675 25179 4719 8119 4745 8142 17949 20025 9492 12414 20885 22668 18748 20745 12815 15405 2195 5847 26060 27325 11937 14615 6398 9630 10819 13608 22046 23713 38534 38552
54 15 254814 9139 12096 6069 9334 33784 34277 28733 29731 38293 38335 25355 26691 36753 36949 23190 24742 2981 6555 25227 26575 20483 22306 26822 28011 6024 9293 16556 18772 19109 21070
55 15 289437 2765 6360 32748 33344 10007 12878 27643 28750 35430 35758 31404 32135 34117 34577 14379 16813 11347 14084 37433 37561 8839 11826 37348 37484 20518 22337 34800 35191 23019 24589
56 15 164542 3112 6672 13302 15844 25241 26588 26594 27806 3062 6627 26141 27399 2157 5813 24656 26061 99 3960 12467 15092 16684 18887 21317 23056 917 4697 9875 12759 20054 21920
57 15 234032 13831 16319 749 4546 29975 30849 715 4515 31688 32391 26825 28014 21976 23649 27392 28524 24763 26158 37441 37569 242 4089 25246 26592 37522 37641 9609 12519 4566 7981
58 15 233445 23494 25016 3611 7121 29160 30115 38360 38395 3175 6728 14213 16663 22183 23836 38360 38396 14498 16920 36338 36576 25076 26440 19199 21150 314 4154 19955 21831 3871 7355
59 15 260354 11141 13898 28440 29467 17661 19767 35807 36097 2877 6460 1236 4984 23996 25467 18735 20733 36514 36734 10842 13629 28449 29475 33641 34149 27624 28733 18921 20900 29559 30474
60 15 255028 15797 18089 27922 29001 22713 24313 11598 14309 15771 18065 22325 23964 34517 34937 29720 30620 5163 8518 20514 22334 12160 14816 27591 28703 37887 37970 5066 8431 30041 30908
61 15 262147 24383 25816 24117 25577 14928 17307 24443 25870 36007 36277 26148 27405 28672 29677 5164 8519 18119 20178 33848 34335 35105 35466 20299 22141 4702 8104 19151 21108 12598 15209
62 15 218175 5012 8382 31519 32238 37768 37862 20775 22569 19089 21051 5206 8557 15698 18000 23005 24576 1411 5141 3828 7317 28911 29891 12034 14702 30668 31473 4579 7993 33216 33766
63 15 264097 15111 17471 20526 22345 12359 14994 35753 36049 32036 32704 29144 30101 26380 27613 21339 23076 16458 18684 36091 36354 11464 14189 6463 9688 37363 37498 15374 17708 14261 16706
64 15 219703 38562 38577 517 4336 14723 17122 32469 33094 17395 19527 12706 15306 18567 20582 21697 23399 20976 22750 37476 37600 20895 22677 21332 23071 11127 13886 5414 8744 773 4567
65 15 250394 33554 34070 30639 31447 9327 12266 38390 38423 5166 8521 11747 14443 17316 19456 33503 34024 37606 37716 4438 7866 32367 33001 3128 6687 17999 20070 24819 26209 12994 15566
66 15 314595 31731 32429 19815 21705 35155 35511 15048 17414 36122 36381 5966 9241 38654 38660 32038 32705 30324 31163 30545 31361 34186 34639 37851 37937 17424 19553 14083 16546 14302 16743
67 15 210826 33447 33973 29491 30413 4753 8149 17281 19424 15079 17443 574 4388 30884 31667 8427 11455 1420 5149 36449 36676 29649 30555 33683 34186 6388 9621 9892 12774 6116 9375
68 15 203906 17667 19772 899 4680 20675 22478 19342 21279 26032 27300 29247 30194 662 4467 15214 17564 11160 13915 24565 25980 14951 17327 27853 28939 17770 19864 13452 15978 15394 17726
69 15 283960 33164 33719 488 4311 29619 30528 38046 38113 15886 18169 17660 19765 34819 35209 38350 38386 22452 24079 18316 20356 6907 10088 30337 31175 27708 28809 35762 36057 5437 8765
70 15 208835 6329 9568 25418 26748 32267 32912 2426 6055 32816 33406 13050 15616 34389 34821 26092 27355 8397 11428 16229 18478 11308 14049 6034 9302 19176 21130 7617 10726 19496 21418
71 15 200005 27861 28946 12546 15162 11565 14280 25454 26780 24664 26069 3465 6990 34810 35200 3232 6780 13507 16027 13178 15732 15702 18003 16986 19159 16643 18850 3120 6679 27274 28418
72 15 248843 5019 8389 26241 27488 36791 36984 2158 5813 2018 5687 35370 35704 18049 20116 28539 29556 7672 10776 35165 35520 18702 20703 4530 7948 36601 36812 20504 22325 33695 34197
73 15 274976 35909 36189 25308 26649 11618 14328 35453 35779 34626 35035 4283 7726 32486 33109 14830 17218 15552 17869 32450 33076 32888 33471 25725 27024 17563 19678 5406 8737 19623 21532
74 15 204905 35593 35905 37358 37493 4817 8206 13717 16217 6698 9900 20104 21965 233 4081 26028 27297 22344 23981 3907 7387 8559 11575 28479 29503 11668 14373 33412 33942 3215 6765
75 15 197892 20618 22427 5334 8672 35341 35679 27215 28365 17498 19619 13330 15868 6054 9320 8575 11589 18619 20628 16451 18677 2895 6477 5753 9049 16556 18772 17504 19625 35623 35932
76 15 258141 19441 21368 12929 15508 29847 30733 21185 22938 13817 16307 20185 22038 23363 24898 22220 23870 11530 14248 20865 22650 26885 28068 12209 14859 27307 28448 24196 25648 36698 36900
77 15 245182 15070 17434 36008 36278 4144 7601 33117 33676 17715 19815 28168 29222 10490 13312 19424 21353 18818 20807 18641 20649 19665 21569 14126 16585 30463 31288 2853 6439 37776 37870
78 15 256006 26208 27458 24866 26251 6997 10168 28461 29486 31050 31816 19331 21269 21511 23232 22585 24198 14747 17143 13889 16372 18150 20206 24720 26120 18422 20451 37460 37585 11611 14321
79 15 240065 23098 24660 29039 30007 7254 10400 780 4574 27082 28245 12907 15488 36618 36828 23779 25273 4407 7838 38384 38417 15045 17412 32516 33136 5484 8807 10569 13384 33120 33679
80 15 255513 4340 7777 4469 7894 28014 29084 4258 7703 31165 31920 24989 26362 31907 32587 14360 16795 38454 38480 16978 19152 26151 27407 19956 21832 21723 23422 29189 30141 23439 24966
81 15 245072 8 3878 6047 9313 22923 24502 1379 5112 21464 23189 30557 31373 31970 32644 25454 26780 26870 28054 13363 15898 12450 15077 22435 24063 23082 24645 38680 38683 29659 30564
82 15 233984 14766 17161 35860 36145 29076 30040 22553 24169 30183 31036 8656 11662 2009 5679 15503 17824 420 4249 24603 26014 5965 9240 27283 28426 35574 35888 9729 12628 30300 31141
83 15 224054 34645 35052 20820 22609 8375 11408 9423 12352 24504 25925 35577 35891 22667 24272 18945 20922 930 4709 24932 26310 25076 26439 7218 10368 35274 35618 4751 8148 6931 10109
84 15 198848 16713 18913 1770 5464 11693 14395 21201 22952 37768 37862 25921 27200 3690 7192 19828 21717 3836 7324 37877 37960 15353 17689 6487 9710 3472 6996 32432 33061 10519 13339
85 15 232679 9568 12483 10144 13001 7684 10787 29380 30313 28227 29275 27277 28421 31249 31996 28969 29943 24110 25571 7001 10173 6914 10094 9832 12720 14351 16787 18693 20695 37450 37576
86 15 235140 38436 38464 38613 38623 17980 20053 12166 14821 34010 34480 22847 24433 21572 23286 8533 11551 4233 7681 5892 9174 7266 10411 1441 5168 26341 27579 34621 35031 19975 21849
87 15 250853 13608 16119 28110 29171 35073 35437 13363 15898 20989 22761 26530 27749 18263 20308 27870 28954 32902 33484 18560 20576 18329 20367 19921 21800 3153 6709 7586 10699 29310 30251
88 15 221756 36718 36917 28223 29272 12194 14846 2035 5703 29849 30735 34063 34528 12180 14833 15260 17605 3073 6637 19742 21639 20804 22595 30714 31514 304 4145 17762 19857 14274 16718
89 15 233081 14153 16609 25792 27084 13362 15897 32256 32902 16485 18708 4838 8226 9919 12799 38270 38314 21931 23609 28025 29094 17892 19974 6953 10129 30787 31580 27447 28574 3242 6789
90 15 197720 9494 12416 37836 37924 26129 27388 2058 5724 7207 10358 20594 22406 9445 12372 24673 26077 4828 8216 15212 17562 20000 21871 31868 32552 14071 16536 22192 23844 1543 5260
91 15 222004 129 3987 17311 19452 24892 26274 10035 12902 22619 24228 11809 14500 9525 12443 30954 31730 2517 6136 29266 30211 27584 28697 21470 23194 12584 15197 26182 27435 30628 31436
92 15 229326 37496 37618 6329 9567 35522 35841 35428 35757 5623 8932 13925 16404 18063 20128 8059 11124 8021 11091 10759 13554 28494 29516 37688 37790 814 4604 14521 16940 25916 27196
93 15 221052 36657 36863 14615 17025 14260 16705 17612 19722 7209 10359 17288 19431 3031 6599 7618 10728 17835 19923 24595 26007 36490 36713 31833 32521 8461 11486 27242 28389 11569 14283
94 15 204635 20343 22180 24300 25741 24934 26312 28659 29665 14260 16705 9265 12210 4116 7576 9886 12769 21185 22938 28531 29549 609 4419 23358 24893 25295 26637 2095 5757 18958 20934
95 15 281870 14858 17243 8876 11860 33816 34306 25472 26796 27180 28334 19090 21052 6550 9767 28971 29945 7225 10374 35056 35422 18114 20174 36582 36795 36038 36306 32581 33194 21929 23607
96 15 212457 34022 34491 23439 24967 691 4493 11720 14419 6558 9773 34865 35250 38536 38554 30928 31707 6305 9545 16092 18354 3954 7430 347 4183 13741 16238 37634 37742 6740 9937
97 15 255317 37086 37248 23754 25250 5996 9268 37290 37432 27185 28337 18935 20913 31413 32143 14396 16828 2663 6268 36299 36541 602 4413 24357 25793 28964 29939 21244 22991 8963 11938
98 15 234846 31446 32173 16308 18548 2062 5727 32721 33320 24829 26218 33924 34403 15885 18168 30977 31751 12606 15217 24171 25625 37185 37338 13520 16039 1583 5296 5689 8991 10652 13458
99 15 237524 27899 28980 24429 25857 10410 13240 24865 26250 35308 35649 16499 18721 21096 22858 36836 37023 14141 16598 1433 5161 2247 5893 15890 18173 30164 31019 20228 22077 15461 17786
100 15 167139 11280 14023 9900 12781 4536 7954 27317 28457 6954 10130 14222 16671 33601 34112 1277 5021 1562 5277 19066 21031 7914 10994 6055 9321 22989 24562 32856 33442 9395 12327
101 15 263628 34026 34495 17998 20069 26752 27948 14179 16633 8773 11767 36354 36590 15160 17515 16218 18468 35534 35852 19751 21647 20952 22728 19333 21271 30546 31363 32490 33112 1469 5193
102 15 223484 25597 26909 15358 17694 18828 20817 28503 29524 3264 6809 7589 10701 15930 18208 13011 15581 34197 34648 13460 15985 10635 13443 36098 36360 35495 35817 12 3883 21378 23111
103 15 163137 12698 15300 1953 5629 24720 26119 28098 29159 837 4625 21186 22939 31296 32038 5817 9107 15722 18022 21384 23117 17534 19652 8230 11278 5102 8463 7443 10570 1902 5583
104 15 263953 12472 15096 26129 27388 6952 10128 22019 23688 20051 21917 23804 25295 35459 35785 38004 38075 34291 34733 14453 16879 5867 9152 24431 25859 26634 27842 8391 11423 30985 31758
105 15 228729 38054 38120 5402 8733 30945 31722 14646 17053 16787 18980 24690 26092 5317 8656 19237 21185 27494 28616 12907 15488 24135 25593 24413 25843 28357 29393 5394 8726 8134 11192
106 15 235688 29525 30444 37996 38068 17677 19781 31197 31949 2182 5835 31099 31861 27888 28970 25594 26906 9841 12728 25153 26509 8865 11850 9682 12585 16037 18304 321 4160 21554 23270
107 15 248164 12001 14672 559 4374 10283 13126 23920 25399 34038 34506 36783 36976 31469 32194 7767 10862 24614 26024 26502 27723 11739 14437 3879 7362 34286 34728 37879 37963 14487 16910
108 15 250126 21679 23383 26424 27653 8297 11339 7781 10874 8861 11846 22010 23681 23386 24919 35846 36133 21092 22854 10963 13738 16519 18739 5942 9219 36410 36641 28833 29821 38615 38625
109 15 235072 37189 37342 29990 30862 771 4565 14258 16703 33478 34002 15727 18025 1904 5585 18984 20957 29134 30092 14647 17054 22587 24200 31893 32575 409 4239 14769 17164 28100 29162
110 15 230108 18283 20326 1236 4984 4461 7887 15621 17930 19352 21288 22486 24109 35349 35686 28793 29785 18479 20503 17360 19495 28691 29693 8177 11231 13517 16036 19672 21576 36159 36415
111 15 260552 24003 25474 6905 10086 17306 19447 14394 16826 31461 32187 35087 35449 21770 23464 36418 36647 12145 14802 32540 33158 8374 11408 27050 28216 29814 30704 27198 28349 1225 4974
112 15 221314 15246 17593 29386 30319 23845 25332 33056 33622 3177 6731 20786 22579 18933 20911 23068 24632 25606 26917 5036 8404 7765 10860 15471 17795 6938 10116 32481 33104 15849 18135
113 15 258108 18157 20213 37861 37947 2382 6015 29609 30520 5825 9114 2647 6253 27739 28837 20808 22598 9760 12655 35735 36033 17463 19588 29832 30720 12850 15436 35651 35957 36316 36556
114 15 222389 898 4679 30959 31734 9897 12779 5464 8789 38599 38610 27257 28403 29733 30631 33853 34339 32027 32696 6130 9388 14192 16644 7666 10771 1670 5375 33376 33910 6266 9511
115 15 247894 12811 15401 17972 20046 23260 24805 23502 25023 176 4029 32912 33492 31067 31832 35900 36182 23203 24754 25055 26421 1884 5567 1928 5606 16495 18717 34200 34651 29503 30424
116 15 198873 32839 33427 16457 18683 15594 17906 14204 16655 12772 15366 10521 13341 244 4091 25273 26617 1719 5418 13190 15743 2662 6267 22664 24269 31863 32548 23408 24938 25182 26535
117 15 217111 19940 21817 13147 15704 11210 13960 12421 15050 24481 25904 31585 32298 353 4189 17304 19445 15320 17659 18354 20390 30835 31623 20868 22653 9459 12384 22784 24377 23328 24866
118 15 217161 10853 13639 10011 12881 10796 13588 15380 17713 34748 35145 4772 8167 849 4635 14570 16985 30596 31408 19569 21484 23568 25082 24775 26169 16761 18957 19140 21097 35064 35429
119 15 216433 14297 16738 3760 7255 30516 31335 27571 28685 10136 12994 30105 30966 31913 32593 1529 5248 12585 15197 17140 19297 23932 25410 13060 15625 12581 15194 3833 7321 37584 37697
120 15 267234 31886 32569 25647 26954 14297 16738 2516 6135 21412 23142 23798 25290 27107 28268 28106 29167 34975 35349 4683 8086 28902 29883 31944 32621 14960 17335 10360 13195 33450 33977
121 15 212332 2382 6015 37295 37437 32699 33301 221 4071 10804 13595 21813 23503 34971 35345 19369 21304 19765 21660 3841 7328 35876 36160 28651 29657 12383 15016 1740 5437 3605 7116
122 15 224116 16870 19054 8064 11129 24660 26065 4359 7794 34628 35037 22300 23942 10431 13259 1946 5623 23791 25283 6160 9415 22363 23998 26970 28144 37610 37720 7506 10627 32488 33111
123 15 211586 8343 11380 32622 33231 7392 10524 28165 29220 374 4208 13332 15870 25757 27052 24308 25748 6154 9410 5778 9071 38256 38301 25205 26556 29416 30345 14422 16851 4959 8334
124 15 218573 11346 14083 27129 28287 7109 10269 4142 7599 8360 11395 32662 33268 25597 26908 29623 30532 3676 7180 37084 37247 13266 15811 20906 22686 396 4228 18313 20353 33608 34119
125 15 175868 34603 35014 23106 24667 20190 22042 7199 10350 14127 16585 30162 31017 3241 6788 3122 6681 17629 19738 12442 15069 24170 25624 5360 8696 17346 19483 6896 10078 242 4090
126 15 240920 6712 9913 27658 28764 35412 35742 24461 25886 11673 14377 21562 23277 35266 35611 20452 22278 16550 18766 7043 10210 18350 20387 27599 28710 2765 6360 27725 28824 17922 20002
127 15 215941 20648 22455 16759 18954 1951 5627 26509 27730 17295 19437 30991 31763 20668 22473 25197 26548 21288 23031 357 4192 21058 22824 6248 9495 19534 21452 15752 18048 25672 26977
128 15 180331 27497 28618 2091 5754 442 4269 5650 8956 10996 13767 33408 33939 16581 18794 28877 29860 34066 34531 9569 12484 2258 5903 4818 8207 32860 33445 2885 6468 13416 15946
129 15 284948 26957 28133 30896 31678 15094 17456 34442 34869 31172 31926 38051 38117 20795 22587 2848 6434 37104 37265 25061 26427 25268 26612 26087 27350 7686 10788 1230 4978 33494 34016
130 15 235286 11366 14101 8184 11237 38396 38427 8401 11433 25039 26407 22688 24290 13887 16369 29497 30418 31374 32108 11665 14370 3654 7160 9922 12801 15339 17676 28471 29495 36225 36474
131 15 248473 37229 37377 28550 29567 36255 36501 4616 8026 9961 12836 23479 25003 1417 5147 32495 33117 3539 7057 27460 28586 3971 7446 26617 27827 27358 28494 23430 24959 24215 25665
132 15 274628 25966 27241 16034 18302 31079 31843 13333 15871 15726 18025 27078 28241 36886 37069 21757 23453 18331 20369 32232 32881 31320 32059 18922 20901 8985 11958 12980 15553 32657 33263
133 15 217358 16002 18273 18638 20645 32982 33555 24853 26239 11324 14063 3005 6576 31168 31923 30868 31652 8709 11709 36001 36272 7733 10831 4075 7539 7702 10803 24745 26142 13893 16375
134 15 243558 28357 29393 15334 17672 13211 15761 10770 13564 6734 9932 17877 19961 25624 26933 25840 27127 31881 32565 32642 33249 10822 13611 17037 19205 25860 27146 25820 27109 16639 18847
135 15 271783 22304 23945 10010 12880 108 3969 36111 36372 37960 38035 34381 34814 12727 15325 32568 33182 31565 32280 21884 23567 29730 30628 1283 5026 21826 23515 33334 33872 13938 16416
136 15 248708 21238 22985 32104 32765 380 4214 17622 19732 13795 16287 22413 24043 14783 17176 21880 23564 29048 30015 22562 24178 4659 8065 20926 22704 33794 34286 34030 34498 21652 23358
137 15 225475 27505 28626 32508 33128 31516 32235 365 4200 7808 10898 5513 8833 21098 22860 12322 14961 29976 30850 22625 24234 15548 17864 12190 14842 16478 18702 14929 17307 31463 32188
138 15 264069 38708 38709 26161 27416 26989 28161 5456 8782 7962 11037 22021 23690 6206 9457 27428 28557 12072 14736 29829 30718 33969 34443 27998 29069 10591 13403 28727 29725 25970 27245
139 15 218055 18010 20080 5740 9037 19498 21419 13879 16363 31472 32196 14969 17343 8067 11132 28878 29861 15181 17535 27300 28442 30749 31545 4556 7972 25 3894 33175 33729 21070 22834
140 15 207725 29253 30199 19064 21029 36523 36742 18514 20534 11141 13898 5798 9090 5046 8413 23109 24669 27824 28913 26916 28096 13549 16065 2169 5824 34438 34866 4894 8276 1419 5148
141 15 241466 15742 18039 3388 6920 28197 29249 21102 22863 36573 36787 20432 22260 5415 8745 6835 10023 21580 23294 19937 21815 23971 25445 15101 17462 21230 22978 36827 37016 25503 26824
142 15 195036 9625 12534 22008 23679 730 4528 14070 16534 13054 15620 14464 16889 16351 18588 12816 15406 24127 25586 33219 33769 23111 24671 26842 28029 26643 27850 4870 8255 1865 5550
143 15 181843 12040 14707 5779 9072 27793 28885 7131 10289 13008 15579 34212 34662 2420 6049 37662 37767 9696 12598 34320 34759 3595 7107 6085 9348 23916 25396 5585 8898 4062 7528
144 15 185243 9529 12448 19855 21741 38094 38156 32813 33403 14957 17332 7775 10869 118 3978 38120 38179 3577 7091 4325 7763 2479 6103 12158 14813 6881 10064 25232 26580 15641 17948
145 15 186144 12710 15311 11772 14466 24063 25528 15354 17690 28791 29783 6800 9991 6661 9866 17083 19246 33923 34402 5982 9255 19785 21678 11035 13803 12928 15506 5 3876 25789 27081
146 15 198595 18479 20502 19547 21464 17219 19368 36862 37047 5770 9064 13161 15716 19393 21325 10683 13486 18682 20686 14955 17331 19129 21087 13924 16403 5837 9125 13945 16422 20658 22463
147 15 246453 12874 15458 8493 11515 38547 38563 15044 17411 32044 32711 20443 22270 28666 29671 19067 21032 13889 16372 35530 35848 748 4544 17292 19434 31371 32105 1409 5139 32650 33256
148 15 218996 25096 26458 14554 16970 27441 28568 26900 28082 22659 24264 27623 28732 22117 23777 8389 11422 11510 14230 14613 17023 58 3924 6006 9277 30693 31495 14070 16535 22016 23686
149 15 279248 27468 28593 33064 33629 14604 17015 7030 10198 35575 35889 14064 16529 10837 13624 20986 22759 37695 37797 27614 28724 6798 9990 25022 26391 17064 19229 35044 35411 36195 36447
150 15 188640 19292 21234 5285 8628 3228 6777 8545 11562 17641 19748 16624 18833 13244 15791 4709 8110 4780 8173 12300 14942 38549 38566 24073 25537 27665 28770 16201 18452 23664 25169
151 15 254896 24278 25721 25935 27213 19219 21169 34365 34800 9690 12592 29073 30037 22419 24048 32887 33470 6299 9541 12506 15126 18256 20302 26087 27350 34665 35070 19053 21019 3888 7370
152 15 221772 16024 18293 34944 35321 34550 34967 38533 38551 38344 38381 11522 14241 20142 21999 887 4670 9638 12545 13837 16325 8948 11924 13367 15902 9466 12391 17812 19902 9202 12154
153 15 274604 29921 30800 32657 33263 11654 14360 25333 26671 18493 20515 13967 16441 34929 35307 33202 33753 23383 24916 8317 11356 29577 30490 30714 31514 16653 18859 2685 6288 31771 32466
154 15 228222 34599 35010 7926 11004 6063 9328 18840 20828 5451 8778 16878 19062 37298 37440 16760 18956 8268 11313 28650 29656 27062 28227 31661 32366 18152 20208 18149 20205 9521 12441
155 15 228199 11962 14637 22610 24221 34356 34792 2813 6403 23182 24735 256 4102 16776 18970 24637 26045 11744 14441 25159 26514 21045 22812 34356 34792 15604 17915 12994 15566 27755 28851
156 15 225220 35009 35379 24675 26079 9152 12108 12400 15032 35725 36024 38041 38108 16445 18672 11161 13916 20706 22506 1513 5233 11737 14435 24930 26308 29321 30261 10701 13502 9 3879
157 15 268649 9757 12653 31972 32646 37994 38066 28535 29553 30164 31019 6181 9434 16639 18846 2109 5770 6898 10080 37735 37833 29196 30148 26675 27879 29742 30640 14704 17105 27511 28631
158 15 257678 16488 18710 31858 32544 33203 33754 10122 12981 15330 17668 28454 29480 24859 26245 25254 26600 14470 16895 10296 13138 22100 23761 33227 33776 6283 9526 13549 16065 36605 36816
159 15 174374 8939 11916 3171 6725 30192 31044 1169 4924 36016 36286 13670 16174 34412 34842 1159 4914 4678 8082 4807 8197 4693 8095 13894 16376 13351 15887 36696 36897 11121 13880
160 15 221268 31222 31971 9005 11976 17191 19343 38584 38597 35134 35492 9234 12182 20741 22538 28093 29155 27408 28539 24842 26229 653 4459 2962 6537 25716 27016 4203 7654 1597 5309
161 15 273644 6302 9543 7014 10184 20202 22053 8940 11917 34058 34523 22724 24323 25731 27029 32940 33517 10925 13704 38467 38492 37936 38014 8887 11869 33304 33845 29462 30387 25164 26519
162 15 170132 31635 32343 16346 18583 6828 10017 8571 11586 14041 16509 9487 12409 14505 16926 5147 8504 17196 19348 389 4221 22010 23680 21603 23314 18380 20413 10274 13118 16254 18500
163 15 226758 25045 26411 23422 24951 4491 7913 21692 23394 19889 21771 36159 36415 10638 13446 1051 4817 34457 34883 24398 25829 22424 24053 29875 30759 748 4545 10346 13183 18813 20803
164 15 235817 15139 17497 16315 18555 26838 28026 12741 15338 35013 35383 25492 26814 29907 30788 25151 26507 14765 17160 21354 23090 7069 10233 23855 25341 28458 29484 7094 10256 5581 8894
165 15 250258 26132 27390 19608 21519 35764 36059 34905 35286 12035 14702 26384 27617 13767 16261 17892 19974 15052 17418 36955 37130 4821 8211 17706 19807 23092 24654 7717 10817 20993 22765
166 15 242811 33974 34448 30167 31022 8671 11675 18217 20267 17162 19317 34563 34978 20681 22484 35858 36143 22856 24442 26825 28014 464 4289 21153 22909 8493 11515 6077 9340 18353 20389
167 15 158266 21081 22844 13014 15584 7074 10238 11162 13917 4702 8104 2865 6450 5927 9205 22876 24460 13017 15586 3895 7377 13929 16407 29321 30260 4724 8123 32192 32844 12054 14720
168 15 224016 19432 21360 3866 7351 12872 15456 16813 19003 8263 11308 5975 9249 11820 14509 17511 19631 31330 32068 32788 33380 26497 27718 32423 33052 8716 11715 32894 33476 18821 20810
169 15 193789 4750 8146 3794 7286 15810 18101 16737 18935 1983 5656 30296 31138 25562 26877 24318 25757 10634 13442 16364 18599 23918 25398 1305 5046 26140 27398 5173 8527 35453 35779
170 15 249522 5751 9047 13891 16373 28219 29269 3248 6794 31620 32329 36490 36712 30598 31410 24791 26183 31548 32265 35904 36185 2703 6304 16650 18856 5655 8961 10687 13490 34148 34605
171 15 234066 14601 17012 3674 7178 4729 8128 22895 24477 9030 11998 26177 27431 7166 10321 36153 36409 31041 31808 14761 17156 37653 37759 35539 35856 28518 29538 6346 9583 14300 16742
172 15 290786 30799 31590 24538 25956 17767 19861 35372 35707 24315 25755 334 4172 28908 29888 29882 30765 26501 27723 2499 6120 38608 38619 25080 26443 29631 30540 17373 19507 31876 32560
173 15 218995 22975 24549 6781 9974 10253 13099 33214 33764 3834 7322 5308 8649 29272 30216 19002 20973 36501 36723 38293 38335 14477 16900 5495 8817 15502 17823 19258 21204 13579 16093
174 15 265016 32339 32977 23800 25291 3212 6762 18132 20191 38479 38503 31103 31864 34817 35207 18550 20566 13655 16161 12774 15368 15130 17488 27993 29065 27908 28989 5965 9240 27414 28544
175 15 243892 36561 36776 29357 30293 32168 32822 30288 31131 19429 21357 8983 11956 3897 7379 30989 31761 2843 6430 5056 8422 37587 37699 16850 19037 11385 14118 16442 18670 23031 24599
176 15 231916 33461 33986 10068 12932 7850 10936 37145 37302 18709 20709 6917 10097 10487 13310 18409 20439 13659 16164 35108 35469 18697 20699 2243 5890 24139 25597 15825 18114 37179 37333
177 15 222217 12166 14820 3816 7305 31270 32015 31519 32238 5789 9081 23976 25450 4005 7476 30869 31653 11492 14215 30868 31652 390 4222 29254 30200 21460 23185 38514 38534 2384 6017
178 15 212066 5146 8503 11390 14123 33829 34318 3514 7034 17047 19213 10227 13076 8186 11239 24593 26005 38588 38601 35158 35514 36736 36934 2541 6158 2220 5869 3964 7439 31944 32621
179 15 238432 3418 6947 32876 33460 19725 21624 36789 36981 35628 35937 37788 37880 3207 6757 2646 6253 34788 35181 12320 14959 29466 30391 14340 16777 28918 29897 4404 7835 1727 5425
180 15 227235 21579 23293 36981 37154 31526 32245 7219 10369 10312 13152 938 4715 9849 12736 34461 34887 24178 25631 25767 27062 7564 10679 21568 23282 11082 13845 20876 22660 20144 22001
181 15 205547 156 4012 27781 28874 5666 8971 18853 20839 13255 15801 34420 34849 2293 5935 29510 30430 13597 16108 12687 15290 15898 18179 15223 17572 31723 32422 9168 12123 26704 27905
182 15 226812 25007 26377 1802 5494 14995 17367 36137 36394 13139 15696 4098 7560 8942 11919 9684 12587 26901 28082 25820 27109 33398 33929 13055 15620 22569 24184 14492 16914 33477 34001
183 15 284520 22276 23920 16324 18563 37880 37963 30981 31754 1928 5607 28753 29749 19373 21307 37498 37619 37168 37323 32196 32848 27197 28348 15798 18089 20760 22555 7702 10804 19816 21706
184 15 210994 5237 8585 2109 5769 10804 13595 9023 11992 10842 13629 28692 29694 267 4112 37578 37692 23260 24806 30606 31416 36876 37059 29727 30626 16411 18642 11594 14306 10717 13517
185 15 256734 25901 27182 32984 33557 32252 32898 25406 26737 34282 34725 5969 9243 14669 17073 21561 23276 36746 36943 25929 27207 22494 24116 5650 8956 11183 13936 6259 9505 19633 21541
186 15 259942 10869 13653 24649 26055 2849 6436 5238 8585 17533 19651 1479 5203 29784 30677 36488 36711 33775 34269 25077 26441 29930 30808 37327 37466 33122 33682 19362 21297 17446 19573
187 15 254608 21260 23005 23064 24629 14136 16593 674 4478 20732 22530 29824 30713 37782 37875 4014 7484 37876 37960 36399 36630 22918 24498 25952 27228 2922 6501 25461 26786 15246 17593
188 15 157875 29536 30454 8333 11371 31491 32213 37237 37385 18191 20243 7170 10324 9313 12253 15199 17551 1196 4948 10615 13425 5744 9041 2700 6302 1524 5243 10974 13748 8121 11181
189 15 247128 21155 22911 27517 28637 6096 9358 23090 24652 37324 37463 33402 33933 24822 26211 19429 21357 9363 12298 232 4080 15657 17963 18803 20794 5047 8414 37803 37894 29170 30124
190 15 210292 33142 33699 9047 12014 9089 12052 30427 31256 31348 32084 30549 31366 8083 11146 8097 11159 13060 15626 31471 32195 511 4331 20885 22667 8214 11264 11437 14165 17506 19627
191 15 256514 20116 21975 36091 36353 3688 7191 34428 34856 14231 16679 23997 25468 36165 36420 16240 18487 5183 8536 36406 36637 27324 28463 34954 35330 1487 5209 23067 24632 7266 10411
192 15 234351 24297 25739 35316 35655 6867 10052 14753 17149 15588 17901 5581 8894 30002 30873 30495 31317 5985 9258 5186 8539 31882 32565 11409 14140 23829 25318 30919 31698 20830 22619
193 15 193140 18819 20808 4919 8299 1479 5202 5130 8488 21990 23662 18909 20890 35017 35386 12667 15272 27374 28508 15242 17589 6995 10167 2569 6184 13503 16024 21816 23505 34996 35368
194 15 267700 4767 8161 27006 28177 7155 10311 23867 25352 11094 13856 6022 9291 36632 36840 25069 26434 27028 28196 38549 38566 26074 27338 24301 25742 31258 32003 23443 24970 22360 23995
195 15 265084 18573 20587 34387 34820 3712 7212 14046 16512 26795 27987 27987 29060 35979 36253 17779 19873 31307 32047 21929 23607 22918 24497 32374 33008 16178 18432 3075 6639 24316 25756
196 15 273858 13900 16381 21992 23664 34206 34657 24638 26046 30128 30986 15804 18095 30366 31201 23717 25217 31329 32067 21867 23552 26731 27929 4789 8181 35041 35408 8028 11097 19787 21679
197 15 239594 35164 35519 15781 18074 30836 31624 5071 8435 34942 35319 21074 22838 27108 28268 9529 12447 20108 21969 21861 23546 16699 18900 565 4380 19589 21501 13410 15940 27756 28852
198 15 247353 20384 22217 867 4652 17122 19282 34498 34919 30427 31255 4533 7951 28445 29472 13046 15612 30229 31077 37501 37623 18685 20688 10773 13567 21283 23026 13920 16399 27479 28603
199 15 231913 11556 14271 11544 14261 6332 9570 1582 5295 36071 36335 14753 17149 36317 36556 19532 21450 31301 32042 29751 30647 37498 37620 102 3963 21538 23256 25664 26969 6351 9588
200 15 185673 26920 28100 5724 9023 29418 30348 16662 18867 30403 31234 8747 11744 1660 5366 5667 8971 14818 17207 8008 11079 17073 19237 3050 6616 25015 26385 4728 8127 34199 34651
201 15 210600 530 4349 15420 17749 15492 17815 31562 32277 21610 23321 21099 22860 12011 14681 34105 34566 15553 17869 3768 7263 10054 12920 18005 20076 21782 23475 18464 20489 23796 25288
202 15 183134 5171 8525 17740 19837 14970 17344 9012 11982 11977 14651 17698 19799 23247 24794 25255 26601 15482 17805 8912 11892 27098 28259 16632 18840 4466 7891 7607 10717 23651 25158
203 15 221976 21573 23287 10492 13314 17756 19852 21580 23294 31881 32564 5907 9188 32715 33315 13641 16149 36960 37135 11 3881 24075 25539 37161 37316 17447 19574 3096 6658 3176 6729
204 15 208064 9959 12834 22621 24231 2576 6190 35054 35420 15520 17840 26150 27406 22029 23698 31024 31793 17824 19913 4924 8303 30581 31394 10960 13735 11661 14366 15524 17843 3674 7178
205 15 225243 36787 36979 918 4698 3206 6757 25078 26441 7360 10495 20069 21933 26721 27920 34918 35297 33503 34024 29728 30626 27965 29040 12525 15144 12242 14889 6191 9444 4343 7780
206 15 223430 1221 4971 17778 19871 26969 28144 33744 34241 28223 29272 8373 11407 13217 15767 18956 20931 15821 18110 24927 26305 8922 11902 10712 13512 25657 26963 26487 27710 18281 20324
207 15 236086 26355 27590 27491 28613 28885 29868 6645 9852 12692 15294 16418 18648 25363 26698 9725 12624 18802 20793 14806 17197 13666 16171 36995 37167 9447 12374 10732 13530 37086 37249
208 15 220564 18234 20282 12315 14955 30492 31314 24758 26153 2652 6258 15290 17633 31002 31773 18355 20391 28728 29727 26840 28027 9585 12498 84 3947 23201 24752 29411 30341 4758 8154
209 15 267515 19545 21462 11956 14632 23796 25287 8929 11907 36761 36957 28172 29226 20592 22404 14221 16670 4612 8022 25863 27148 23585 25098 7326 10464 37871 37955 37669 37773 33496 34017
210 15 287228 32478 33101 22105 23766 35001 35373 38349 38385 26886 28068 11011 13781 29919 30799 30743 31540 30962 31737 35257 35603 12005 14676 5560 8875 18129 20188 25659 26965 4972 8346
211 15 179008 24619 26028 2110 5770 5474 8798 30782 31575 29388 30321 28254 29300 4366 7801 6822 10011 30644 31451 3326 6865 38677 38681 3121 6681 4383 7816 10160 13015 1635 5343
212 15 243942 13898 16379 32060 32725 10579 13393 2259 5904 25458 26783 25893 27175 23488 25010 36990 37163 30066 30931 291 4133 19115 21075 6950 10126 9216 12166 38129 38188 30536 31353
213 15 118704 8653 11659 17768 19862 14196 16648 4344 7781 9201 12152 13494 16016 84 3947 4828 8216 1703 5404 28920 29899 1018 4788 10018 12887 1402 5133 2424 6053 30327 31165
214 15 242484 36331 36569 22348 23984 10937 13715 38683 38686 1902 5583 15357 17693 33479 34003 11822 14511 22360 23996 16767 18962 25737 27034 18776 20770 16444 18671 22949 24525 9214 12164
215 15 268604 37293 37435 27470 28595 11913 14593 1854 5540 4702 8103 11113 13873 30824 31613 31157 31913 35917 36196 26999 28170 23528 25047 26224 27473 31815 32505 28922 29901 6024 9293
216 15 183901 30154 31010 12347 14983 8398 11430 9159 12115 19984 21857 21288 23030 6239 9487 7901 10983 19468 21392 1694 5396 25140 26497 26699 27901 9698 12600 21286 23029 10422 13251
217 15 256168 1260 5005 22073 23737 7888 10971 6318 9558 30090 30952 12196 14848 29178 30131 15485 17808 36836 37024 38543 38560 16961 19137 37723 37822 26837 28025 3418 6948 35404 35735
218 15 234220 12555 15171 14858 17243 33230 33779 35431 35759 33181 33734 28191 29244 7457 10583 1934 5612 25543 26860 36926 37105 10729 13527 12331 14969 32438 33065 7600 10712 372 4206
219 15 224687 13258 15804 3077 6641 7872 10956 21873 23557 28177 29231 31877 32561 17328 19467 21925 23604 11888 14571 19874 21758 13587 16100 29289 30231 29406 30337 7365 10500 24063 25528
220 15 295164 23743 25240 12972 15546 6795 9987 30147 31004 15699 18000 34879 35262 34905 35286 27041 28208 37670 37774 11155 13911 31733 32431 29302 30243 28084 29147 17226 19375 27605 28716
221 15 265668 3595 7107 35965 36240 9113 12073 20297 22139 31019 31789 23137 24695 7843 10930 32509 33129 26018 27288 12726 15325 35550 35866 30201 31052 24583 25996 35281 35624 4249 7696
222 15 294671 26291 27533 4246 7693 17973 20047 31270 32015 10872 13656 37392 37524 30889 31671 2196 5848 27600 28711 33794 34286 20205 22056 31537 32254 22607 24217 34039 34506 37428 37556
223 15 229338 37049 37215 24551 25967 3978 7452 17599 19710 26142 27399 8290 11332 33153 33709 2892 6474 6122 9381 34551 34967 12559 15174 3267 6812 38012 38083 35614 35924 2894 6476
224 15 258892 16753 18949 27152 28308 23105 24666 3188 6740 25452 26778 24670 26074 24867 26252 20785 22578 19524 21443 4213 7663 19735 21633 33326 33865 27799 28891 19269 21214 33777 34271
225 15 262844 4103 7564 22078 23741 33489 34012 19596 21508 33549 34065 36516 36736 22767 24362 11228 13977 14576 16989 20470 22294 31609 32319 20703 22504 6835 10022 29515 30435 21521 23240
226 15 234075 28271 29315 31125 31884 17594 19706 28472 29497 5984 9257 2251 5897 29634 30542 31089 31851 9531 12449 19686 21589 139 3996 26435 27663 29673 30577 6520 9740 26190 27443
227 15 201468 1192 4945 32170 32824 35192 35544 36781 36974 9876 12760 1799 5490 6479 9703 224 4073 32007 32678 3178 6732 17850 19936 16238 18486 24215 25665 28547 29564 6087 9350
228 15 195632 1002 4773 28905 29886 34780 35174 22760 24356 7699 10800 9984 12857 24902 26283 10729 13527 17647 19754 16297 18539 2965 6540 20661 22467 14324 16763 4015 7485 27871 28955
229 15 183667 8029 11097 9899 12781 16019 18289 15601 17912 14500 16922 7832 10920 18366 20401 21058 22824 24964 26339 29092 30054 24155 25611 13691 16193 7746 10843 6403 9634 12229 14877
230 15 182803 23912 25392 5298 8639 16819 19008 2604 6215 18748 20745 35318 35658 10086 12948 4329 7767 32083 32746 9242 12189 19554 21470 2020 5689 2063 5728 37160 37316 9268 12212
231 15 209288 6194 9446 25802 27093 12394 15026 36674 36878 3595 7107 18281 20325 7080 10243 27323 28462 8367 11401 34856 35242 8161 11216 5231 8579 23421 24951 32771 33366 11461 14186
232 15 265130 35069 35433 32045 32711 36678 36881 23321 24860 11296 14038 5700 9001 33219 33769 5924 9203 31023 31792 17876 19960 11546 14263 34791 35184 23197 24748 25603 26914 4125 7584
233 15 279618 31973 32647 27569 28684 34845 35232 27517 28637 12743 15340 2278 5921 8891 11873 24450 25877 36271 36515 26892 28074 14098 16559 30911 31691 5962 9237 30495 31317 34628 35037
234 15 258803 20642 22449 3266 6811 23143 24700 18685 20688 30388 31221 32575 33189 5645 8952 21888 23570 29030 29998 25254 26600 16671 18875 17048 19215 34180 34634 7882 10965 37207 37358
235 15 261484 7187 10340 5815 9105 30897 31679 33641 34148 17733 19831 32817 33406 28367 29401 23014 24584 18245 20292 26049 27315 28953 29929 37530 37648 3095 6657 17080 19244 16433 18661
236 15 266168 22059 23725 5349 8686 8533 11551 36456 36682 15753 18049 21084 22847 15214 17564 23586 25099 35907 36188 11124 13883 27023 28192 11419 14148 27297 28439 37701 37802 34205 34656
237 15 279044 33697 34199 16676 18880 33740 34237 35966 36241 345 4182 144 4001 36317 36556 15423 17752 12508 15128 23786 25279 36739 36936 37214 37364 32727 33326 9073 12037 24450 25876
238 15 271788 7294 10436 25807 27097 29838 30726 31335 32073 28726 29725 37631 37739 5697 8999 15253 17599 14562 16977 38552 38568 14609 17019 27817 28906 7706 10807 19731 21630 35177 35531
239 15 244244 10564 13379 15052 17418 25688 26990 2489 6112 2493 6115 25614 26924 37855 37941 22032 23700 4476 7900 35390 35722 37907 37987 27615 28725 875 4659 28289 29331 28966 29940
240 15 258520 30973 31747 32748 33345 9113 12073 8511 11531 36863 37048 30880 31663 344 4181 20612 22422 34770 35164 5839 9126 23626 25135 10513 13333 31302 32043 19978 21851 27078 28241
241 15 247216 14391 16823 17299 19441 17602 19713 31075 31838 25238 26586 34131 34590 769 4564 36393 36625 34825 35214 21717 23416 30918 31698 2409 6039 23730 25228 6220 9469 12304 14945
242 15 191323 1817 5506 6038 9306 33680 34183 36138 36395 23520 25039 12684 15287 19746 21642 26658 27863 11717 14416 1982 5655 10209 13060 5245 8592 11036 13804 35377 35710 3307 6847
243 15 265059 22689 24291 23119 24678 28919 29898 17954 20030 36398 36630 10487 13310 30914 31694 19775 21669 17190 19342 24581 25994 8695 11697 6938 10116 24021 25490 27307 28448 32337 32975
244 15 215934 18233 20281 23195 24747 25708 27008 1863 5548 29748 30645 2835 6422 37080 37244 32407 33037 23027 24596 8857 11842 6467 9692 25895 27177 16279 18523 12216 14866 6108 9369
245 15 207266 16387 18620 16770 18964 38608 38619 20548 22364 15929 18207 1279 5022 10181 13034 9013 11983 3815 7305 10894 13676 30324 31163 29877 30761 8502 11523 29277 30220 17679 19782
246 15 288005 38589 38602 11706 14406 13363 15898 30206 31056 36099 36360 31594 32306 14262 16707 19086 21048 22736 24334 10483 13306 34590 35002 669 4474 33961 34437 31147 31904 31516 32236
247 15 262729 35946 36223 23456 24982 28379 29412 6657 9863 3253 6799 20328 22166 14583 16996 34986 35359 21613 23323 26459 27685 34093 34555 20669 22473 18458 20483 35547 35864 3985 7458
248 15 222584 27073 28237 30207 31058 1752 5448 23149 24705 30809 31599 7024 10193 10558 13373 29855 30741 10130 12988 10749 13545 20019 21888 28894 29876 9699 12601 34917 35297 3396 6928
249 15 227969 34390 34823 15622 17931 27529 28648 13900 16381 27150 28306 2996 6568 13673 16177 4780 8173 31516 32235 21054 22820 38239 38286 11530 14248 2887 6470 13228 15776 26468 27693
250 15 217063 2003 5674 26589 27802 32684 33287 2305 5946 33331 33869 3876 7360 23719 25219 3876 7360 20693 22495 9838 12725 11526 14245 33905 34386 30715 31515 17945 20022 18324 20363
251 15 206358 31621 32330 17249 19395 25824 27113 4073 7537 24553 25969 3015 6584 24494 25916 37647 37754 8768 11763 9812 12702 4897 8279 2969 6544 18420 20449 9542 12459 35064 35429
252 15 304541 31810 32500 25393 26725 26792 27984 13885 16368 32815 33405 36894 37076 17885 19968 31956 32631 27417 28546 31220 31969 15546 17862 38134 38192 2042 5709 21043 22810 27845 28932
253 15 247024 34630 35038 25564 26879 25535 26852 28284 29327 6438 9665 16288 18530 8837 11825 31374 32108 19399 21331 24395 25827 23664 25169 21263 23008 1597 5309 4810 8201 36702 36903
254 15 224588 7332 10470 5050 8416 33679 34182 28357 29393 31038 31805 11232 13980 796 4587 35253 35599 32974 33548 11345 14082 23754 25250 14662 17067 5977 9251 15286 17629 24001 25473
255 15 275691 19325 21264 16793 18985 23578 25092 14346 16783 28990 29962 16902 19083 28017 29086 7059 10224 24273 25717 36641 36848 31705 32406 10304 13145 22130 23789 37709 37810 26842 28029
256 15 207876 38708 38709 14416 16846 20623 22432 17617 19727 1826 5514 35768 36062 4700 8101 19449 21375 6974 10148 3856 7342 19100 21061 13343 15880 2066 5731 31195 31946 30205 31056
257 15 266237 4582 7995 33251 33797 17338 19476 6335 9572 24928 26306 29642 30549 23932 25411 37881 37964 15469 17794 28085 29148 10652 13458 18225 20274 26316 27556 23863 25348 32298 32939
258 15 192987 36291 36533 9031 12000 8893 11875 5715 9015 14470 16894 12591 15203 15263 17608 18799 20791 1817 5507 21503 23224 20889 22671 30999 31771 14374 16808 29333 30271 1266 5011
259 15 223704 3051 6617 3062 6627 4271 7715 34601 35013 12252 14898 32268 32912 20453 22279 2521 6140 33762 34257 3822 7311 34922 35301 29364 30299 6883 10066 31940 32617 26458 27684
260 15 226219 37351 37487 12818 15407 11779 14473 6645 9852 21931 23609 12273 14917 3931 7409 35918 36197 36260 36505 835 4623 1883 5566 34167 34622 13968 16442 28317 29357 24698 26100
261 15 178117 10334 13172 18882 20865 37144 37301 5944 9221 2933 6511 19442 21369 11453 14179 6494 9716 32205 32856 5534 8852 14209 16660 8787 11779 32901 33482 6903 10084 9482 12405
262 15 230892 11461 14186 14270 16715 34663 35068 10991 13763 7514 10634 11608 14318 19241 21188 7242 10389 22540 24158 30587 31399 32775 33369 22012 23682 25074 26438 31466 32190 7171 10326
263 15 191804 6459 9685 7614 10724 15247 17593 35241 35588 11138 13895 14149 16605 21640 23347 12395 15027 35483 35806 4468 7892 23712 25212 21450 23176 3390 6923 23645 25152 3724 7223
264 15 228449 30448 31275 13174 15728 26553 27769 32613 33223 13665 16170 17171 19326 5035 8403 33056 33621 3665 7170 2623 6232 10705 13506 27346 28483 29717 30617 4836 8224 34955 35331
265 15 171454 9985 12858 17436 19564 3417 6947 20035 21903 13199 15750 11006 13777 16424 18653 11545 14262 15795 18087 12405 15036 32494 33116 14382 16815 18986 20958 4420 7850 12789 15382
266 15 215245 26844 28031 1837 5525 13761 16256 29811 30701 15373 17707 5018 8387 2608 6219 29894 30776 34841 35228 35856 36141 34950 35326 5396 8728 2555 6171 6492 9714 23821 25310
267 15 250408 5418 8748 21574 23288 19536 21454 13861 16346 24055 25521 4585 7998 21863 23548 35491 35814 33289 33832 25162 26517 14110 16570 29325 30264 30958 31734 19827 21715 13957 16432
268 15 184476 3250 6796 37834 37922 36840 37028 8368 11402 1978 5651 28737 29735 2666 6271 4226 7675 3669 7174 21373 23107 36642 36849 4310 7750 11147 13904 13825 16314 15731 18029
269 15 261552 25060 26425 9810 12700 31749 32446 9124 12083 2896 6478 30921 31701 36425 36654 29126 30085 22437 24064 21225 22974 27600 28711 8406 11437 20765 22560 21306 23047 30090 30952
270 15 234918 14713 17113 37356 37492 24138 25595 14098 16559 13933 16411 24382 25815 15055 17421 36494 36716 24610 26020 14505 16926 22031 23699 6930 10108 10224 13073 16941 19119 18238 20285
271 15 234430 25186 26539 34306 34746 13063 15628 4306 7747 5110 8470 21324 23063 24496 25918 29324 30263 31744 32441 22313 23953 36102 36363 346 4183 3318 6857 24728 26126 17372 19506
272 15 202528 3446 6972 3442 6969 11430 14159 3643 7150 7916 10996 5779 9073 16691 18893 21750 23447 32342 32980 25246 26593 38514 38534 29187 30140 20259 22104 26659 27864 6857 10043
273 15 175002 3270 6814 8104 11165 2588 6201 7281 10424 13479 16003 8261 11306 18449 20476 33206 33757 5575 8889 32855 33440 6181 9434 35512 35832 4953 8329 6140 9398 32899 33480
274 15 162412 20283 22126 9911 12791 5615 8925 4512 7932 31512 32233 8348 11384 6846 10033 16420 18650 10568 13382 3336 6874 31196 31948 14636 17044 15763 18058 9142 12099 14927 17305
275 15 259272 24544 25961 35540 35858 2971 6545 11528 14246 30415 31245 27361 28496 21503 23224 37769 37863 22433 24061 10207 13057 32176 32829 5458 8783 26396 27628 4506 7926 31283 32026
276 15 213648 3419 6949 14565 16980 27668 28772 30297 31138 38544 38561 14644 17051 17736 19834 21675 23379 2333 5971 16371 18606 7756 10852 9947 12824 8315 11355 22460 24085 31331 32070
277 15 224364 34878 35262 18393 20425 23352 24889 7226 10375 30093 30955 12009 14679 30264 31109 29874 30758 24822 26211 3084 6647 21962 23637 24061 25526 3538 7056 16735 18932 164 4019
278 15 198635 3058 6624 18297 20339 6483 9706 4739 8136 30995 31767 23328 24866 17229 19377 34337 34774 2617 6227 33501 34023 8083 11146 1158 4914 16486 18708 23422 24951 24561 25976
279 15 225864 33985 34458 23934 25412 29464 30389 3991 7464 22474 24098 20073 21937 20354 22190 36566 36781 26694 27896 384 4217 2667 6272 8005 11076 13354 15890 8345 11382 32041 32708
280 15 260964 2697 6298 13900 16382 25171 26525 31606 32317 9136 12094 23005 24576 22086 23749 22215 23865 28086 29148 36320 36560 8881 11864 24854 26240 7402 10533 35953 36229 34893 35275
281 15 237044 33209 33760 7137 10295 20498 22319 9042 12009 3254 6800 31527 32245 37016 37186 26743 27940 28826 29815 32383 33016 8445 11472 1419 5149 16248 18494 22218 23868 18341 20378
282 15 244996 22480 24104 5147 8504 8118 11178 36022 36291 14505 16926 17961 20037 38653 38659 10176 13029 32425 33054 10580 13393 38137 38195 3470 6994 2983 6556 28314 29354 37274 37418
283 15 249908 29594 30506 21346 23082 23549 25065 17355 19491 23693 25195 16293 18535 10556 13372 31143 31900 15063 17428 4685 8088 17819 19908 25629 26938 35835 36123 24904 26285 14922 17301
284 15 261886 24870 26254 34605 35016 31702 32403 25068 26432 26686 27889 26135 27393 8122 11181 27018 28188 21105 22866 3887 7370 13047 15613 27253 28399 9646 12553 10150 13007 38064 38129
285 15 209644 17831 19919 3685 7188 12699 15301 18489 20511 5189 8541 15461 17786 5155 8511 14462 16887 22591 24204 29184 30137 13974 16448 30356 31192 24967 26341 36114 36374 11899 14580
286 15 245312 26325 27564 14163 16618 15274 17618 37432 37560 37568 37683 22390 24022 19584 21497 5016 8386 2882 6465 33078 33641 37426 37555 17451 19578 24338 25775 4394 7826 9320 12260
287 15 229010 200 4052 6840 10027 32943 33520 32745 33342 10112 12972 26489 27711 35547 35864 5379 8713 18083 20146 11192 13944 3780 7273 35621 35930 28902 29883 1953 5629 36477 36701
288 15 200680 5157 8513 3674 7178 20383 22216 38183 38236 25203 26554 25384 26717 1414 5144 6919 10099 12549 15165 13787 16280 3195 6746 13291 15833 15604 17915 35460 35785 30648 31455
289 15 165867 37859 37944 35848 36135 14895 17277 520 4339 18570 20584 15708 18009 13654 16160 28123 29182 4313 7753 3106 6667 12791 15383 158 4014 6583 9796 4103 7564 11103 13864
290 15 218837 15140 17497 11545 14262 6355 9591 23552 25068 29776 30669 25889 27172 18413 20443 18046 20113 22966 24541 37033 37201 11392 14124 26372 27606 9125 12083 13337 15875 4606 8017
291 15 235111 11052 13819 38643 38650 4456 7882 22744 24341 34349 34785 8223 11272 30441 31269 30273 31117 3881 7364 32133 32791 28231 29280 17547 19663 10335 13172 14312 16752 7269 10413
292 15 244104 33957 34433 20889 22671 20884 22667 32700 33302 16340 18578 32740 33337 23624 25133 21415 23145 17258 19403 13293 15835 11433 14161 9083 12046 13911 16391 9984 12857 27619 28729
293 15 251885 36673 36877 12643 15250 29238 30186 15785 18078 8425 11454 19745 21642 25499 26820 25758 27054 1193 4945 35346 35683 1243 4990 21902 23583 36160 36415 38196 38248 7051 10217
294 15 213018 16984 19157 16596 18808 6791 9983 29336 30274 37958 38033 34606 35016 9737 12635 18825 20814 21385 23118 6820 10009 37636 37744 1662 5367 15943 18220 9445 12372 2549 6166
295 15 264282 10180 13034 12529 15147 32538 33156 9544 12461 20192 22044 37516 37636 19714 21614 12630 15238 30574 31388 33780 34273 14735 17133 38369 38403 19944 21821 31566 32281 6542 9759
296 15 259724 3958 7434 20731 22529 8078 11141 27229 28377 15742 18039 28206 29257 17596 19708 4999 8371 15576 17889 38315 38355 38296 38338 33954 34430 16125 18384 24297 25738 31553 32269
297 15 221280 16777 18971 5824 9113 26962 28137 23612 25122 36469 36693 7743 10840 11716 14416 36557 36772 38046 38113 37795 37887 20029 21898 5637 8945 2314 5954 612 4422 6508 9729
298 15 254580 37635 37743 7871 10956 20593 22405 34264 34709 12533 15151 20596 22407 29801 30692 22202 23853 12099 14761 26008 27278 29515 30434 18149 20205 13339 15877 31727 32426 1894 5576
299 15 215607 26459 27685 18406 20436 23876 25360 10374 13208 21206 22957 15119 17479 5404 8735 17898 19979 22537 24155 526 4345 35386 35719 26706 27907 15163 17518 24897 26279 5552 8868
300 15 221518 941 4719 214 4064 12138 14795 1390 5122 30963 31738 29681 30585 26664 27869 34000 34472 31178 31932 29465 30390 36720 36919 3227 6775 5648 8955 12319 14958 22350 23987
301 15 232832 35178 35531 24422 25851 2710 6310 30865 31650 2868 6452 20866 22651 5466 8791 37847 37934 25114 26474 6585 9798 19542 21459 15413 17743 908 4689 30661 31466 32595 33207
302 15 243108 30995 31767 22420 24050 12316 14956 10787 13580 12934 15512 10946 13723 18742 20739 28019 29089 34494 34916 30212 31063 11393 14125 3220 6770 36066 36331 18884 20867 22457 24083
303 15 197829 5188 8541 4550 7967 5774 9068 27657 28763 29480 30403 1422 5151 37344 37481 16895 19077 25773 27067 26582 27795 33786 34279 3762 7257 8719 11719 19108 21068 1247 4993
304 15 264943 3912 7392 13140 15698 24458 25884 21430 23159 23878 25362 22210 23860 24036 25503 30928 31706 9055 12021 28313 29353 36554 36770 30913 31693 9964 12839 23082 24645 29306 30247
305 15 177218 1450 5177 1014 4784 32389 33022 31338 32076 2062 5727 11778 14472 17729 19827 13509 16030 13561 16077 15476 17800 15370 17704 11673 14377 25378 26711 27673 28777 1123 4882
306 15 235092 19906 21787 3651 7158 27166 28320 30837 31624 1938 5616 4285 7728 22077 23740 35461 35786 20164 22019 2319 5959 7791 10883 38158 38214 20460 22285 22939 24516 36714 36914
307 15 239747 26204 27455 10521 13341 30520 31339 9744 12641 3166 6720 25298 26639 35546 35863 12157 14813 7590 10702 37812 37902 26351 27587 23878 25362 16758 18954 412 4242 33727 34226
308 15 244399 27896 28978 1530 5249 9210 12160 17451 19577 20148 22004 18368 20403 4389 7821 37711 37812 33123 33682 26450 27676 15249 17595 25921 27200 3708 7209 31294 32036 33051 33617
309 15 225368 7790 10882 29948 30825 31020 31789 14134 16592 9449 12375 28326 29365 6705 9906 2626 6235 9137 12095 22875 24459 12242 14889 21043 22810 29393 30325 33093 33655 23930 25408
310 15 238403 21299 23041 28491 29513 37330 37468 25732 27030 4268 7713 12497 15119 22606 24217 25081 26444 14633 17041 4094 7556 6187 9439 35761 36056 8181 11234 27897 28978 23947 25424
311 15 237146 4447 7874 21298 23039 9468 12392 35262 35607 25009 26380 10297 13139 7502 10623 18919 20898 1795 5487 27499 28620 33193 33745 18161 20216 32277 32921 16555 18771 34751 35147
312 15 240332 23586 25099 5580 8893 32274 32918 34497 34919 37568 37683 27356 28491 11172 13926 15775 18069 20427 22256 6910 10090 19951 21828 8701 11702 3188 6741 37199 37351 16231 18479
313 15 289588 34407 34837 25468 26792 25254 26600 37444 37571 35705 36006 7961 11037 32207 32858 35298 35639 3736 7233 23305 24846 8437 11464 16033 18301 2488 6110 37188 37341 37055 37221
314 15 244833 35557 35872 10982 13755 23678 25182 18746 20743 23159 24715 37040 37207 17090 19252 27282 28425 32202 32853 19020 20990 5178 8531 2404 6035 19850 21736 10979 13752 22875 24459
315 15 265776 38381 38414 38429 38458 4812 8202 12491 15113 12489 15112 3733 7231 37095 37256 17281 19424 31574 32288 33672 34176 32403 33034 9227 12176 18636 20644 33516 34036 8482 11505
316 15 186930 18533 20551 26404 27635 20227 22076 21332 23070 29383 30316 911 4691 29195 30147 18205 20256 11841 14528 1687 5390 8445 11472 17628 19737 7758 10854 18587 20600 3527 7046
317 15 260130 22285 23928 13758 16254 15351 17687 33289 33831 17236 19383 26305 27546 19518 21437 24783 26176 34887 35269 19313 21253 23029 24597 35371 35705 18025 20094 16945 19121 5068 8432
318 15 350563 26720 27919 12528 15147 25267 26612 19470 21395 19991 21863 36812 37002 36791 36983 33527 34046 36899 37080 29317 30257 38425 38454 10868 13652 36019 36288 37305 37446 38265 38309
319 15 202401 2393 6025 6303 9544 25621 26930 1944 5621 19740 21637 15631 17939 1155 4911 15531 17850 1358 5094 35921 36200 23446 24973 34111 34571 38489 38511 5517 8837 25842 27129
320 15 171892 15819 18108 2939 6516 5904 9185 4179 7633 28748 29745 5638 8946 5181 8534 1815 5505 1643 5350 36893 37075 29717 30616 1815 5505 38074 38138 11517 14236 24984 26357
321 15 192646 6301 9542 18516 20536 7974 11048 9553 12469 10036 12903 36189 36441 33443 33970 23871 25355 4975 8349 28772 29766 15627 17935 4013 7483 2939 6517 3085 6648 35514 35834
322 15 171346 6053 9319 11427 14155 22762 24357 12443 15070 4304 7745 2874 6458 35720 36019 24417 25846 2127 5786 11046 13813 3275 6819 8879 11862 38574 38588 7039 10206 23243 24790
323 15 293809 2396 6028 16252 18498 34474 34898 26137 27395 17828 19917 37254 37400 9250 12196 31288 32031 21038 22805 19256 21202 36226 36474 26593 27805 29626 30535 27817 28907 31827 32516
324 15 268335 35381 35714 35554 35870 1805 5496 37339 37477 19740 21638 19171 21125 32745 33342 12649 15255 30207 31057 34523 34942 15067 17432 10288 13131 14134 16592 31377 32111 5439 8767
325 15 211680 15755 18051 13800 16292 19531 21449 10518 13338 671 4475 25242 26589 3668 7173 14735 17133 29316 30256 13783 16276 33290 33833 21813 23503 37350 37486 18926 20905 6203 9454
326 15 207803 18460 20485 3622 7131 17395 19526 18844 20831 476 4299 694 4496 25560 26875 1562 5277 38191 38244 19983 21856 9131 12090 15387 17719 21069 22834 32912 33492 36468 36692
327 15 244505 23676 25180 30861 31646 25147 26504 12156 14812 10392 13224 37085 37247 18942 20920 4573 7987 13203 15754 6112 9372 34296 34738 35925 36204 20967 22742 26374 27608 5923 9202
328 15 265737 21243 22990 24305 25746 27208 28358 3271 6815 11754 14450 32070 32734 26285 27528 18625 20633 16382 18615 37831 37920 14357 16793 20487 22309 10413 13243 31190 31943 36751 36947
329 15 223521 35063 35428 4188 7640 29650 30556 1985 5658 16650 18857 11676 14380 21383 23116 1021 4790 6033 9301 27334 28472 29760 30656 15334 17672 18916 20896 31769 32464 28640 29647
330 15 188714 4186 7639 2174 5828 26877 28061 2003 5674 359 4194 15021 17390 3273 6817 12861 15446 29827 30715 24000 25471 24198 25650 35189 35542 26753 27949 6160 9415 23012 24582
331 15 199581 1750 5446 37446 37572 865 4650 869 4654 24889 26272 20249 22095 12164 14819 22426 24055 28357 29393 26402 27633 9253 12199 7828 10916 37400 37532 5551 8867 14028 16497
332 15 190975 29374 30308 20904 22685 35008 35378 10721 13520 4431 7859 22247 23893 11412 14142 32947 33523 1540 5257 12418 15048 15547 17864 10353 13189 6337 9575 7067 10231 18413 20443
333 15 205654 4152 7608 8850 11836 33312 33852 36835 37022 10128 12986 13154 15710 27361 28496 2 3873 36278 36521 401 4232 19872 21757 10751 13548 30353 31189 20918 22697 4701 8102
334 15 256537 21254 23000 7250 10396 10199 13051 36606 36817 20272 22116 7815 10905 26938 28116 34901 35282 30903 31684 36362 36597 5708 9008 3150 6707 26732 27930 37712 37812 14870 17255
335 15 209939 37539 37657 18644 20651 24357 25792 32315 32955 5962 9237 37726 37825 7835 10923 6066 9330 11283 14026 14872 17256 31738 32435 15966 18241 1160 4916 12688 15291 4273 7717
336 15 226286 6835 10023 10564 13379 29551 30467 17201 19352 15111 17471 7046 10213 8849 11835 38365 38400 14861 17246 20521 22340 27956 29032 9566 12481 34856 35242 15556 17871 26020 27289
337 15 201430 9331 12269 19696 21598 22339 23977 9242 12189 36061 36326 1868 5552 18107 20168 25511 26831 1711 5411 21847 23533 34577 34990 827 4615 20580 22394 14600 17011 15491 17813
338 15 225467 27552 28668 24906 26287 20537 22355 16086 18348 31531 32249 26693 27895 18110 20170 37040 37208 4288 7731 1727 5426 5504 8825 30519 31339 5624 8933 17511 19632 14206 16657
339 15 260140 34614 35024 16377 18611 24205 25656 8474 11498 18087 20150 22869 24453 32572 33186 29566 30480 10205 13056 15300 17642 27731 28829 5917 9197 29916 30796 29904 30785 19438 21365
340 15 244355 24901 26282 6580 9793 30760 31555 24078 25542 19759 21654 12644 15251 28149 29205 32546 33162 31090 31852 37379 37512 25660 26965 1126 4885 7174 10328 3018 6588 20580 22393
341 15 229136 22788 24381 7703 10804 7922 11001 14248 16695 5582 8895 33762 34257 26414 27644 4233 7681 6654 9860 36603 36814 19301 21242 31768 32463 38338 38375 26455 27681 4650 8056
342 15 225156 27514 28634 6586 9799 3909 7389 11386 14118 34916 35296 15929 18207 2695 6297 23991 25464 4241 7688 20458 22284 28752 29748 28764 29759 34161 34617 15225 17574 22919 24499
343 15 224677 6789 9982 29616 30526 32988 33561 29731 30629 38330 38368 5370 8704 29987 30860 23972 25446 1165 4920 12970 15544 19942 21819 21669 23373 20195 22046 1988 5661 6135 9393
344 15 148680 6933 10111 12786 15379 9059 12025 12530 15148 12902 15483 20631 22439 36772 36967 4345 7782 14677 17081 825 4614 3177 6731 5512 8832 19715 21615 14726 17125 11261 14006
345 15 207299 5773 9067 5544 8861 27264 28409 17468 19592 35462 35787 2638 6246 18997 20969 4060 7525 24120 25579 18891 20873 5782 9075 14290 16733 22863 24448 29626 30534 26346 27583
346 15 254410 37885 37968 13976 16450 25501 26822 20323 22162 3088 6651 35708 36009 21790 23482 9308 12249 31814 32504 15257 17602 32294 32936 20599 22411 12365 15000 4980 8353 33125 33684
347 15 210563 25227 26575 20417 22247 11654 14360 14558 16974 19297 21239 17094 19256 33167 33722 9173 12127 22755 24351 19676 21579 35243 35590 24254 25700 7774 10868 1341 5078 1574 5288
348 15 248728 24039 25506 24994 26366 3300 6841 28959 29934 18174 20228 18 3888 4387 7820 29252 30198 31863 32548 38653 38659 18982 20956 38425 38454 28986 29959 282 4125 20596 22408
349 15 213227 5376 8710 5559 8874 13935 16413 6872 10056 6935 10113 14981 17354 4966 8341 13717 16217 22386 24019 32099 32760 35951 36227 23057 24623 35580 35893 18896 20878 26224 27473
350 15 268096 38395 38426 37520 37639 22049 23715 31360 32095 8855 11841 22324 23963 18747 20744 29219 30168 6053 9319 20404 22235 22983 24556 27890 28972 30927 31706 13091 15653 5303 8644
351 15 241233 35155 35511 16709 18909 31861 32546 34194 34646 36807 36998 30988 31761 10163 13018 19019 20988 2845 6431 11653 14359 7731 10829 8001 11072 22323 23962 32368 33002 1725 5424
352 15 247229 23470 24995 34340 34777 14395 16827 34421 34850 24536 25953 33957 34433 5456 8781 7397 10528 28287 29329 6917 10096 30346 31182 2447 6074 19856 21742 10460 13286 32752 33348
353 15 188528 568 4383 2182 5835 7103 10264 26064 27329 29234 30182 14042 16509 14443 16870 15012 17382 18978 20951 19343 21280 23810 25300 19376 21310 14792 17184 20277 22121 10437 13265
354 15 244907 11240 13988 8550 11567 15234 17582 37279 37423 14272 16716 9580 12493 31903 32584 36343 36580 19194 21146 33691 34193 5139 8496 17904 19985 37155 37311 12616 15226 16034 18302
355 15 213008 28141 29198 34075 34539 20109 21969 17629 19738 13804 16295 8387 11419 23721 25221 27831 28919 5555 8871 7177 10331 12858 15444 17011 19181 26539 27757 6028 9296 17396 19528
356 15 219834 11092 13855 34460 34886 19916 21796 29516 30435 16941 19119 12042 14709 8920 11900 35373 35707 2364 5999 769 4564 9794 12686 36979 37152 29967 30841 9835 12722 16825 19014
357 15 249047 22306 23946 1669 5373 34659 35065 10979 13752 6282 9525 32346 32983 25006 26377 22721 24320 19270 21215 23939 25417 21328 23066 26015 27285 16629 18838 9690 12592 38470 38495
358 15 172894 29915 30795 18492 20514 13415 15945 31232 31980 7715 10815 9194 12146 9140 12098 26493 27715 2927 6506 5417 8747 15062 17427 7261 10406 14204 16655 20009 21879 5642 8949
359 15 206951 24592 26004 6771 9965 30065 30930 21830 23519 11248 13994 16187 18440 13231 15780 19262 21207 18915 20895 35109 35470 4005 7476 6459 9684 32761 33356 9162 12117 9092 12054
360 15 192787 8716 11715 5152 8508 23040 24608 21670 23375 4235 7683 7897 10979 12911 15491 17528 19647 16334 18572 25613 26923 5165 8520 2715 6315 38008 38079 33994 34466 18006 20077
361 15 261118 22805 24396 12682 15285 27216 28365 9500 12422 12551 15167 28555 29571 9770 12664 24321 25760 13507 16027 28677 29681 33658 34164 8055 11121 27185 28338 37051 37217 30865 31650
362 15 205646 25953 27229 6430 9659 15548 17865 20953 22729 3204 6755 28304 29345 3031 6599 27725 28824 19108 21068 13729 16227 17742 19839 30241 31088 1912 5592 38656 38662 4522 7941
363 15 257089 4973 8347 3544 7061 24701 26102 32508 33128 10666 13471 20806 22597 37126 37284 27295 28437 37742 37840 2074 5738 28097 29158 36419 36649 609 4419 24506 25927 30296 31138
364 15 236858 37641 37748 22130 23788 3579 7092 24873 26257 35616 35925 14633 17041 21617 23326 7096 10258 32176 32830 23295 24837 30073 30937 26613 27823 6541 9758 6309 9549 3881 7364
365 15 284965 7155 10311 2271 5915 27117 28277 31028 31796 32667 33271 23113 24673 37346 37483 31992 32664 11808 14499 29880 30763 25274 26618 33598 34110 32634 33242 10994 13766 19330 21268
366 15 218790 12083 14746 23512 25032 16749 18946 15636 17944 36416 36646 27841 28928 31265 32010 967 4742 9812 12703 18082 20145 24660 26065 11391 14123 20988 22761 12043 14710 12043 14710
367 15 278427 8611 11621 31119 31878 35861 36146 32672 33276 38319 38359 12537 15155 32921 33500 20443 22270 1919 5599 28377 29411 4764 8159 25280 26624 21724 23423 32009 32679 21478 23202
368 15 189610 11986 14659 8524 11543 7961 11036 35689 35991 2466 6091 23126 24685 764 4559 1245 4992 22257 23903 38672 38677 12261 14906 15815 18105 17828 19916 31884 32567 6535 9753
369 15 216828 35829 36117 37424 37553 22307 23948 14805 17196 7099 10261 13221 15770 2546 6163 26006 27277 10811 13602 17402 19533 3560 7075 16915 19095 34317 34756 4609 8020 24185 25638
370 15 238724 13169 15723 562 4377 29033 30001 35854 36140 11887 14570 6209 9459 23991 25463 10132 12991 24210 25660 19122 21081 35544 35861 19614 21524 36773 36967 10461 13286 21845 23531
371 15 247500 21177 22930 37702 37803 15709 18010 32002 32673 6518 9737 32820 33409 5320 8660 13431 15959 32300 32941 8717 11716 17776 19869 15162 17517 17540 19657 19601 21512 33600 34112
372 15 204467 20510 22330 20679 22482 36616 36826 18887 20870 12262 14907 11425 14154 16994 19166 3852 7338 30930 31708 3670 7174 7830 10918 22085 23748 10210 13060 12602 15213 27032 28200
373 15 223266 6203 9454 23221 24770 14462 16887 31298 32040 36140 36398 21537 23255 160 4015 1110 4871 22992 24564 1500 5222 22893 24475 26658 27863 38284 38327 4308 7748 28317 29357
374 15 230640 11336 14074 38149 38206 21982 23655 19320 21260 18288 20331 6046 9313 27375 28508 37886 37969 12499 15121 28425 29454 5911 9192 10783 13576 2129 5787 25776 27070 22396 24028
375 15 211807 23179 24733 19180 21134 866 4651 5341 8678 2069 5734 20691 22493 34687 35090 21254 23000 14707 17107 14598 17010 27381 28514 20874 22658 3348 6884 31618 32328 24966 26341
376 15 206972 30340 31177 13574 16088 36713 36913 4595 8007 14137 16595 3474 6998 6435 9663 26535 27753 2942 6519 6676 9880 35847 36133 27733 28831 7425 10554 35908 36189 6382 9616
377 15 193608 5498 8820 8258 11303 18079 20143 17396 19528 12080 14744 38659 38665 29115 30075 20619 22428 6634 9842 2668 6272 2438 6066 36014 36284 31594 32306 11023 13792 1935 5612
378 15 184836 22290 23933 21992 23664 9122 12081 16541 18759 2024 5693 12515 15134 31005 31776 38655 38661 10179 13032 14105 16566 1516 5235 4685 8088 26426 27655 18669 20674 1321 5060
379 15 171499 13069 15633 22570 24184 90 3953 9178 12132 29576 30490 18424 20453 4645 8052 37969 38043 2617 6227 2403 6034 10209 13059 3937 7415 22930 24509 8111 11171 28646 29652
380 15 307102 33588 34100 19210 21160 11375 14109 29499 30420 36538 36756 30159 31014 33609 34119 30394 31226 15596 17907 17652 19758 23405 24936 18897 20878 16244 18491 37052 37218 30660 31466
381 15 224360 5421 8751 26465 27690 16210 18460 1084 4847 22166 23821 22323 23962 15094 17456 2670 6275 25495 26817 24405 25836 26797 27988 19905 21786 10899 13681 25071 26435 36445 36672
382 15 216837 23953 25429 11604 14315 18703 20704 30033 30901 19344 21281 9600 12511 3743 7240 33042 33609 14947 17323 1795 5487 7786 10878 33192 33744 33695 34197 5667 8971 23943 25420
383 15 182564 31373 32107 1615 5325 27888 28971 25932 27210 6029 9298 3579 7092 1457 5183 30564 31379 3732 7230 6866 10050 9819 12708 36645 36852 10339 13176 18515 20534 13853 16339
384 15 282456 36475 36698 37764 37859 11760 14455 6840 10027 29857 30743 32030 32699 10210 13061 27454 28580 8202 11253 3621 7130 31158 31914 34474 34898 32489 33112 22379 24013 28357 29393
385 15 227889 31692 32394 4437 7865 8759 11754 16869 19054 15541 17858 16319 18559 34475 34898 36703 36904 12411 15042 14901 17282 34469 34893 2698 6300 7888 10971 29256 30202 18444 20471
386 15 211898 5471 8795 10375 13209 24770 26164 8687 11690 17706 19806 17441 19569 12884 15467 34585 34998 25409 26740 1438 5165 29578 30492 21972 23646 16363 18598 36708 36908 1486 5209
387 15 257728 33831 34320 2093 5755 20658 22464 20018 21888 17763 19858 9199 12151 31465 32190 1664 5369 29853 30739 35334 35672 34962 35337 8004 11075 20930 22708 30670 31474 25717 27016
388 15 232316 20050 21916 8595 11607 29057 30023 3165 6720 16045 18312 36111 36371 26849 28036 34505 34926 25110 26471 16026 18295 3090 6652 2847 6434 29305 30246 37534 37652 2106 5766
389 15 264179 19395 21327 33706 34206 17882 19965 34810 35200 21982 23655 21196 22948 23637 25145 32611 33221 19582 21495 24484 25907 6673 9877 13515 16035 21644 23351 16690 18892 22417 24047
390 15 206348 6264 9509 161 4016 15498 17819 16826 19015 25513 26833 34035 34503 8288 11330 572 4386 15069 17434 18618 20628 32227 32876 38128 38186 7434 10562 19964 21839 19338 21276
391 15 185988 14584 16997 8049 11115 17370 19504 20204 22055 4235 7683 19225 21174 11451 14178 2958 6534 26939 28116 25855 27141 6209 9459 10411 13241 24689 26091 5353 8689 34954 35330
392 15 194776 4797 8188 22347 23983 27062 28227 35577 35891 13618 16128 9238 12185 26058 27323 10361 13196 16711 18911 29181 30135 22143 23800 1583 5296 17732 19830 7015 10185 47 3913
393 15 224532 5258 8604 5942 9219 7863 10948 19319 21259 22075 23739 3938 7416 24423 25852 19423 21352 28121 29180 29541 30458 12433 15061 32040 32707 37231 37379 25869 27153 7190 10342
394 15 253256 38062 38127 4870 8254 1408 5138 24603 26014 36074 36338 20910 22690 16951 19127 6618 9827 27521 28641 38288 38331 9431 12359 32210 32860 31253 31999 3854 7340 24517 25937
395 15 218353 8953 11929 37174 37328 17606 19717 9917 12796 24364 25799 15498 17819 25577 26890 6325 9564 6808 9998 31018 31787 8479 11503 1258 5003 17362 19498 34412 34842 28191 29243
396 15 167152 13301 15843 10527 13346 18489 20512 32512 33132 839 4627 14930 17308 6071 9336 12453 15079 31038 31806 23170 24725 10818 13608 5086 8448 25038 26406 4627 8036 41 3908
397 15 224683 29764 30659 33991 34464 21091 22854 10786 13579 38694 38696 522 4341 21483 23206 1354 5090 6415 9645 11177 13931 19992 21864 14549 16966 33930 34408 2412 6042 34694 35096
398 15 209511 23361 24896 35455 35781 21787 23479 23272 24816 14310 16751 14006 16477 3203 6754 2386 6019 27479 28603 7314 10454 17059 19224 25727 27025 3273 6817 33604 34115 9653 12559
399 15 262684 19138 21096 27743 28840 17275 19419 36524 36743 9328 12266 28808 29799 19816 21706 20069 21934 35938 36216 294 4136 13424 15953 17595 19707 26691 27893 29493 30415 26219 27468
400 15 196936 32984 33557 22662 24267 21518 23238 38413 38443 14494 16916 13247 15793 6520 9739 33472 33996 1421 5151 1685 5388 2320 5959 3933 7411 28 3897 34518 34937 18955 20931
401 15 177702 24800 26192 429 4257 34647 35053 8189 11241 6123 9382 19897 21779 19382 21315 7493 10615 23329 24868 8398 11430 21521 23240 6009 9279 16950 19127 2696 6297 22265 23909
402 15 257328 13820 16309 37538 37656 37380 37513 26876 28060 30586 31398 13208 15758 37654 37760 11657 14363 26883 28066 32192 32845 5796 9088 532 4350 13472 15996 20088 21950 13979 16452
403 15 228824 8685 11688 6562 9777 31540 32257 32338 32976 37106 37267 25852 27138 1886 5569 33002 33573 336 4174 1199 4950 36372 36606 10917 13697 6850 10037 36397 36628 16989 19162
404 15 155711 3741 7238 13081 15645 4528 7947 29415 30345 17770 19865 21154 22910 7673 10777 13468 15993 1613 5323 18365 20399 3935 7413 10392 13224 2917 6497 8820 11809 37767 37862
405 15 247336 18888 20871 5205 8556 12091 14753 23963 25438 37749 37845 33350 33887 16681 18885 22290 23933 37937 38014 1510 5230 28606 29617 36810 37000 10965 13740 14406 16837 8719 11719
406 15 214432 6686 9889 23077 24640 10351 13187 34650 35057 2847 6434 30091 30953 10709 13509 15846 18133 7607 10717 23550 25066 31683 32386 10788 13581 37350 37486 6742 9939 16064 18329
407 15 257216 32557 33173 21517 23237 18645 20652 18960 20935 23667 25172 34761 35157 14294 16736 34179 34632 13646 16152 33866 34351 18514 20534 20304 22145 5076 8440 2602 6213 28932 29910
408 15 277351 25640 26948 31836 32524 31343 32080 20363 22198 2552 6168 38437 38464 36459 36684 10625 13434 38550 38566 1180 4933 34898 35279 23788 25280 33470 33995 7658 10764 9890 12772
409 15 255016 6724 9923 33484 34007 36531 36749 19482 21406 25163 26518 18096 20158 30220 31069 17783 19876 26427 27655 21982 23655 33544 34061 5522 8841 14128 16587 11844 14531 17840 19927
410 15 241406 37574 37688 10050 12916 19078 21042 147 4004 28933 29911 30375 31208 13749 16246 34828 35217 5386 8719 29459 30384 12604 15215 26215 27465 9552 12469 29465 30390 14343 16780
411 15 243810 5997 9268 32794 33386 5129 8488 5979 9252 20424 22253 33956 34432 31768 32463 24588 26001 5921 9201 10218 13068 34715 35115 14678 17081 13502 16023 37433 37561 27661 28766
412 15 235912 18489 20511 21854 23540 13822 16311 18604 20615 20224 22073 16123 18382 27940 29017 34922 35301 29215 30165 1329 5068 37801 37892 27115 28275 11748 14444 5469 8794 10236 13084
413 15 260048 14700 17101 35734 36032 27363 28498 27479 28602 34820 35209 20668 22472 23446 24973 15998 18270 5809 9100 1116 4876 15860 18145 17906 19986 31787 32480 30631 31439 21744 23441
414 15 275979 11966 14641 25646 26953 34597 35009 32673 33277 18531 20549 9127 12086 21649 23355 34675 35079 7854 10940 15693 17995 23015 24585 15201 17552 37426 37555 27350 28487 29571 30485
415 15 232751 19928 21807 3741 7238 32619 33228 30242 31089 3897 7379 9746 12643 32150 32806 35588 35900 26591 27803 30588 31400 12877 15460 29251 30197 3347 6883 2259 5905 18115 20175
416 15 292141 37198 37350 30316 31156 22752 24348 30168 31022 7882 10965 36012 36283 9023 11992 34370 34804 13864 16349 28188 29241 21968 23643 38572 38586 14646 17052 7545 10662 32673 33277
417 15 232135 5383 8716 31538 32256 26586 27799 31135 31893 32878 33462 5200 8552 483 4306 10630 13438 17964 20039 19404 21335 24278 25722 34151 34607 8161 11217 20172 22026 22206 23857
418 15 226782 16639 18846 10440 13268 1396 5128 38541 38558 19040 21007 27496 28618 36037 36305 36071 36336 29700 30601 15476 17799 25229 26578 3089 6652 3718 7218 16608 18819 3998 7470
419 15 196466 1818 5508 9332 12270 27093 28255 26599 27810 23691 25193 10924 13703 24539 25956 27854 28940 4558 7973 22359 23995 27287 28429 22110 23771 796 4588 4644 8051 11979 14653
420 15 243418 13304 15845 32536 33154 30946 31723 3510 7030 18004 20075 1333 5071 18176 20230 28937 29915 30527 31346 10273 13117 13718 16218 27653 28759 38694 38696 31003 31774 5659 8964
421 15 215394 8019 11088 20619 22429 8525 11544 4617 8027 15307 17648 31563 32278 10609 13420 37 3904 2967 6542 31712 32412 37084 37247 24620 26030 25591 26903 12496 15118 35477 35800
422 15 191684 12967 15542 158 4013 8917 11897 10472 13296 11841 14528 33185 33737 2014 5684 14670 17074 9061 12026 15677 17981 30747 31543 28441 29468 8498 11520 22193 23845 30765 31559
423 15 139729 5845 9132 528 4347 18418 20448 13410 15940 7709 10810 7664 10769 2294 5936 10260 13105 811 4601 25444 26771 27189 28342 35721 36021 5048 8415 5410 8740 8911 11891
424 15 241634 844 4631 37307 37447 37930 38008 24930 26308 5234 8582 17100 19261 11482 14205 17433 19561 31372 32106 26655 27861 2292 5934 19647 21553 27495 28617 31564 32279 10758 13554
425 15 257716 15973 18247 20394 22226 3812 7302 32937 33514 25935 27213 16922 19101 29244 30191 8946 11922 33556 34071 14817 17207 38538 38556 34062 34527 18091 20153 3710 7210 25209 26559
426 15 218640 15828 18117 16318 18558 35789 36082 23834 25322 24703 26104 12695 15297 19473 21397 8669 11673 15267 17611 23102 24663 25668 26973 6567 9782 27777 28871 17400 19531 211 4062
427 15 212892 17922 20002 17270 19414 33979 34453 27871 28955 1699 5401 5447 8774 16684 18887 8135 11193 14672 17076 21943 23620 26690 27893 28203 29254 3939 7417 11673 14377 29988 30861
428 15 272527 38093 38155 19226 21175 38133 38191 23745 25242 26455 27681 11828 14517 18209 20260 2690 6292 34777 35171 25916 27196 3270 6815 23683 25186 32045 32712 27927 29005 14662 17067
429 15 242984 10352 13188 8783 11776 36986 37158 24201 25652 433 4261 38443 38470 17399 19531 27666 28771 9814 12704 4291 7733 35900 36182 20724 22523 28119 29179 37761 37856 2859 6444
430 15 253544 18550 20566 15026 17394 27470 28594 24546 25962 6937 10115 32607 33217 35558 35874 551 4368 33526 34044 31672 32376 18767 20761 19724 21623 33685 34188 3348 6884 14963 17338
431 15 247573 4503 7924 27643 28750 7808 10898 38285 38328 37130 37288 2843 6430 18030 20098 29815 30705 30971 31745 25973 27247 35540 35858 10251 13097 2747 6344 25871 27155 12057 14723
432 15 209390 15469 17793 29964 30839 24321 25760 9548 12465 2378 6011 29861 30746 32156 32811 20742 22539 6231 9480 17725 19823 6480 9703 820 4610 10640 13447 31188 31940 24215 25665
433 15 222112 12478 15101 10340 13178 11769 14463 36915 37095 7730 10829 27544 28661 38678 38681 31630 32338 5826 9115 9483 12406 10523 13342 24409 25840 13996 16468 3766 7261 32553 33169
434 15 269664 3708 7208 33473 33997 26630 27838 13309 15850 29939 30816 6063 9328 37049 37216 31826 32515 22885 24468 35488 35810 34868 35252 13264 15809 13875 16359 9054 12020 25649 26956
435 15 237107 34544 34961 37501 37622 18779 20773 15856 18142 23844 25331 27905 28986 17210 19361 11872 14556 27137 28295 29791 30683 5373 8707 5125 8484 21979 23653 2292 5934 17176 19330
436 15 258976 24317 25757 34420 34850 20030 21899 30848 31634 19677 21581 12140 14798 21444 23171 26550 27766 9606 12517 12761 15356 30498 31320 12329 14967 2706 6307 32704 33305 33690 34193
437 15 269628 20003 21874 29810 30700 21214 22964 34804 35195 7069 10234 32754 33350 20650 22456 9291 12233 34760 35155 25806 27097 21052 22818 22777 24371 19156 21112 32868 33453 5021 8391
438 15 196725 6219 9468 21892 23574 1041 4808 17462 19587 19739 21636 5725 9024 6752 9948 36193 36445 8712 11712 19921 21800 20255 22101 33048 33614 12470 15095 34280 34723 2198 5850
439 15 209268 38005 38075 25959 27235 35556 35872 4852 8238 4126 7585 636 4444 22604 24215 984 4757 25573 26887 14830 17219 34159 34615 664 4469 4151 7607 37366 37501 12121 14780
440 15 218384 7349 10485 35250 35597 28815 29805 10904 13685 21162 22918 13148 15705 13532 16050 14990 17362 25977 27251 9512 12432 15998 18270 28310 29350 31719 32418 2189 5841 14125 16584
441 15 189292 5953 9229 34446 34873 10001 12872 6538 9755 25469 26793 31334 32072 16345 18582 6314 9554 3759 7255 30529 31348 7740 10837 29289 30231 8669 11673 10694 13496 9536 12454
442 15 241645 36146 36403 21707 23408 30558 31374 30795 31587 23369 24903 2697 6299 9981 12854 24322 25761 883 4666 8651 11658 30559 31374 14588 17001 8429 11457 35318 35658 24054 25520
443 15 212448 12797 15388 14409 16840 35059 35424 16061 18326 22031 23699 6506 9727 17491 19614 128 3987 32864 33449 3188 6741 17233 19381 29565 30480 27413 28543 7586 10698 23229 24777
444 15 317152 34850 35236 27132 28290 25097 26459 11516 14236 37753 37849 34594 35006 34333 34771 23505 25026 6612 9822 37853 37939 33098 33660 23503 25024 21656 23362 23029 24598 21909 23590
445 15 239866 20383 22216 26073 27337 2693 6295 26990 28162 21460 23186 13587 16100 12609 15219 38688 38691 1135 4893 13133 15691 15364 17699 21376 23110 23246 24792 27538 28655 35558 35874
446 15 182829 7936 11013 32857 33443 7689 10791 12284 14927 9398 12330 16828 19017 36008 36278 32407 33038 609 4420 2400 6031 15841 18128 2642 6249 24563 25978 12902 15483 14173 16627
447 15 159081 28168 29223 8161 11216 21706 23407 21678 23382 6103 9364 7152 10308 6271 9515 27630 28738 11127 13885 9585 12498 9768 12663 6596 9808 21866 23551 7548 10664 5493 8815
448 15 247601 796 4588 35985 36258 30255 31101 20823 22612 4668 8073 36543 36760 5305 8645 34110 34571 16578 18792 29499 30421 7252 10398 7966 11040 27002 28173 23916 25396 28804 29795
449 15 217132 4157 7613 36603 36814 7589 10702 4606 8017 2776 6369 3849 7336 32647 33253 5489 8811 32407 33038 35019 35389 21118 22878 12776 15369 29905 30786 12249 14895 30226 31075
450 15 222020 22073 23737 24779 26172 24929 26307 23760 25255 32893 33475 20572 22386 27389 28522 23796 25288 21833 23521 7678 10781 11655 14360 894 4676 7422 10551 7083 10246 20769 22563
451 15 241919 35403 35734 34271 34716 36577 36790 16752 18949 21828 23517 2380 6013 5816 9106 4392 7825 21565 23279 12580 15193 38530 38549 5899 9180 12768 15363 15501 17823 38137 38194
452 15 265911 28967 29942 5896 9178 20877 22661 21363 23098 32007 32678 25513 26833 28165 29220 10726 13525 20502 22323 38074 38138 25327 26666 8858 11844 32281 32924 25483 26806 8350 11387
453 15 229376 744 4541 38299 38341 24066 25531 4856 8241 658 4464 23428 24956 34728 35127 34459 34885 7821 10910 392 4224 34245 34691 28005 29076 13223 15772 10911 13691 30886 31669
454 15 197917 6443 9670 2603 6214 7159 10315 35806 36097 37053 37219 26271 27516 4332 7770 10934 13712 3947 7424 23786 25279 9373 12307 7863 10948 26804 27995 14934 17312 30089 30951
455 15 265626 36370 36604 13768 16263 15935 18213 14373 16807 23160 24715 3105 6666 19962 21837 16875 19059 29055 30021 33571 34086 27170 28324 29148 30105 28651 29657 27686 28789 13204 15755
456 15 169324 104 3965 37339 37476 723 4522 9571 12486 15869 18153 15962 18237 12616 15226 4320 7759 29635 30543 15843 18130 33318 33858 8455 11481 17424 19553 7094 10256 3383 6916
457 15 243569 15247 17594 811 4601 13113 15673 10532 13350 4960 8336 20813 22603 17140 19298 36325 36564 18391 20423 37807 37898 12919 15498 14089 16551 30761 31557 33278 33822 38276 38320
458 15 167449 30865 31650 3233 6781 22573 24187 32941 33518 8522 11541 214 4064 6822 10011 329 4167 11251 13997 15478 17801 8479 11503 14441 16868 5040 8408 26770 27964 22354 23990
459 15 229392 16584 18797 31827 32515 19351 21287 9862 12747 5716 9016 2896 6478 2851 6438 32600 33212 24749 26145 38709 38709 10704 13505 10778 13571 18569 20584 35518 35838 26027 27296
460 15 160217 3555 7070 2494 6116 831 4619 14301 16742 28896 29878 18643 20650 21146 22903 5444 8771 36312 36552 27032 28200 20093 21955 5171 8525 2402 6034 4643 8050 9309 12250
461 15 222574 24692 26095 34273 34717 14696 17098 32146 32802 3280 6823 32370 33004 591 4403 6895 10077 12007 14678 24108 25569 3466 6991 21025 22794 36615 36825 11686 14389 20368 22203
462 15 185288 30493 31315 32493 33115 5528 8847 3437 6965 5027 8396 7837 10925 29433 30361 19465 21390 22872 24456 4804 8195 18662 20667 3276 6820 34797 35188 5788 9080 7699 10801
463 15 282198 18729 20727 24202 25654 29063 30028 34782 35175 17732 19830 26452 27678 34195 34646 13340 15877 9491 12414 23783 25276 7936 11014 33824 34313 24316 25755 23363 24898 31540 32257
464 15 185411 792 4584 13497 16019 30166 31021 22137 23794 32620 33229 25847 27134 7135 10293 1589 5302 30355 31191 18249 20295 8413 11443 5345 8682 10796 13588 24519 25939 304 4145
465 15 238613 29100 30061 4988 8360 9798 12689 10837 13625 34624 35033 23563 25078 17121 19280 38599 38611 29653 30559 36657 36863 15884 18167 1051 4817 12511 15132 27025 28194 6856 10042
466 15 239424 15081 17444 37064 37229 19842 21730 19730 21628 34535 34953 8145 11202 23483 25006 7588 10701 16912 19093 27351 28488 26859 28045 4841 8228 35333 35671 20780 22573 1737 5435
467 15 219820 2235 5883 10554 13370 29948 30824 17203 19354 24154 25610 23547 25064 20297 22139 30044 30911 12613 15223 35660 35966 11503 14224 2568 6182 19994 21866 31454 32180 3001 6572
468 15 209646 2932 6510 15039 17406 11910 14590 18186 20239 2800 6392 6065 9330 15979 18252 23925 25404 33298 33840 21532 23250 17822 19911 29398 30329 14593 17005 28441 29468 20138 21995
469 15 156716 5935 9213 6315 9555 18288 20331 19078 21041 14439 16866 6852 10038 15931 18209 13991 16464 16899 19081 18054 20120 17011 19181 7217 10367 25235 26583 1606 5317 9044 12011
470 15 247650 5706 9007 8059 11125 10631 13439 26005 27276 33185 33738 37716 37816 22282 23925 8201 11252 22483 24106 14591 17003 3799 7290 34574 34988 24910 26290 19655 21561 37766 37860
471 15 253882 23549 25065 25637 26945 1560 5276 22365 24000 20596 22408 23010 24580 37579 37693 37339 37476 28993 29965 3037 6605 9973 12847 25461 26787 17555 19671 31140 31898 9559 12474
472 15 202953 19232 21180 3677 7181 2861 6447 4772 8166 2667 6272 12794 15386 11124 13883 35910 36190 8994 11966 17212 19362 35685 35988 33373 33907 14575 16989 32951 33528 17865 19950
473 15 205728 4427 7856 3614 7124 9611 12521 20871 22655 16125 18384 16241 18488 25661 26967 3977 7451 26699 27901 26376 27610 15092 17455 11689 14392 16996 19168 29534 30452 30247 31094
474 15 212960 10610 13421 34565 34979 37651 37758 11289 14032 28819 29808 15208 17559 2891 6473 15948 18225 36902 37083 23251 24797 2401 6032 3871 7355 34908 35288 1900 5582 5987 9259
475 15 200791 22676 24280 1008 4778 12697 15299 992 4764 18536 20554 1275 5018 31256 32002 6251 9498 20414 22244 7546 10663 38145 38202 1738 5436 19389 21322 32348 32985 36718 36918
476 15 266053 17657 19763 29947 30823 2043 5710 19038 21005 34949 35326 4881 8264 31819 32509 14158 16613 36226 36474 704 4505 34386 34819 30459 31284 37791 37883 10482 13305 28027 29096
477 15 243040 35540 35858 637 4445 27037 28204 9746 12642 14156 16612 37185 37338 38047 38114 2915 6495 24450 25877 26726 27924 16395 18627 34968 35342 20421 22250 10185 13038 5392 8724
478 15 251945 17135 19293 29562 30477 17518 19637 37847 37933 31714 32414 8316 11356 29215 30165 8067 11131 21405 23136 10606 13417 21183 22936 33155 33711 2348 5984 10741 13538 36120 36379
479 15 207533 32103 32764 16133 18391 13218 15767 30058 30923 5635 8943 33025 33594 27129 28288 8016 11086 14467 16892 12145 14801 7765 10860 14189 16642 13964 16439 23138 24695 8432 11460
480 15 246160 3078 6642 22965 24540 9794 12686 9817 12707 19378 21311 33351 33887 28006 29077 34821 35210 31629 32337 14012 16482 17791 19883 31461 32186 10495 13317 20357 22193 20745 22542
481 15 226690 31017 31786 3906 7387 33080 33643 2634 6242 10727 13525 14531 16949 17073 19237 35122 35481 3311 6852 27596 28708 27204 28355 25029 26398 19265 21210 24562 25977 8306 11347
482 15 224552 8339 11377 29424 30353 35563 35878 7919 10999 31893 32575 7222 10371 4878 8262 9070 12035 25918 27198 11676 14380 35034 35402 19246 21192 23606 25117 448 4274 30454 31280
483 15 219143 27496 28618 6804 9995 3039 6606 6552 9768 33367 33902 17314 19454 30912 31692 21977 23650 29647 30554 10157 13013 21365 23100 19011 20981 12942 15519 17613 19723 15733 18031
484 15 187296 25754 27050 2892 6474 33765 34260 26978 28152 11570 14285 32750 33346 278 4121 13117 15677 26051 27318 3422 6951 19063 21028 9830 12718 10017 12887 18084 20147 549 4365
485 15 243341 36111 36372 4674 8078 22476 24100 6808 9998 33864 34349 32245 32892 23201 24752 27309 28450 38712 38712 6011 9282 24058 25523 25054 26420 4604 8015 5509 8829 13541 16058
486 15 199122 7145 10302 12297 14938 29933 30811 20129 21988 5085 8447 2762 6358 13265 15810 24907 26287 5486 8808 15294 17636 22789 24381 21599 23311 32323 32962 30277 31120 5612 8922
487 15 256516 20676 22480 16973 19147 17368 19503 34580 34993 35746 36042 12318 14958 2929 6508 25404 26735 20161 22017 36032 36300 16866 19051 8117 11177 30885 31668 16683 18886 25908 27189
488 15 240938 23777 25271 23046 24613 21451 23177 5610 8920 20774 22568 32362 32997 20041 21908 30085 30948 37430 37559 17009 19180 1535 5253 23722 25221 6767 9962 16557 18773 21007 22778
489 15 209876 13823 16312 8484 11507 9501 12422 19155 21111 23143 24700 32215 32865 22337 23975 7253 10399 19099 21061 28203 29254 3212 6762 32675 33279 28179 29232 10416 13246 4650 8057
490 15 156498 25510 26830 7864 10949 36133 36391 3648 7155 7879 10963 11645 14352 2392 6024 2838 6425 25769 27064 11457 14183 30504 31325 1262 5007 1381 5114 15028 17397 12313 14953
491 15 225992 28684 29687 6746 9942 29323 30262 27872 28956 22606 24217 570 4384 23789 25281 2546 6163 15977 18250 1999 5671 36337 36574 17291 19434 24603 26014 29424 30353 14723 17122
492 15 262513 16802 18993 33223 33772 19796 21688 28831 29820 12107 14768 15530 17848 8867 11851 15526 17845 31459 32185 20725 22523 17345 19482 32281 32924 31566 32281 13991 16463 30093 30955
493 15 235622 16910 19090 8476 11499 31911 32591 25096 26457 27453 28579 8968 11942 10940 13718 18653 20659 28428 29457 20421 22250 10225 13074 29841 30729 37081 37244 14794 17186 5331 8669
494 15 294320 18544 20561 29962 30837 37437 37565 7918 10998 32049 32716 29276 30220 32168 32822 19036 21004 24602 26013 19182 21135 14164 16619 32575 33189 33683 34186 22828 24416 14477 16901
495 15 237515 21162 22917 2357 5992 22989 24561 28398 29429 19066 21031 21949 23625 27223 28372 2931 6509 15648 17954 19489 21412 32159 32815 32651 33258 3653 7159 33350 33886 13869 16354
496 15 211327 24901 26282 1431 5159 37126 37285 19143 21100 23501 25022 29066 30031 4483 7906 7606 10717 14590 17002 969 4744 28065 29129 1946 5623 4720 8119 36024 36293 30588 31401
497 15 209212 37127 37286 10125 12984 10744 13541 26850 28037 7971 11045 34739 35136 8520 11540 14593 17005 22719 24318 23314 24854 21352 23088 17879 19962 7024 10193 13095 15657 5463 8788
498 15 173256 562 4377 17817 19907 12949 15526 7804 10895 1427 5156 11742 14439 35601 35912 5248 8595 14345 16782 23232 24780 6716 9916 4145 7602 38002 38073 20208 22058 16773 18967
499 15 169472 8674 11678 17678 19782 15416 17746 16040 18307 8261 11306 32000 32671 15908 18188 22273 23917 3088 6650 2816 6406 10354 13190 16085 18348 10666 13471 9679 12582 22903 24484
500 15 293779 20873 22657 2588 6200 34890 35273 14689 17092 35126 35485 9646 12553 33196 33748 9697 12598 35551 35867 34982 35355 20451 22277 27971 29045 34048 34515 37205 37356 16311 18552
