1 4 23775 5559 8874 47 3913 6637 9844 17476 19599
2 4 48737 1441 5168 23012 24582 32265 32910 4204 7655
3 4 37636 8360 11395 11406 14136 22649 24256 4631 8039
4 4 53444 9363 12298 2337 5974 21982 23655 33124 33683
5 4 84738 10402 13234 34880 35264 36789 36981 23852 25338
6 4 21996 21875 23559 1121 4880 3420 6949 1079 4843
7 4 67792 21164 22919 19880 21764 25524 26843 18172 20226
8 4 42854 7735 10832 18785 20778 23603 25114 3445 6972
9 4 66039 21004 22775 3415 6944 30961 31737 27169 28323
10 4 51836 11465 14190 26700 27902 1225 4974 25405 26736
11 4 31336 20103 21964 12904 15485 5012 8382 1152 4908
12 4 60651 25952 27228 6552 9768 22108 23768 21202 22953
13 4 74536 7305 10446 23269 24813 37835 37923 24761 26156
14 4 61718 6425 9654 36240 36487 2268 5913 32215 32865
15 4 42403 2681 6284 13666 16171 11344 14081 25313 26653
16 4 55823 6271 9515 33946 34423 20498 22319 9064 12029
17 4 67108 26102 27363 13213 15763 11512 14233 33058 33624
18 4 107763 36506 36727 24313 25753 36912 37092 36973 37147
19 4 87213 22731 24329 33367 33902 20702 22503 32217 32866
20 4 67639 8329 11367 36803 36994 16520 18740 22897 24479
21 4 41337 13350 15886 2753 6349 10439 13267 25130 26488
22 4 53948 27399 28531 27114 28274 9595 12507 3327 6866
23 4 70599 18463 20488 23474 24998 28745 29742 17567 19682
24 4 76028 29053 30019 26739 27937 11864 14549 27379 28513
25 4 42996 1780 5473 17321 19460 28765 29759 5880 9164
26 4 76800 20988 22760 26794 27986 30194 31046 18024 20093
27 4 55438 27950 29026 20838 22625 12853 15439 7657 10762
28 4 54018 13549 16066 35007 35377 12210 14860 6757 9953
29 4 32339 4151 7607 12746 15343 5294 8636 18233 20281
30 4 78780 11776 14470 26394 27626 31667 32371 28638 29645
31 4 61425 36741 36938 25771 27065 1824 5513 12446 15073
32 4 46224 14669 17073 30771 31565 8471 11495 3870 7354
33 4 64616 15153 17509 10082 12945 36092 36355 19443 21370
34 4 86900 35902 36183 35855 36141 19963 21838 16906 19087
35 4 85284 24686 26089 36517 36736 37380 37513 8022 11091
36 4 90369 22251 23897 30973 31747 29778 30671 29960 30835
37 4 54237 2629 6237 32475 33099 8807 11797 23886 25369
38 4 55335 3929 7407 30031 30899 29894 30776 5315 8655
39 4 81733 29896 30778 35042 35409 3711 7211 33518 34037
40 4 43516 15824 18113 21400 23131 7118 10277 10053 12919
41 4 52755 6195 9447 24303 25744 6259 9504 29187 30139
42 4 88393 14757 17153 34324 34763 30605 31415 30806 31596
43 4 25597 2488 6110 3825 7314 18421 20450 7263 10408
44 4 82561 21575 23289 30319 31158 24534 25952 26774 27968
45 4 67192 33722 34222 15434 17762 29751 30647 5084 8447
46 4 55772 29797 30689 22676 24280 2421 6050 14822 17211
47 4 45828 10259 13105 4814 8204 24657 26063 17555 19671
48 4 67759 30809 31600 10945 13722 16806 18997 26139 27397
49 4 92294 34433 34861 24955 26331 20427 22256 35553 35869
50 4 76822 24556 25971 25000 26371 33943 34420 12529 15148
51 4 61331 25526 26845 6585 9798 22252 23898 22301 23942
52 4 41972 25434 26762 9364 12299 13261 15807 4407 7837
53 4 95828 19408 21338 33391 33923 37931 38009 29055 30021
54 4 75695 33007 33578 22676 24280 11928 14606 27008 28178
55 4 50049 18234 20282 14505 16926 16629 18837 13194 15746
56 4 78258 32866 33450 6459 9684 22387 24020 36111 36371
57 4 76660 38308 38348 27258 28404 10242 13089 20018 21888
58 4 90099 19464 21389 37552 37668 37922 38001 17686 19789
59 4 78127 7147 10303 35257 35602 33855 34341 21400 23131
60 4 29132 7133 10291 8973 11947 8733 11731 11576 14290
61 4 56272 8605 11615 16777 18970 36527 36745 8431 11459
62 4 51663 15772 18066 9458 12384 36475 36699 2874 6458
63 4 85352 12316 14955 25656 26961 35484 35807 33235 33783
64 4 45420 3091 6654 11617 14327 14954 17330 27113 28273
65 4 52120 7079 10242 27463 28588 19761 21656 10848 13634
66 4 73967 14636 17044 24420 25850 20855 22641 32548 33165
67 4 41966 35800 36091 13680 16184 386 4219 2592 6204
68 4 41929 4000 7471 21628 23337 12836 15424 13948 16424
69 4 45149 8613 11623 17337 19475 24413 25843 6074 9338
70 4 61912 20448 22274 7845 10932 37971 38045 11126 13885
71 4 55116 30538 31356 3234 6782 4770 8165 30353 31189
72 4 67584 18958 20934 30978 31751 31834 32522 2711 6311
73 4 64515 1986 5659 31337 32075 31787 32480 15534 17852
74 4 70381 17547 19664 33177 33731 32687 33290 4566 7981
75 4 78643 27499 28620 15564 17879 31468 32192 23773 25267
76 4 35740 9900 12782 9159 12114 14140 16598 11476 14200
77 4 93070 9401 12332 35880 36163 34417 34847 36640 36847
78 4 32329 19265 21210 12073 14737 6681 9884 2393 6025
79 4 35938 14846 17233 5805 9096 4598 8009 19674 21578
80 4 65472 33646 34153 12588 15201 19251 21198 16355 18591
81 4 72004 17026 19195 27101 28262 31005 31776 14873 17257
82 4 28584 3395 6927 10598 13410 4601 8012 17137 19294
83 4 38519 11605 14316 22149 23805 4230 7678 10165 13020
84 4 58541 15508 17828 9058 12023 34014 34484 14597 17009
85 4 75256 14941 17318 37209 37359 24067 25532 17854 19940
86 4 50648 1622 5331 25487 26810 276 4120 35926 36205
87 4 50208 10380 13213 12738 15335 13454 15980 26189 27441
88 4 58400 11425 14154 9971 12846 38445 38471 13160 15715
89 4 49955 3778 7271 139 3997 36574 36788 21953 23629
90 4 48408 12363 14998 36083 36346 6570 9784 5494 8816
91 4 74408 22439 24067 35535 35853 32950 33526 2086 5749
92 4 30964 31596 32308 3566 7081 2245 5892 1299 5041
93 4 70544 37752 37849 12114 14774 15154 17510 23160 24715
94 4 62341 10684 13487 7396 10528 28864 29849 30983 31756
95 4 65540 38708 38708 12542 15159 201 4052 30474 31298
96 4 54026 34734 35132 14647 17053 10066 12931 8086 11149
97 4 64292 3776 7270 37275 37419 13780 16273 25535 26853
98 4 57260 12853 15439 16579 18792 29939 30816 12204 14855
99 4 63248 37980 38053 33080 33644 2 3873 7998 11069
100 4 38544 20752 22548 18920 20900 2738 6336 5770 9064
101 4 89235 27312 28452 30224 31073 32459 33085 21549 23266
102 4 54208 2570 6184 37274 37418 23292 24834 4624 8033
103 4 69203 21552 23268 5833 9121 24453 25879 34666 35071
104 4 61027 18266 20310 14912 17292 10743 13540 32363 32998
105 4 55947 19387 21319 8554 11570 12395 15027 29598 30510
106 4 57130 7479 10603 5427 8756 24980 26353 33527 34045
107 4 69316 22905 24486 34123 34582 6739 9937 22879 24462
108 4 80217 5820 9110 34201 34652 25264 26609 34987 35360
109 4 81471 11666 14371 36967 37142 14539 16957 38667 38672
110 4 57449 24549 25965 18616 20626 25466 26791 3181 6734
111 4 76687 29662 30567 22841 24428 6344 9581 37012 37182
112 4 36276 8800 11792 9604 12515 20284 22127 6657 9863
113 4 62120 37179 37333 18311 20351 5903 9184 16258 18503
114 4 51324 17030 19198 4602 8013 19532 21451 22991 24564
115 4 59920 8115 11175 14898 17280 35288 35630 16599 18810
116 4 63876 29700 30602 4624 8033 31538 32255 13984 16457
117 4 97418 35623 35932 26974 28148 24496 25917 34680 35083
118 4 60899 6517 9736 34754 35150 1944 5621 32909 33490
119 4 40156 16050 18317 15749 18046 3867 7352 14529 16948
120 4 75928 16976 19149 34748 35145 27993 29065 15194 17546
121 4 92111 28486 29509 31972 32647 20742 22539 33939 34417
122 4 85905 37088 37251 4461 7887 34973 35347 30860 31645
123 4 87585 29047 30013 30858 31644 16102 18364 33475 33999
124 4 47835 2900 6481 35406 35737 12300 14941 9188 12141
125 4 72481 2124 5783 15959 18234 36360 36595 36159 36415
126 4 36132 23015 24585 1497 5218 7739 10836 12914 15494
127 4 58231 12229 14877 26619 27828 33538 34056 403 4234
128 4 28136 127 3986 14547 16964 9004 11975 11492 14214
129 4 63179 6204 9455 30123 30982 7712 10812 34935 35313
130 4 45543 6497 9719 7633 10741 25410 26740 17389 19521
131 4 53224 35828 36116 6370 9605 15247 17594 9086 12049
132 4 26584 3546 7063 15924 18203 11492 14214 2269 5914
133 4 61004 15811 18101 16046 18313 36971 37146 7427 10556
134 4 64144 610 4420 30870 31655 37871 37956 10829 13618
135 4 30275 5422 8751 5223 8572 16646 18852 10553 13369
136 4 95507 33628 34136 30705 31506 35189 35542 19862 21747
137 4 66395 29058 30024 11552 14268 28549 29566 13835 16322
138 4 60696 37426 37554 13483 16006 23716 25216 1245 4992
139 4 80959 33409 33940 12207 14857 33299 33840 22284 23927
140 4 62908 5141 8498 21891 23573 36104 36365 15499 17820
141 4 90192 33685 34188 26621 27830 17862 19948 34573 34987
142 4 26445 7815 10905 7044 10211 17463 19588 735 4533
143 4 71952 20369 22203 24354 25790 19107 21068 26111 27372
144 4 50857 3515 7035 23960 25436 20197 22049 15900 18181
145 4 72451 35777 36071 20501 22322 4555 7970 29731 30629
146 4 42893 1276 5020 28014 29084 4039 7506 20288 22131
147 4 73229 30139 30997 21963 23638 1630 5339 37805 37896
148 4 77846 19786 21679 35137 35495 36935 37112 5450 8776
149 4 47172 5550 8867 19513 21433 14101 16562 19801 21693
150 4 35860 12247 14893 2867 6452 22925 24504 6787 9980
151 4 49645 28975 29949 13757 16253 10981 13755 8344 11381
152 4 46768 5179 8532 1481 5204 33612 34122 18189 20242
153 4 88590 25554 26870 35809 36099 31711 32411 17664 19769
154 4 82673 32242 32889 35324 35663 5469 8794 30307 31148
155 4 40730 19555 21471 10093 12955 8896 11878 12369 15003
156 4 80776 11866 14551 19935 21812 34174 34628 34995 35367
157 4 62943 20389 22222 35338 35676 14058 16524 8894 11876
158 4 95484 29273 30217 22042 23709 36620 36829 31420 32149
159 4 32910 9114 12074 10136 12994 16869 19054 5019 8388
160 4 63838 14348 16784 35056 35421 8826 11815 21568 23283
161 4 27804 14728 17126 147 4004 18237 20284 1644 5351
162 4 52920 14526 16945 14079 16542 19581 21494 17964 20039
163 4 58366 16572 18786 7143 10300 29817 30706 19426 21354
164 4 53109 734 4532 6154 9410 25489 26811 34010 34480
165 4 39236 2569 6184 9563 12478 4494 7916 32419 33049
166 4 73167 10080 12943 16211 18462 33603 34114 31565 32280
167 4 68214 22123 23782 34751 35147 23675 25179 4719 8119
168 4 53659 17949 20025 9492 12414 20885 22668 18748 20745
169 4 37272 2195 5847 26060 27325 11937 14615 6398 9630
170 4 77048 22046 23713 38534 38552 26591 27803 9139 12096
171 4 100932 33784 34277 28733 29731 38293 38335 25355 26691
172 4 57504 23190 24742 2981 6555 25227 26575 20483 22306
173 4 56065 6024 9293 16556 18772 19109 21070 28393 29425
174 4 84662 32748 33344 10007 12878 27643 28750 35430 35758
175 4 77820 34117 34577 14379 16813 11347 14084 37433 37561
176 4 92548 37348 37484 20518 22337 34800 35191 23019 24589
177 4 54599 3112 6672 13302 15844 25241 26588 26594 27806
178 4 42442 26141 27399 2157 5813 24656 26061 99 3960
179 4 39034 16684 18887 21317 23056 917 4697 9875 12759
180 4 59078 29293 30235 13831 16319 749 4546 29975 30849
181 4 86304 31688 32391 26825 28014 21976 23649 27392 28524
182 4 80360 37441 37569 242 4089 25246 26592 37522 37641
183 4 33631 4566 7981 10368 13202 23494 25016 3611 7121
184 4 62344 38360 38395 3175 6728 14213 16663 22183 23836
185 4 76088 14498 16920 36338 36576 25076 26440 19199 21150
186 4 55804 19955 21831 3871 7355 34788 35181 11141 13898
187 4 46064 17661 19767 35807 36097 2877 6460 1236 4984
188 4 75632 18735 20733 36514 36734 10842 13629 28449 29475
189 4 61617 27624 28733 18921 20900 29559 30474 918 4697
190 4 62403 27922 29001 22713 24313 11598 14309 15771 18065
191 4 71931 34517 34937 29720 30620 5163 8518 20514 22334
192 4 80468 27591 28703 37887 37970 5066 8431 30041 30908
193 4 70296 24383 25816 24117 25577 14928 17307 24443 25870
194 4 62482 26148 27405 28672 29677 5164 8519 18119 20178
195 4 63405 35105 35466 20299 22141 4702 8104 19151 21108
196 4 83316 29847 30733 5012 8382 31519 32238 37768 37862
197 4 50398 19089 21051 5206 8557 15698 18000 23005 24576
198 4 60352 3828 7317 28911 29891 12034 14702 30668 31473
199 4 62407 33216 33766 9156 12111 15111 17471 20526 22345
200 4 98650 35753 36049 32036 32704 29144 30101 26380 27613
201 4 56380 16458 18684 36091 36354 11464 14189 6463 9688
202 4 60753 15374 17708 14261 16706 7745 10842 38562 38577
203 4 61834 14723 17122 32469 33094 17395 19527 12706 15306
204 4 80835 21697 23399 20976 22750 37476 37600 20895 22677
205 4 30560 11127 13886 5414 8744 773 4567 20886 22669
206 4 66817 30639 31447 9327 12266 38390 38423 5166 8521
207 4 74290 17316 19456 33503 34024 37606 37716 4438 7866
208 4 47152 3128 6687 17999 20070 24819 26209 12994 15566
209 4 81399 31731 32429 19815 21705 35155 35511 15048 17414
210 4 85585 5966 9241 38654 38660 32038 32705 30324 31163
211 4 82835 34186 34639 37851 37937 17424 19553 14083 16546
212 4 56888 3420 6949 33447 33973 29491 30413 4753 8149
213 4 43971 15079 17443 574 4388 30884 31667 8427 11455
214 4 84935 36449 36676 29649 30555 33683 34186 6388 9621
215 4 48597 6116 9375 36065 36330 17667 19772 899 4680
216 4 60226 19342 21279 26032 27300 29247 30194 662 4467
217 4 62823 11160 13915 24565 25980 14951 17327 27853 28939
218 4 56199 13452 15978 15394 17726 8239 11287 33164 33719
219 4 80968 29619 30528 38046 38113 15886 18169 17660 19765
220 4 68820 38350 38386 22452 24079 18316 20356 6907 10088
221 4 83275 27708 28809 35762 36057 5437 8765 35187 35539
222 4 74341 25418 26748 32267 32912 2426 6055 32816 33406
223 4 68085 34389 34821 26092 27355 8397 11428 16229 18478
224 4 41858 6034 9302 19176 21130 7617 10726 19496 21418
225 4 61940 27861 28946 12546 15162 11565 14280 25454 26780
226 4 44011 3465 6990 34810 35200 3232 6780 13507 16027
227 4 41960 15702 18003 16986 19159 16643 18850 3120 6679
228 4 80796 32944 33521 5019 8389 26241 27488 36791 36984
229 4 67180 2018 5687 35370 35704 18049 20116 28539 29556
230 4 75998 35165 35520 18702 20703 4530 7948 36601 36812
231 4 78342 33695 34197 3016 6586 35909 36189 25308 26649
232 4 85478 35453 35779 34626 35035 4283 7726 32486 33109
233 4 85292 15552 17869 32450 33076 32888 33471 25725 27024
234 4 74372 5406 8737 19623 21532 32343 32980 35593 35905
235 4 36268 4817 8206 13717 16217 6698 9900 20104 21965
236 4 48670 26028 27297 22344 23981 3907 7387 8559 11575
237 4 68248 11668 14373 33412 33942 3215 6765 37015 37185
238 4 68310 5334 8672 35341 35679 27215 28365 17498 19619
239 4 39759 6054 9320 8575 11589 18619 20628 16451 18677
240 4 60348 5753 9049 16556 18772 17504 19625 35623 35932
241 4 66721 19441 21368 12929 15508 29847 30733 21185 22938
242 4 61838 20185 22038 23363 24898 22220 23870 11530 14248
243 4 72477 26885 28068 12209 14859 27307 28448 24196 25648
244 4 74779 38252 38298 15070 17434 36008 36278 4144 7601
245 4 60637 17715 19815 28168 29222 10490 13312 19424 21353
246 4 66316 18641 20649 19665 21569 14126 16585 30463 31288
247 4 74684 37776 37870 4505 7926 26208 27458 24866 26251
248 4 80282 28461 29486 31050 31816 19331 21269 21511 23232
249 4 57204 14747 17143 13889 16372 18150 20206 24720 26120
250 4 70798 37460 37585 11611 14321 16329 18567 23098 24660
251 4 38418 7254 10400 780 4574 27082 28245 12907 15488
252 4 65292 23779 25273 4407 7838 38384 38417 15045 17412
253 4 46307 5484 8807 10569 13384 33120 33679 8711 11712
254 4 54324 4469 7894 28014 29084 4258 7703 31165 31920
255 4 81359 31907 32587 14360 16795 38454 38480 16978 19152
256 4 75445 19956 21832 21723 23422 29189 30141 23439 24966
257 4 24285 8 3878 6047 9313 22923 24502 1379 5112
258 4 91880 30557 31373 31970 32644 25454 26780 26870 28054
259 4 77317 12450 15077 22435 24063 23082 24645 38680 38683
260 4 63886 156 4012 14766 17161 35860 36145 29076 30040
261 4 45080 30183 31036 8656 11662 2009 5679 15503 17824
262 4 74740 24603 26014 5965 9240 27283 28426 35574 35888
263 4 87857 30300 31141 24057 25523 34645 35052 20820 22609
264 4 73736 9423 12352 24504 25925 35577 35891 22667 24272
265 4 46524 930 4709 24932 26310 25076 26439 7218 10368
266 4 46068 4751 8148 6931 10109 29191 30143 16713 18913
267 4 77266 11693 14395 21201 22952 37768 37862 25921 27200
268 4 61515 19828 21717 3836 7324 37877 37960 15353 17689
269 4 61408 3472 6996 32432 33061 10519 13339 30337 31174
270 4 60348 10144 13001 7684 10787 29380 30313 28227 29275
271 4 73063 31249 31996 28969 29943 24110 25571 7001 10173
272 4 64260 9832 12720 14351 16787 18693 20695 37450 37576
273 4 85756 38436 38464 38613 38623 17980 20053 12166 14821
274 4 45748 22847 24433 21572 23286 8533 11551 4233 7681
275 4 55735 7266 10411 1441 5168 26341 27579 34621 35031
276 4 63002 1962 5637 13608 16119 28110 29171 35073 35437
277 4 74921 20989 22761 26530 27749 18263 20308 27870 28954
278 4 47970 18560 20576 18329 20367 19921 21800 3153 6709
279 4 94081 29310 30251 23351 24887 36718 36917 28223 29272
280 4 62501 2035 5703 29849 30735 34063 34528 12180 14833
281 4 59466 3073 6637 19742 21639 20804 22595 30714 31514
282 4 55472 17762 19857 14274 16718 23151 24707 14153 16609
283 4 53552 13362 15897 32256 32902 16485 18708 4838 8226
284 4 84894 38270 38314 21931 23609 28025 29094 17892 19974
285 4 55627 30787 31580 27447 28574 3242 6789 8058 11123
286 4 58584 37836 37924 26129 27388 2058 5724 7207 10358
287 4 43326 9445 12372 24673 26077 4828 8216 15212 17562
288 4 55739 31868 32552 14071 16536 22192 23844 1543 5260
289 4 41893 129 3987 17311 19452 24892 26274 10035 12902
290 4 43844 11809 14500 9525 12443 30954 31730 2517 6136
291 4 70256 27584 28697 21470 23194 12584 15197 26182 27435
292 4 93766 37861 37946 37496 37618 6329 9567 35522 35841
293 4 36536 5623 8932 13925 16404 18063 20128 8059 11124
294 4 62204 10759 13554 28494 29516 37688 37790 814 4604
295 4 79656 25916 27196 22382 24015 36657 36863 14615 17025
296 4 36112 17612 19722 7209 10359 17288 19431 3031 6599
297 4 88602 17835 19923 24595 26007 36490 36713 31833 32521
298 4 51419 27242 28389 11569 14283 5120 8479 20343 22180
299 4 61694 24934 26312 28659 29665 14260 16705 9265 12210
300 4 48168 9886 12769 21185 22938 28531 29549 609 4419
301 4 44643 25295 26637 2095 5757 18958 20934 9456 12382
302 4 76275 8876 11860 33816 34306 25472 26796 27180 28334
303 4 62241 6550 9767 28971 29945 7225 10374 35056 35422
304 4 101704 36582 36795 36038 36306 32581 33194 21929 23607
305 4 55897 34022 34491 23439 24967 691 4493 11720 14419
306 4 88507 34865 35250 38536 38554 30928 31707 6305 9545
307 4 44540 3954 7430 347 4183 13741 16238 37634 37742
308 4 83680 37765 37860 37086 37248 23754 25250 5996 9268
309 4 73543 27185 28337 18935 20913 31413 32143 14396 16828
310 4 72177 36299 36541 602 4413 24357 25793 28964 29939
311 4 62081 8963 11938 20885 22668 31446 32173 16308 18548
312 4 85887 32721 33320 24829 26218 33924 34403 15885 18168
313 4 69985 12606 15217 24171 25625 37185 37338 13520 16039
314 4 65101 5689 8991 10652 13458 37137 37295 27899 28980
315 4 69665 10410 13240 24865 26250 35308 35649 16499 18721
316 4 43725 36836 37023 14141 16598 1433 5161 2247 5893
317 4 61989 30164 31019 20228 22077 15461 17786 11634 14342
318 4 38965 9900 12781 4536 7954 27317 28457 6954 10130
319 4 44404 33601 34112 1277 5021 1562 5277 19066 21031
320 4 57036 6055 9321 22989 24562 32856 33442 9395 12327
321 4 74364 34026 34495 17998 20069 26752 27948 14179 16633
322 4 82612 36354 36590 15160 17515 16218 18468 35534 35852
323 4 82656 20952 22728 19333 21271 30546 31363 32490 33112
324 4 53468 7053 10219 25597 26909 15358 17694 18828 20817
325 4 31835 3264 6809 7589 10701 15930 18208 13011 15581
326 4 76550 13460 15985 10635 13443 36098 36360 35495 35817
327 4 43799 21378 23111 18720 20719 12698 15300 1953 5629
328 4 65133 28098 29159 837 4625 21186 22939 31296 32038
329 4 50296 15722 18022 21384 23117 17534 19652 8230 11278
330 4 25496 7443 10570 1902 5583 10054 12920 12472 15096
331 4 58260 6952 10128 22019 23688 20051 21917 23804 25295
332 4 74092 38004 38075 34291 34733 14453 16879 5867 9152
333 4 66274 26634 27842 8391 11423 30985 31758 16833 19021
334 4 54224 5402 8733 30945 31722 14646 17053 16787 18980
335 4 51964 5317 8656 19237 21185 27494 28616 12907 15488
336 4 53038 24413 25843 28357 29393 5394 8726 8134 11192
337 4 93116 29525 30444 37996 38068 17677 19781 31197 31949
338 4 75537 31099 31861 27888 28970 25594 26906 9841 12728
339 4 27924 8865 11850 9682 12585 16037 18304 321 4160
340 4 30592 15397 17729 12001 14672 559 4374 10283 13126
341 4 88045 34038 34506 36783 36976 31469 32194 7767 10862
342 4 61124 26502 27723 11739 14437 3879 7362 34286 34728
343 4 62001 14487 16910 14912 17292 21679 23383 26424 27653
344 4 49630 7781 10874 8861 11846 22010 23681 23386 24919
345 4 43612 21092 22854 10963 13738 16519 18739 5942 9219
346 4 98029 28833 29821 38615 38625 17900 19981 37189 37342
347 4 51387 771 4565 14258 16703 33478 34002 15727 18025
348 4 68281 18984 20957 29134 30092 14647 17054 22587 24200
349 4 35996 409 4239 14769 17164 28100 29162 1718 5417
350 4 32536 1236 4984 4461 7887 15621 17930 19352 21288
351 4 79984 35349 35686 28793 29785 18479 20503 17360 19495
352 4 62020 8177 11231 13517 16036 19672 21576 36159 36415
353 4 50086 24003 25474 6905 10086 17306 19447 14394 16826
354 4 84336 35087 35449 21770 23464 36418 36647 12145 14802
355 4 73948 8374 11408 27050 28216 29814 30704 27198 28349
356 4 82584 34753 35149 15246 17593 29386 30319 23845 25332
357 4 52771 3177 6731 20786 22579 18933 20911 23068 24632
358 4 28168 5036 8404 7765 10860 15471 17795 6938 10116
359 4 69400 15849 18135 14883 17266 18157 20213 37861 37947
360 4 52656 29609 30520 5825 9114 2647 6253 27739 28837
361 4 74232 9760 12655 35735 36033 17463 19588 29832 30720
362 4 64900 35651 35957 36316 36556 8261 11307 898 4679
363 4 64973 9897 12779 5464 8789 38599 38610 27257 28403
364 4 68961 33853 34339 32027 32696 6130 9388 14192 16644
365 4 46358 1670 5375 33376 33910 6266 9511 16636 18844
366 4 51928 17972 20046 23260 24805 23502 25023 176 4029
367 4 92180 31067 31832 35900 36182 23203 24754 25055 26421
368 4 65700 1928 5606 16495 18717 34200 34651 29503 30424
369 4 63275 32839 33427 16457 18683 15594 17906 14204 16655
370 4 30205 10521 13341 244 4091 25273 26617 1719 5418
371 4 64477 2662 6267 22664 24269 31863 32548 23408 24938
372 4 45174 12171 14826 19940 21817 13147 15704 11210 13960
373 4 58978 24481 25904 31585 32298 353 4189 17304 19445
374 4 63612 18354 20390 30835 31623 20868 22653 9459 12384
375 4 46916 23328 24866 14453 16879 10853 13639 10011 12881
376 4 44599 15380 17713 34748 35145 4772 8167 849 4635
377 4 78806 30596 31408 19569 21484 23568 25082 24775 26169
378 4 59571 19140 21097 35064 35429 5963 9238 14297 16738
379 4 78662 30516 31335 27571 28685 10136 12994 30105 30966
380 4 44148 1529 5248 12585 15197 17140 19297 23932 25410
381 4 56169 12581 15194 3833 7321 37584 37697 16214 18464
382 4 51097 25647 26954 14297 16738 2516 6135 21412 23142
383 4 75896 27107 28268 28106 29167 34975 35349 4683 8086
384 4 72571 31944 32621 14960 17335 10360 13195 33450 33977
385 4 58077 2382 6015 37295 37437 32699 33301 221 4071
386 4 76734 21813 23503 34971 35345 19369 21304 19765 21660
387 4 62920 35876 36160 28651 29657 12383 15016 1740 5437
388 4 70344 38337 38374 16870 19054 8064 11129 24660 26065
389 4 55444 34628 35037 22300 23942 10431 13259 1946 5623
390 4 74482 6160 9415 22363 23998 26970 28144 37610 37720
391 4 76015 32488 33111 21566 23281 8343 11380 32622 33231
392 4 54102 28165 29220 374 4208 13332 15870 25757 27052
393 4 60314 6154 9410 5778 9071 38256 38301 25205 26556
394 4 54342 14422 16851 4959 8334 37201 37352 11346 14083
395 4 41818 7109 10269 4142 7599 8360 11395 32662 33268
396 4 66919 29623 30532 3676 7180 37084 37247 13266 15811
397 4 57525 396 4228 18313 20353 33608 34119 19590 21502
398 4 51697 23106 24667 20190 22042 7199 10350 14127 16585
399 4 29147 3241 6788 3122 6681 17629 19738 12442 15069
400 4 23875 5360 8696 17346 19483 6896 10078 242 4090
401 4 75394 6712 9913 27658 28764 35412 35742 24461 25886
402 4 75064 21562 23277 35266 35611 20452 22278 16550 18766
403 4 61151 18350 20387 27599 28710 2765 6360 27725 28824
404 4 38212 8407 11437 20648 22455 16759 18954 1951 5627
405 4 75320 17295 19437 30991 31763 20668 22473 25197 26548
406 4 37757 357 4192 21058 22824 6248 9495 19534 21452
407 4 56799 25672 26977 15739 18036 27497 28618 2091 5754
408 4 53308 5650 8956 10996 13767 33408 33939 16581 18794
409 4 40568 34066 34531 9569 12484 2258 5903 4818 8207
410 4 39760 2885 6468 13416 15946 6442 9669 26957 28133
411 4 95007 15094 17456 34442 34869 31172 31926 38051 38117
412 4 72224 2848 6434 37104 37265 25061 26427 25268 26612
413 4 58979 7686 10788 1230 4978 33494 34016 31314 32054
414 4 64016 8184 11237 38396 38427 8401 11433 25039 26407
415 4 69138 13887 16369 29497 30418 31374 32108 11665 14370
416 4 71965 9922 12801 15339 17676 28471 29495 36225 36474
417 4 85320 37229 37377 28550 29567 36255 36501 4616 8026
418 4 48744 23479 25003 1417 5147 32495 33117 3539 7057
419 4 65100 3971 7446 26617 27827 27358 28494 23430 24959
420 4 60658 2744 6341 25966 27241 16034 18302 31079 31843
421 4 81157 15726 18025 27078 28241 36886 37069 21757 23453
422 4 73167 32232 32881 31320 32059 18922 20901 8985 11958
423 4 61328 32657 33263 9363 12298 16002 18273 18638 20645
424 4 56280 24853 26239 11324 14063 3005 6576 31168 31923
425 4 45214 8709 11709 36001 36272 7733 10831 4075 7539
426 4 70809 24745 26142 13893 16375 21517 23236 28357 29393
427 4 38873 13211 15761 10770 13564 6734 9932 17877 19961
428 4 80948 25840 27127 31881 32565 32642 33249 10822 13611
429 4 72792 25860 27146 25820 27109 16639 18847 22671 24275
430 4 67351 10010 12880 108 3969 36111 36372 37960 38035
431 4 78995 12727 15325 32568 33182 31565 32280 21884 23567
432 4 56304 1283 5026 21826 23515 33334 33872 13938 16416
433 4 57075 21238 22985 32104 32765 380 4214 17622 19732
434 4 70499 22413 24043 14783 17176 21880 23564 29048 30015
435 4 74727 4659 8065 20926 22704 33794 34286 34030 34498
436 4 102148 36157 36413 27505 28626 32508 33128 31516 32235
437 4 37392 7808 10898 5513 8833 21098 22860 12322 14961
438 4 53472 22625 24234 15548 17864 12190 14842 16478 18702
439 4 77574 31463 32188 636 4444 38708 38709 26161 27416
440 4 33316 5456 8782 7962 11037 22021 23690 6206 9457
441 4 83094 12072 14736 29829 30718 33969 34443 27998 29069
442 4 79227 28727 29725 25970 27245 26327 27566 18010 20080
443 4 63854 19498 21419 13879 16363 31472 32196 14969 17343
444 4 81686 28878 29861 15181 17535 27300 28442 30749 31545
445 4 59452 25 3894 33175 33729 21070 22834 20045 21912
446 4 68193 19064 21029 36523 36742 18514 20534 11141 13898
447 4 66316 5046 8413 23109 24669 27824 28913 26916 28096
448 4 34336 2169 5824 34438 34866 4894 8276 1419 5148
449 4 54743 15742 18039 3388 6920 28197 29249 21102 22863
450 4 43409 20432 22260 5415 8745 6835 10023 21580 23294
451 4 77703 23971 25445 15101 17462 21230 22978 36827 37016
452 4 52644 33443 33970 9625 12534 22008 23679 730 4528
453 4 45348 13054 15620 14464 16889 16351 18588 12816 15406
454 4 87852 33219 33769 23111 24671 26842 28029 26643 27850
455 4 40366 1865 5550 30774 31568 12040 14707 5779 9072
456 4 45416 7131 10289 13008 15579 34212 34662 2420 6049
457 4 42956 9696 12598 34320 34759 3595 7107 6085 9348
458 4 24495 5585 8898 4062 7528 11443 14170 9529 12448
459 4 74911 38094 38156 32813 33403 14957 17332 7775 10869
460 4 38800 38120 38179 3577 7091 4325 7763 2479 6103
461 4 64807 6881 10064 25232 26580 15641 17948 33255 33801
462 4 63984 11772 14466 24063 25528 15354 17690 28791 29783
463 4 50919 6661 9866 17083 19246 33923 34402 5982 9255
464 4 39805 11035 13803 12928 15506 5 3876 25789 27081
465 4 73685 18479 20502 19547 21464 17219 19368 36862 37047
466 4 49535 13161 15716 19393 21325 10683 13486 18682 20686
467 4 42268 19129 21087 13924 16403 5837 9125 13945 16422
468 4 74486 33194 33746 12874 15458 8493 11515 38547 38563
469 4 80176 32044 32711 20443 22270 28666 29671 19067 21032
470 4 67952 35530 35848 748 4544 17292 19434 31371 32105
471 4 81472 32650 33256 29540 30458 25096 26458 14554 16970
472 4 79439 26900 28082 22659 24264 27623 28732 22117 23777
473 4 25749 11510 14230 14613 17023 58 3924 6006 9277
474 4 77260 14070 16535 22016 23686 33022 33591 27468 28593
475 4 57018 14604 17015 7030 10198 35575 35889 14064 16529
476 4 74474 20986 22759 37695 37797 27614 28724 6798 9990
477 4 99654 17064 19229 35044 35411 36195 36447 36265 36510
478 4 27759 5285 8628 3228 6777 8545 11562 17641 19748
479 4 28026 13244 15791 4709 8110 4780 8173 12300 14942
480 4 73282 24073 25537 27665 28770 16201 18452 23664 25169
481 4 83037 24278 25721 25935 27213 19219 21169 34365 34800
482 4 72542 29073 30037 22419 24048 32887 33470 6299 9541
483 4 78448 18256 20302 26087 27350 34665 35070 19053 21019
484 4 72159 4681 8085 16024 18293 34944 35321 34550 34967
485 4 56716 38344 38381 11522 14241 20142 21999 887 4670
486 4 36494 13837 16325 8948 11924 13367 15902 9466 12391
487 4 73444 9202 12154 20025 21894 29921 30800 32657 33263
488 4 74177 25333 26671 18493 20515 13967 16441 34929 35307
489 4 73592 23383 24916 8317 11356 29577 30490 30714 31514
490 4 64767 2685 6288 31771 32466 11904 14585 34599 35010
491 4 37785 6063 9328 18840 20828 5451 8778 16878 19062
492 4 64592 16760 18956 8268 11313 28650 29656 27062 28227
493 4 42329 18152 20208 18149 20205 9521 12441 7090 10252
494 4 66368 22610 24221 34356 34792 2813 6403 23182 24735
495 4 62652 16776 18970 24637 26045 11744 14441 25159 26514
496 4 72567 34356 34792 15604 17915 12994 15566 27755 28851
497 4 64988 35009 35379 24675 26079 9152 12108 12400 15032
498 4 69082 38041 38108 16445 18672 11161 13916 20706 22506
499 4 61351 11737 14435 24930 26308 29321 30261 10701 13502
500 4 66519 3426 6955 9757 12653 31972 32646 37994 38066
