1 40 392095 5559 47 6637 17476 31278 1441 23012 32265 4204 9997 8360 11406 22649 4631 23274 9363 2337 21982 33124 17678 10402 34880 36789 23852 37817 21875 1121 3420 1079 30025 21164 19880 25524 18172 28269 7735 18785 23603 3445 15519 21004 3415 30961 27169 19574 11465 26700 1225 25405 36209 20103 12904 5012 1152 32978 25952 6552 22108 21202 13542 7305 23269 37835 24761 30578 6425 36240 2268 32215 32080 2681 13666 11344 25313 28663 6271 33946 20498 9064 7610
2 40 396464 13213 11512 33058 21248 36506 24313 36912 36973 8243 22731 33367 20702 32217 7671 8329 36803 16520 22897 2584 13350 2753 10439 25130 24526 27399 27114 9595 3327 37242 18463 23474 28745 17567 30259 29053 26739 11864 27379 31437 1780 17321 28765 5880 5332 20988 26794 30194 18024 33552 27950 20838 12853 7657 23992 13549 35007 12210 6757 29726 4151 12746 5294 18233 22100 11776 26394 31667 28638 3917 36741 25771 1824 12446 37982 14669 30771 8471 3870 24855 15153
3 40 416980 36092 19443 12099 35902 35855 19963 16906 26009 24686 36517 37380 8022 7794 22251 30973 29778 29960 28262 2629 32475 8807 23886 18729 3929 30031 29894 5315 34290 29896 35042 3711 33518 24719 15824 21400 7118 10053 15936 6195 24303 6259 29187 10366 14757 34324 30605 30806 23411 2488 3825 18421 7263 34988 21575 30319 24534 26774 18382 33722 15434 29751 5084 28376 29797 22676 2421 14822 36699 10259 4814 24657 17555 10205 30809 10945 16806 26139 1670 34433 24955
4 40 435498 35553 8966 24556 25000 33943 12529 2160 25526 6585 22252 22301 31286 25434 9364 13261 4407 23156 19408 33391 37931 29055 24821 33007 22676 11928 27008 31949 18234 14505 16629 13194 10841 32866 6459 22387 36111 7505 38308 27258 10242 20018 15381 19464 37552 37922 17686 38404 7147 35257 33855 21400 16351 7133 8973 8733 11576 17917 8605 16777 36527 8431 30052 15772 9458 36475 2874 35156 12316 25656 35484 33235 6404 3091 11617 14954 27113 3744 7079 27463 19761
5 40 364449 31927 14636 24420 20855 32548 17769 35800 13680 386 2592 31223 4000 21628 12836 13948 20642 8613 17337 24413 6074 11385 20448 7845 37971 11126 17414 30538 3234 4770 30353 6449 18958 30978 31834 2711 18563 1986 31337 31787 15534 18086 17547 33177 32687 4566 38326 27499 15564 31468 23773 17183 9900 9159 14140 11476 15699 9401 35880 34417 36640 25909 19265 12073 6681 2393 8696 14846 5805 4598 19674 31193 33646 12588 19251 16355 30510 17026 27101 31005 14873
6 40 374848 3395 10598 4601 17137 38306 11605 22149 4230 10165 23369 15508 9058 34014 14597 36389 14941 37209 24067 17854 19340 1622 25487 276 35926 9377 10380 12738 13454 26189 35225 11425 9971 38445 13160 12253 3778 139 36574 21953 24839 12363 36083 6570 5494 10952 22439 35535 32950 2086 11161 31596 3566 2245 1299 9790 37752 12114 15154 23160 566 10684 7396 28864 30983 34647 38708 12542 201 30474 16608 34734 14647 10066 8086 24457 3776 37275 13780 25535 251
7 40 382373 16579 29939 12204 12517 37980 33080 2 7998 35911 20752 18920 2738 5770 20610 27312 30224 32459 21549 13459 2570 37274 23292 4624 29919 21552 5833 24453 34666 33855 18266 14912 10743 32363 18256 19387 8554 12395 29598 28241 7479 5427 24980 33527 37631 22905 34123 6739 22879 17315 5820 34201 25264 34987 18303 11666 36967 14539 38667 23018 24549 18616 25466 3181 26037 29662 22841 6344 37012 7249 8800 9604 20284 6657 19121 37179 18311 5903 16258 6375 17030
8 40 407113 19532 22991 11252 8115 14898 35288 16599 16271 29700 4624 31538 13984 30168 35623 26974 24496 34680 30931 6517 34754 1944 32909 30517 16050 15749 3867 14529 26874 16976 34748 27993 15194 5807 28486 31972 20742 33939 6282 37088 4461 34973 30860 95 29047 30858 16102 33475 36072 2900 35406 12300 9188 27501 2124 15959 36360 36159 32514 23015 1497 7739 12914 31708 12229 26619 33538 403 33283 127 14547 9004 11492 11465 6204 30123 7712 34935 30458 6497 7633
9 40 386102 17389 30270 35828 6370 15247 9086 15903 3546 15924 11492 2269 30561 15811 16046 36971 7427 21831 610 30870 37871 10829 29173 5422 5223 16646 10553 24221 33628 30705 35189 19862 17991 29058 11552 28549 13835 21018 37426 13483 23716 1245 17785 33409 12207 33299 22284 1404 5141 21891 36104 15499 33160 33685 26621 17862 34573 23857 7815 7044 17463 735 27695 20369 24354 19107 26111 17440 3515 23960 20197 15900 10559 35777 20501 4555 29731 9317 1276 28014 4039
10 40 361646 7235 30139 21963 1630 37805 21926 19786 35137 36935 5450 24037 5550 19513 14101 19801 36040 12247 2867 22925 6787 4973 28975 13757 10981 8344 20334 5179 1481 33612 18189 32849 25554 35809 31711 17664 28496 32242 35324 5469 30307 26860 19555 10093 8896 12369 17717 11866 19935 34174 34995 1392 20389 35338 14058 8894 2485 29273 22042 36620 31420 27869 9114 10136 16869 5019 25728 14348 35056 8826 21568 2172 14728 147 18237 1644 33880 14526 14079 19581 17964
11 40 338960 16572 7143 29817 19426 10327 734 6154 25489 34010 32836 2569 9563 4494 32419 37654 10080 16211 33603 31565 36665 22123 34751 23675 4719 4745 17949 9492 20885 18748 12815 2195 26060 11937 6398 10819 22046 38534 26591 9139 6069 33784 28733 38293 25355 36753 23190 2981 25227 20483 26822 6024 16556 19109 28393 2765 32748 10007 27643 35430 31404 34117 14379 11347 37433 8839 37348 20518 34800 23019 17851 3112 13302 25241 26594 3062 26141 2157 24656 99 12467
12 40 407486 21317 917 9875 20054 29293 13831 749 29975 715 31688 26825 21976 27392 24763 37441 242 25246 37522 9609 4566 10368 23494 3611 29160 38360 3175 14213 22183 38360 14498 36338 25076 19199 314 19955 3871 34788 11141 28440 17661 35807 2877 1236 23996 18735 36514 10842 28449 33641 27624 18921 29559 918 15797 27922 22713 11598 15771 22325 34517 29720 5163 20514 12160 27591 37887 5066 30041 4323 24383 24117 14928 24443 36007 26148 28672 5164 18119 33848 35105
13 40 435012 4702 19151 12598 29847 5012 31519 37768 20775 19089 5206 15698 23005 1411 3828 28911 12034 30668 4579 33216 9156 15111 20526 12359 35753 32036 29144 26380 21339 16458 36091 11464 6463 37363 15374 14261 7745 38562 517 14723 32469 17395 12706 18567 21697 20976 37476 20895 21332 11127 5414 773 20886 33554 30639 9327 38390 5166 11747 17316 33503 37606 4438 32367 3128 17999 24819 12994 3236 31731 19815 35155 15048 36122 5966 38654 32038 30324 30545 34186 37851
14 40 372313 14083 14302 3420 33447 29491 4753 17281 15079 574 30884 8427 1420 36449 29649 33683 6388 9892 6116 36065 17667 899 20675 19342 26032 29247 662 15214 11160 24565 14951 27853 17770 13452 15394 8239 33164 488 29619 38046 15886 17660 34819 38350 22452 18316 6907 30337 27708 35762 5437 35187 6329 25418 32267 2426 32816 13050 34389 26092 8397 16229 11308 6034 19176 7617 19496 30578 27861 12546 11565 25454 24664 3465 34810 3232 13507 13178 15702 16986 16643
15 40 392303 27274 32944 5019 26241 36791 2158 2018 35370 18049 28539 7672 35165 18702 4530 36601 20504 33695 3016 35909 25308 11618 35453 34626 4283 32486 14830 15552 32450 32888 25725 17563 5406 19623 32343 35593 37358 4817 13717 6698 20104 233 26028 22344 3907 8559 28479 11668 33412 3215 37015 20618 5334 35341 27215 17498 13330 6054 8575 18619 16451 2895 5753 16556 17504 35623 4937 19441 12929 29847 21185 13817 20185 23363 22220 11530 20865 26885 12209 27307 24196
16 40 396359 38252 15070 36008 4144 33117 17715 28168 10490 19424 18818 18641 19665 14126 30463 2853 37776 4505 26208 24866 6997 28461 31050 19331 21511 22585 14747 13889 18150 24720 18422 37460 11611 16329 23098 29039 7254 780 27082 12907 36618 23779 4407 38384 15045 32516 5484 10569 33120 8711 4340 4469 28014 4258 31165 24989 31907 14360 38454 16978 26151 19956 21723 29189 23439 1185 8 6047 22923 1379 21464 30557 31970 25454 26870 13363 12450 22435 23082 38680 29659
17 40 369552 14766 35860 29076 22553 30183 8656 2009 15503 420 24603 5965 27283 35574 9729 30300 24057 34645 20820 8375 9423 24504 35577 22667 18945 930 24932 25076 7218 35274 4751 6931 29191 16713 1770 11693 21201 37768 25921 3690 19828 3836 37877 15353 6487 3472 32432 10519 30337 9568 10144 7684 29380 28227 27277 31249 28969 24110 7001 6914 9832 14351 18693 37450 15148 38436 38613 17980 12166 34010 22847 21572 8533 4233 5892 7266 1441 26341 34621 19975 1962
18 40 434181 28110 35073 13363 20989 26530 18263 27870 32902 18560 18329 19921 3153 7586 29310 23351 36718 28223 12194 2035 29849 34063 12180 15260 3073 19742 20804 30714 304 17762 14274 23151 14153 25792 13362 32256 16485 4838 9919 38270 21931 28025 17892 6953 30787 27447 3242 8058 9494 37836 26129 2058 7207 20594 9445 24673 4828 15212 20000 31868 14071 22192 1543 21162 129 17311 24892 10035 22619 11809 9525 30954 2517 29266 27584 21470 12584 26182 30628 37861 37496
19 40 350504 35522 35428 5623 13925 18063 8059 8021 10759 28494 37688 814 14521 25916 22382 36657 14615 14260 17612 7209 17288 3031 7618 17835 24595 36490 31833 8461 27242 11569 5120 20343 24300 24934 28659 14260 9265 4116 9886 21185 28531 609 23358 25295 2095 18958 9456 14858 8876 33816 25472 27180 19090 6550 28971 7225 35056 18114 36582 36038 32581 21929 20586 34022 23439 691 11720 6558 34865 38536 30928 6305 16092 3954 347 13741 37634 6740 37765 37086 23754
20 40 421415 37290 27185 18935 31413 14396 2663 36299 602 24357 28964 21244 8963 20885 31446 16308 2062 32721 24829 33924 15885 30977 12606 24171 37185 13520 1583 5689 10652 37137 27899 24429 10410 24865 35308 16499 21096 36836 14141 1433 2247 15890 30164 20228 15461 11634 11280 9900 4536 27317 6954 14222 33601 1277 1562 19066 7914 6055 22989 32856 9395 33736 34026 17998 26752 14179 8773 36354 15160 16218 35534 19751 20952 19333 30546 32490 1469 7053 25597 15358 18828
21 40 369248 3264 7589 15930 13011 34197 13460 10635 36098 35495 12 21378 18720 12698 1953 24720 28098 837 21186 31296 5817 15722 21384 17534 8230 5102 7443 1902 10054 12472 26129 6952 22019 20051 23804 35459 38004 34291 14453 5867 24431 26634 8391 30985 16833 38054 5402 30945 14646 16787 24690 5317 19237 27494 12907 24135 24413 28357 5394 8134 27796 29525 37996 17677 31197 2182 31099 27888 25594 9841 25153 8865 9682 16037 321 21554 15397 12001 559 10283 23920
22 40 414388 36783 31469 7767 24614 26502 11739 3879 34286 37879 14487 14912 21679 26424 8297 7781 8861 22010 23386 35846 21092 10963 16519 5942 36410 28833 38615 17900 37189 29990 771 14258 33478 15727 1904 18984 29134 14647 22587 31893 409 14769 28100 1718 18283 1236 4461 15621 19352 22486 35349 28793 18479 17360 28691 8177 13517 19672 36159 13238 24003 6905 17306 14394 31461 35087 21770 36418 12145 32540 8374 27050 29814 27198 1225 34753 15246 29386 23845 33056 3177
23 40 327885 18933 23068 25606 5036 7765 15471 6938 32481 15849 14883 18157 37861 2382 29609 5825 2647 27739 20808 9760 35735 17463 29832 12850 35651 36316 8261 898 30959 9897 5464 38599 27257 29733 33853 32027 6130 14192 7666 1670 33376 6266 16636 12811 17972 23260 23502 176 32912 31067 35900 23203 25055 1884 1928 16495 34200 29503 7346 32839 16457 15594 14204 12772 10521 244 25273 1719 13190 2662 22664 31863 23408 25182 12171 19940 13147 11210 12421 24481 31585
24 40 326006 17304 15320 18354 30835 20868 9459 22784 23328 14453 10853 10011 10796 15380 34748 4772 849 14570 30596 19569 23568 24775 16761 19140 35064 5963 14297 3760 30516 27571 10136 30105 31913 1529 12585 17140 23932 13060 12581 3833 37584 16214 31886 25647 14297 2516 21412 23798 27107 28106 34975 4683 28902 31944 14960 10360 33450 17813 2382 37295 32699 221 10804 21813 34971 19369 19765 3841 35876 28651 12383 1740 3605 38337 16870 8064 24660 4359 34628 22300 10431
25 40 338510 23791 6160 22363 26970 37610 7506 32488 21566 8343 32622 7392 28165 374 13332 25757 24308 6154 5778 38256 25205 29416 14422 4959 37201 11346 27129 7109 4142 8360 32662 25597 29623 3676 37084 13266 20906 396 18313 33608 19590 34603 23106 20190 7199 14127 30162 3241 3122 17629 12442 24170 5360 17346 6896 242 19958 6712 27658 35412 24461 11673 21562 35266 20452 16550 7043 18350 27599 2765 27725 17922 8407 20648 16759 1951 26509 17295 30991 20668 25197
26 40 358473 357 21058 6248 19534 15752 25672 15739 27497 2091 442 5650 10996 33408 16581 28877 34066 9569 2258 4818 32860 2885 13416 6442 26957 30896 15094 34442 31172 38051 20795 2848 37104 25061 25268 26087 7686 1230 33494 31314 11366 8184 38396 8401 25039 22688 13887 29497 31374 11665 3654 9922 15339 28471 36225 28761 37229 28550 36255 4616 9961 23479 1417 32495 3539 27460 3971 26617 27358 23430 24215 2744 25966 16034 31079 13333 15726 27078 36886 21757 18331
27 40 394506 31320 18922 8985 12980 32657 9363 16002 18638 32982 24853 11324 3005 31168 30868 8709 36001 7733 4075 7702 24745 13893 21517 28357 15334 13211 10770 6734 17877 25624 25840 31881 32642 10822 17037 25860 25820 16639 22671 22304 10010 108 36111 37960 34381 12727 32568 31565 21884 29730 1283 21826 33334 13938 4745 21238 32104 380 17622 13795 22413 14783 21880 29048 22562 4659 20926 33794 34030 21652 36157 27505 32508 31516 365 7808 5513 21098 12322 29976 22625
28 40 375254 12190 16478 14929 31463 636 38708 26161 26989 5456 7962 22021 6206 27428 12072 29829 33969 27998 10591 28727 25970 26327 18010 5740 19498 13879 31472 14969 8067 28878 15181 27300 30749 4556 25 33175 21070 20045 29253 19064 36523 18514 11141 5798 5046 23109 27824 26916 13549 2169 34438 4894 1419 26159 15742 3388 28197 21102 36573 20432 5415 6835 21580 19937 23971 15101 21230 36827 25503 33443 9625 22008 730 14070 13054 14464 16351 12816 24127 33219 23111
29 40 316449 26643 4870 1865 30774 12040 5779 27793 7131 13008 34212 2420 37662 9696 34320 3595 6085 23916 5585 4062 11443 9529 19855 38094 32813 14957 7775 118 38120 3577 4325 2479 12158 6881 25232 15641 33255 12710 11772 24063 15354 28791 6800 6661 17083 33923 5982 19785 11035 12928 5 25789 25916 18479 19547 17219 36862 5770 13161 19393 10683 18682 14955 19129 13924 5837 13945 20658 33194 12874 8493 38547 15044 32044 20443 28666 19067 13889 35530 748 17292
30 40 385939 1409 32650 29540 25096 14554 27441 26900 22659 27623 22117 8389 11510 14613 58 6006 30693 14070 22016 33022 27468 33064 14604 7030 35575 14064 10837 20986 37695 27614 6798 25022 17064 35044 36195 36265 19292 5285 3228 8545 17641 16624 13244 4709 4780 12300 38549 24073 27665 16201 23664 11249 24278 25935 19219 34365 9690 29073 22419 32887 6299 12506 18256 26087 34665 19053 3888 4681 16024 34944 34550 38533 38344 11522 20142 887 9638 13837 8948 13367 9466
31 40 416457 9202 20025 29921 32657 11654 25333 18493 13967 34929 33202 23383 8317 29577 30714 16653 2685 31771 11904 34599 7926 6063 18840 5451 16878 37298 16760 8268 28650 27062 31661 18152 18149 9521 7090 11962 22610 34356 2813 23182 256 16776 24637 11744 25159 21045 34356 15604 12994 27755 9631 35009 24675 9152 12400 35725 38041 16445 11161 20706 1513 11737 24930 29321 10701 9 3426 9757 31972 37994 28535 30164 6181 16639 2109 6898 37735 29196 26675 29742 14704
32 40 341791 18467 16488 31858 33203 10122 15330 28454 24859 25254 14470 10296 22100 33227 6283 13549 36605 15286 8939 3171 30192 1169 36016 13670 34412 1159 4678 4807 4693 13894 13351 36696 11121 38326 31222 9005 17191 38584 35134 9234 20741 28093 27408 24842 653 2962 25716 4203 1597 37064 6302 7014 20202 8940 34058 22724 25731 32940 10925 38467 37936 8887 33304 29462 25164 9940 31635 16346 6828 8571 14041 9487 14505 5147 17196 389 22010 21603 18380 10274 16254
33 40 332046 25045 23422 4491 21692 19889 36159 10638 1051 34457 24398 22424 29875 748 10346 18813 28701 15139 16315 26838 12741 35013 25492 29907 25151 14765 21354 7069 23855 28458 7094 5581 17197 26132 19608 35764 34905 12035 26384 13767 17892 15052 36955 4821 17706 23092 7717 20993 13898 33974 30167 8671 18217 17162 34563 20681 35858 22856 26825 464 21153 8493 6077 18353 22303 21081 13014 7074 11162 4702 2865 5927 22876 13017 3895 13929 29321 4724 32192 12054 8931
34 40 390490 3866 12872 16813 8263 5975 11820 17511 31330 32788 26497 32423 8716 32894 18821 31893 4750 3794 15810 16737 1983 30296 25562 24318 10634 16364 23918 1305 26140 5173 35453 34906 5751 13891 28219 3248 31620 36490 30598 24791 31548 35904 2703 16650 5655 10687 34148 1135 14601 3674 4729 22895 9030 26177 7166 36153 31041 14761 37653 35539 28518 6346 14300 24376 30799 24538 17767 35372 24315 334 28908 29882 26501 2499 38608 25080 29631 17373 31876 26129 22975
35 40 370778 10253 33214 3834 5308 29272 19002 36501 38293 14477 5495 15502 19258 13579 3762 32339 23800 3212 18132 38479 31103 34817 18550 13655 12774 15130 27993 27908 5965 27414 2105 36561 29357 32168 30288 19429 8983 3897 30989 2843 5056 37587 16850 11385 16442 23031 12972 33461 10068 7850 37145 18709 6917 10487 18409 13659 35108 18697 2243 24139 15825 37179 6385 12166 3816 31270 31519 5789 23976 4005 30869 11492 30868 390 29254 21460 38514 2384 33502 5146 11390
36 40 370356 3514 17047 10227 8186 24593 38588 35158 36736 2541 2220 3964 31944 33899 3418 32876 19725 36789 35628 37788 3207 2646 34788 12320 29466 14340 28918 4404 1727 25559 21579 36981 31526 7219 10312 938 9849 34461 24178 25767 7564 21568 11082 20876 20144 24607 156 27781 5666 18853 13255 34420 2293 29510 13597 12687 15898 15223 31723 9168 26704 5170 25007 1802 14995 36137 13139 4098 8942 9684 26901 25820 33398 13055 22569 14492 33477 13454 22276 16324 37880
37 40 423511 1928 28753 19373 37498 37168 32196 27197 15798 20760 7702 19816 12224 5237 2109 10804 9023 10842 28692 267 37578 23260 30606 36876 29727 16411 11594 10717 27809 25901 32984 32252 25406 34282 5969 14669 21561 36746 25929 22494 5650 11183 6259 19633 35060 10869 24649 2849 5238 17533 1479 29784 36488 33775 25077 29930 37327 33122 19362 17446 18762 21260 23064 14136 674 20732 29824 37782 4014 37876 36399 22918 25952 2922 25461 15246 9356 29536 8333 31491 37237
38 40 405556 7170 9313 15199 1196 10615 5744 2700 1524 10974 8121 4487 21155 27517 6096 23090 37324 33402 24822 19429 9363 232 15657 18803 5047 37803 29170 26835 33142 9047 9089 30427 31348 30549 8083 8097 13060 31471 511 20885 8214 11437 17506 33893 20116 36091 3688 34428 14231 23997 36165 16240 5183 36406 27324 34954 1487 23067 7266 27404 24297 35316 6867 14753 15588 5581 30002 30495 5985 5186 31882 11409 23829 30919 20830 20755 18819 4919 1479 5130 21990
39 40 482827 35017 12667 27374 15242 6995 2569 13503 21816 34996 23976 4767 27006 7155 23867 11094 6022 36632 25069 27028 38549 26074 24301 31258 23443 22360 29380 18573 34387 3712 14046 26795 27987 35979 17779 31307 21929 22918 32374 16178 3075 24316 17279 13900 21992 34206 24638 30128 15804 30366 23717 31329 21867 26731 4789 35041 8028 19787 31516 35164 15781 30836 5071 34942 21074 27108 9529 20108 21861 16699 565 19589 13410 27756 36905 20384 867 17122 34498 30427 4533
40 40 306412 13046 30229 37501 18685 10773 21283 13920 27479 20262 11556 11544 6332 1582 36071 14753 36317 19532 31301 29751 37498 102 21538 25664 6351 3876 26920 5724 29418 16662 30403 8747 1660 5667 14818 8008 17073 3050 25015 4728 34199 28087 530 15420 15492 31562 21610 21099 12011 34105 15553 3768 10054 18005 21782 18464 23796 30189 5171 17740 14970 9012 11977 17698 23247 25255 15482 8912 27098 16632 4466 7607 23651 16399 21573 10492 17756 21580 31881 5907 32715
41 40 370298 36960 11 24075 37161 17447 3096 3176 33819 9959 22621 2576 35054 15520 26150 22029 31024 17824 4924 30581 10960 11661 15524 3674 5388 36787 918 3206 25078 7360 20069 26721 34918 33503 29728 27965 12525 12242 6191 4343 35290 1221 17778 26969 33744 28223 8373 13217 18956 15821 24927 8922 10712 25657 26487 18281 24560 26355 27491 28885 6645 12692 16418 25363 9725 18802 14806 13666 36995 9447 10732 37086 11039 18234 12315 30492 24758 2652 15290 31002 18355
42 40 357489 26840 9585 84 23201 29411 4758 30397 19545 11956 23796 8929 36761 28172 20592 14221 4612 25863 23585 7326 37871 37669 33496 1549 32478 22105 35001 38349 26886 11011 29919 30743 30962 35257 12005 5560 18129 25659 4972 28562 24619 2110 5474 30782 29388 28254 4366 6822 30644 3326 38677 3121 4383 10160 1635 11852 13898 32060 10579 2259 25458 25893 23488 36990 30066 291 19115 6950 9216 38129 30536 15883 8653 17768 14196 4344 9201 13494 84 4828 1703
43 40 398545 1018 10018 1402 2424 30327 23362 36331 22348 10937 38683 1902 15357 33479 11822 22360 16767 25737 18776 16444 22949 9214 29643 37293 27470 11913 1854 4702 11113 30824 31157 35917 26999 23528 26224 31815 28922 6024 31329 30154 12347 8398 9159 19984 21288 6239 7901 19468 1694 25140 26699 9698 21286 10422 9599 1260 22073 7888 6318 30090 12196 29178 15485 36836 38543 16961 37723 26837 3418 35404 29593 12555 14858 33230 35431 33181 28191 7457 1934 25543 36926
44 40 442484 12331 32438 7600 372 29595 13258 3077 7872 21873 28177 31877 17328 21925 11888 19874 13587 29289 29406 7365 24063 14307 23743 12972 6795 30147 15699 34879 34905 27041 37670 11155 31733 29302 28084 17226 27605 38085 3595 35965 9113 20297 31019 23137 7843 32509 26018 12726 35550 30201 24583 35281 4249 5643 26291 4246 17973 31270 10872 37392 30889 2196 27600 33794 20205 31537 22607 34039 37428 26933 37049 24551 3978 17599 26142 8290 33153 2892 6122 34551 12559
45 40 384638 38012 35614 2894 36260 16753 27152 23105 3188 25452 24670 24867 20785 19524 4213 19735 33326 27799 19269 33777 16685 4103 22078 33489 19596 33549 36516 22767 11228 14576 20470 31609 20703 6835 29515 21521 22364 28271 31125 17594 28472 5984 2251 29634 31089 9531 19686 139 26435 29673 6520 26190 1838 1192 32170 35192 36781 9876 1799 6479 224 32007 3178 17850 16238 24215 28547 6087 32427 1002 28905 34780 22760 7699 9984 24902 10729 17647 16297 2965 20661
46 40 394451 4015 27871 32964 8029 9899 16019 15601 14500 7832 18366 21058 24964 29092 24155 13691 7746 6403 12229 31156 23912 5298 16819 2604 18748 35318 10086 4329 32083 9242 19554 2020 2063 37160 9268 9244 6194 25802 12394 36674 3595 18281 7080 27323 8367 34856 8161 5231 23421 32771 11461 14670 35069 32045 36678 23321 11296 5700 33219 5924 31023 17876 11546 34791 23197 25603 4125 31492 31973 27569 34845 27517 12743 2278 8891 24450 36271 26892 14098 30911 5962
47 40 443695 34628 33899 20642 3266 23143 18685 30388 32575 5645 21888 29030 25254 16671 17048 34180 7882 37207 15859 7187 5815 30897 33641 17733 32817 28367 23014 18245 26049 28953 37530 3095 17080 16433 7414 22059 5349 8533 36456 15753 21084 15214 23586 35907 11124 27023 11419 27297 37701 34205 10591 33697 16676 33740 35966 345 144 36317 15423 12508 23786 36739 37214 32727 9073 24450 24046 7294 25807 29838 31335 28726 37631 5697 15253 14562 38552 14609 27817 7706 19731
48 40 367465 9941 10564 15052 25688 2489 2493 25614 37855 22032 4476 35390 37907 27615 875 28289 28966 7169 30973 32748 9113 8511 36863 30880 344 20612 34770 5839 23626 10513 31302 19978 27078 9172 14391 17299 17602 31075 25238 34131 769 36393 34825 21717 30918 2409 23730 6220 12304 7111 1817 6038 33680 36138 23520 12684 19746 26658 11717 1982 10209 5245 11036 35377 3307 12448 22689 23119 28919 17954 36398 10487 30914 19775 17190 24581 8695 6938 24021 27307 32337
49 40 401468 18233 23195 25708 1863 29748 2835 37080 32407 23027 8857 6467 25895 16279 12216 6108 37387 16387 16770 38608 20548 15929 1279 10181 9013 3815 10894 30324 29877 8502 29277 17679 22342 38589 11706 13363 30206 36099 31594 14262 19086 22736 10483 34590 669 33961 31147 31516 15487 35946 23456 28379 6657 3253 20328 14583 34986 21613 26459 34093 20669 18458 35547 3985 29654 27073 30207 1752 23149 30809 7024 10558 29855 10130 10749 20019 28894 9699 34917 3396 23611
50 40 364085 15622 27529 13900 27150 2996 13673 4780 31516 21054 38239 11530 2887 13228 26468 28572 2003 26589 32684 2305 33331 3876 23719 3876 20693 9838 11526 33905 30715 17945 18324 25081 31621 17249 25824 4073 24553 3015 24494 37647 8768 9812 4897 2969 18420 9542 35064 24152 31810 25393 26792 13885 32815 36894 17885 31956 27417 31220 15546 38134 2042 21043 27845 34037 34630 25564 25535 28284 6438 16288 8837 31374 19399 24395 23664 21263 1597 4810 36702 75 7332
