0.7823
0.3812
0.0
0.5245
0.0
8.366
0.0
0.05514
1.123
0.0
0.4111
0.0
0.0
0.0
0.0
0.0
0.3476
0.1591
0.4448
0.0
0.0
0.3264
0.0
2.492
6.587
3.071
0.0
5.566
0.3538
0.6069
0.02958
0.0
0.7581
0.0
0.0
0.4123
0.0
1.112
0.0
0.0
0.0
0.2961
0.0
0.0
1.16
0.0
0.0
0.0
0.8399
0.277
0.06296
2.275
1.477
2.059
0.8454
0.1518
0.1265
0.3311
0.0
0.8209
0.0
0.1752
0.008125
0.0
0.7839
0.01059
0.8173
0.7973
0.0
0.0
0.0
9.964
0.4702
1.868
0.0
0.8733
0.0
0.3644
2.143
0.2086
1.314
0.6843
2.84
0.0
1.608
0.0
0.0
0.8025
0.4228
0.0
1.388
0.0
0.2992
0.4352
0.0
1.715
0.0
7.525
0.7484
0.0
0.22
0.0
0.38
0.0
3.164
0.3887
0.0
0.0
0.0
0.0
0.2451
1.402
0.245
0.0
0.7857
0.0
0.0
0.0
1.454
1.937
0.0
0.0
0.0
0.1376
0.0
0.789
1.084
0.08478
0.0
0.0
0.0
0.0
0.0
1.275
0.0
0.002368
3.149
0.3907
0.3324
0.0
0.0
0.0
0.0
0.0
0.0
0.3434
0.04411
0.0
1.02
0.9079
1.31
0.0
6.506
1.212
1.609
0.0
0.0
2.18
1.665
0.0
0.6111
0.0
2.299
0.2121
0.0
0.0
0.3861
0.0
0.0
0.1619
0.0
0.7081
0.0
1.333
0.0
0.0
0.0
0.0
0.0
0.4929
0.4063
0.0
0.0
0.0
0.0
1.065
0.0
0.07639
0.07109
0.5626
0.0
0.0
0.0
0.0
3.838
0.1398
0.0
0.0
0.0
0.1248
1.689
0.0
1.161
0.0
1.929
0.0
0.1672
0.4854
0.0
0.8313
0.2201
1.971
0.1923
0.3621
0.0
0.0
0.0
0.0
0.0
0.0
0.6864
0.0
0.09903
0.0
1.65
0.0
0.0
0.0
0.0
0.0
0.0
3.819
0.0
0.0
0.1094
0.3367
0.0
4.892
0.4091
0.0
0.2328
0.0
0.0
0.0
0.0
0.0
0.0
0.0
0.0
0.0
0.0
0.0
0.0
0.0
0.9469
0.0
0.477
0.0
0.0
0.0
0.3433
0.2131
0.7024
0.0
0.1493
0.6637
2.206
0.7734
0.961
2.376
0.0
1.74
6.129
0.0
0.0
0.1349
0.0
0.5265
0.0
0.3685
0.0
0.0454
0.0
0.2271
0.0
1.296
2.917
0.0
0.5989
1.208
1.586
0.657
0.6511
0.0
0.0
0.4502
0.0
0.3137
0.0
0.0
1.722
0.01134
7.903
0.8998
0.378
0.5688
0.7822
0.2241
0.07521
0.873
0.6237
0.0
0.2873
0.0
0.0
0.09469
2.849
0.0
0.4184
0.0
0.0
0.3066
1.062
0.0
0.05832
0.1059
0.0
1.034
0.0
0.0
0.0
0.8575
0.0
0.2706
0.9007
0.0
0.5783
0.0
0.7877
0.0
0.0
0.0
0.3547
0.6568
0.0
0.0
0.5552
0.8376
0.06894
0.0
0.0
0.0
0.5668
3.39
1.548
0.0
0.0
0.0
0.0
0.2297
0.3436
0.0
0.0
0.687
0.0
1.365
0.0
0.06382
0.0
0.0
0.7786
0.0
0.0
4.639
0.0
0.0
0.0
0.339
0.1557
0.0
0.9147
0.0
1.148
0.0
0.0
0.0
0.2121
0.1179
1.382
1.191
0.0
0.04748
0.0
0.5568
2.239
2.913
0.0
0.0
0.0
1.458
4.05
0.0
0.0
0.2701
0.0
0.02629
0.0
0.0
0.3827
0.0
0.0
0.03665
0.1062
0.0
0.0
0.2148
0.0
0.2595
0.3856
0.0
0.667
0.4264
8.477
0.7469
1.223
1.96
0.0
0.0
0.7214
0.6897
0.0
0.916
0.0
0.03588
0.0
0.03992
1.439
0.4709
0.8033
0.0
1.126
0.0
0.0
1.419
0.0
0.0
0.0
0.287
0.0
0.0
0.0
0.0
0.0
1.881
0.2286
0.0
0.04722
0.0
0.0
0.3068
0.0
0.0
0.8446
0.8949
0.0
0.0
0.0
0.4481
0.0
0.3306
0.1835
0.0
1.386
0.7403
0.0
0.0
0.0
0.0
1.591
0.01879
0.2126
1.377
0.0
0.3077
0.7285
0.4983
0.0
0.4737
0.0
0.0
3.868
0.1321
0.0
0.22
0.0
0.0
2.049
0.108
0.0
0.8047
