0.0
0.0
0.0
0.1323
0.0
0.0
0.0
2.739
0.0
0.3669
0.0
1.143
0.0
0.0
0.2825
0.0
0.0
0.7656
0.0
0.0
1.766
0.0
0.0
0.2172
0.0
0.0
0.2609
0.06566
0.0
0.7188
4.672
0.0
4.242
0.0
0.0
1.767
0.0
0.0
0.2989
0.0
0.5209
0.0
5.89
0.0
3.483
0.0
0.0
0.0
0.0
0.0
0.0
2.886
0.2085
1.302
0.0
2.188
0.0
0.0
0.3459
0.0
0.0
1.616
0.0
0.0
0.5021
0.1162
0.0
3.909
0.0
0.7083
1.083
0.0
0.0
0.0
0.0
0.1574
0.0
0.8644
0.0
0.7121
1.164
1.872
0.0
0.0
0.0
0.0
0.0
0.0
0.0
2.123
0.4427
0.0
0.0
2.52
0.0
0.0
1.715
0.232
0.8963
0.1081
2.855
0.0
0.4679
0.0
0.0
0.0
0.0
0.0
2.509
0.8923
0.0
0.0
0.0
2.157
0.0
0.0
0.0
0.0
0.0
0.0
0.0
3.094
0.0
0.0
0.0
0.1045
3.452
0.8291
0.8555
0.0
0.0
0.0
0.07139
1.777
0.0
0.0
0.6319
0.0
0.0
0.0
0.0
0.0
0.0
0.0
0.0
2.978
0.564
0.2751
0.0
0.0
0.0
13.18
0.0
0.0
0.0
0.0
0.0
1.692
0.0
1.018
0.6989
0.1838
1.375
5.975
0.0
0.0
5.026
11.77
0.004838
0.4352
3.233
1.681
0.31
0.6517
0.0
0.0
0.1368
0.09429
6.005
0.0
0.0
0.0
0.2975
1.68
0.0
0.0
1.971
1.185
0.05664
1.507
0.0
0.0
0.0
0.0
3.263
2.397
0.0
0.0
0.0
0.0
0.0
4.165
0.0
0.0
0.0
6.699
1.126
0.0
0.3574
0.0
0.0
0.0
2.166
0.4043
1.133
3.704
0.0
1.871
0.0
0.0
3.77
0.0
0.3589
0.0
0.0
0.0
2.899
1.496
0.0
0.0
0.0
0.0
0.6747
0.0
0.0
0.0
1.714
0.0
0.003855
0.1491
0.0
0.0
0.09755
0.5995
0.0
0.0
0.0
0.0
0.0
0.0
0.0
0.3249
3.836
0.0
0.0
1.407
0.08283
0.0
2.372
0.0
3.196
0.0
0.0
0.0
1.138
0.0
1.16
0.0
0.0
0.0
0.0
0.0
0.0
1.257
0.3272
0.0
0.0
0.0
0.0
0.0
0.0
2.733
0.0
0.04692
2.247
0.0
0.0
8.851
1.562
0.0
4.138
0.1006
0.0
0.4026
0.0
0.0
2.294
0.0
0.07211
0.0
0.0
1.042
0.0
0.2747
1.552
0.0
0.5213
0.0
0.0
0.0
0.0
0.0
0.0
0.0
1.47
0.01756
0.3177
0.0
0.0
0.7958
4.156
0.0
0.0
0.0
0.0
1.758
0.0
0.2755
0.0
0.3031
0.0
0.0
0.134
0.2905
0.0
0.0
0.0
0.0
0.0
0.0
0.0
0.0
0.0
0.0
3.023
0.0
0.0
0.0
0.0
0.0
9.123
0.0
0.0
0.0
2.373
0.0
0.7883
0.0
3.14
0.0
0.2152
1.159
0.0
0.0
0.0
0.0
0.0
0.0
0.0
0.968
0.0
0.0
0.0
0.0
0.0
1.295
2.25
0.0
0.0
1.172
0.0
0.0
2.236
0.0
3.764
0.0
1.29
5.442
0.08088
0.0
0.0
0.0
0.5341
1.542
0.0
0.5628
0.0
0.0
0.0
3.125
0.2672
0.1395
1.668
0.1323
0.0
0.0
0.2853
0.0
0.0
0.0
0.0
0.0
0.0
0.0
0.3189
0.07772
0.0
0.0
0.0
4.689
3.283
1.122
0.0
0.0
2.014
0.0
0.852
0.0
0.0
0.0
1.533
6.282
0.7341
0.0
0.06884
0.0
0.0
0.8858
0.0
0.0
0.0
0.2175
1.05
0.0
0.0
0.2849
2.111
0.0
0.0
0.0
6.045
0.0
1.214
0.0
2.385
0.0
0.7046
0.0
0.3936
0.6532
0.0
0.0
0.0
0.3564
0.6788
0.0
0.0
0.1803
0.0
0.0
0.0
3.311
0.0
0.446
0.0
0.7781
0.0
0.0
0.8743
0.4606
0.0
0.3041
3.197
0.05817
0.0
0.0
0.0
0.0
0.6352
0.3621
0.0
0.0
0.0
0.0
2.078
0.0
1.078
0.8758
0.0
2.341
