4.441
0.0
0.0
0.0
0.1731
0.9986
0.0
0.0
0.0
0.0
3.012
1.532
0.0
0.0
0.0
0.0
0.0
1.439
0.0
0.0
0.0
0.3293
1.031
2.255
2.695
3.03
8.445
0.0
2.348
0.0
1.328
0.9594
0.2259
0.0
0.3111
2.487
0.009005
0.0
0.0
0.0
0.0
0.0
1.571
0.76
0.0
2.366
0.09531
1.163
5.198
0.0
0.5364
0.0
0.004061
0.0
0.0
0.0
0.0
1.826
0.257
1.14
0.05485
0.0
0.0
0.0
0.0
0.0
0.0
1.136
0.4968
0.0
0.0
0.0
0.0
1.186
0.0
0.5866
1.087
0.6054
1.646
0.0
0.1803
0.7329
0.0
0.0
0.5948
0.0
2.044
0.0
1.473
0.4756
0.0
0.0
0.0
0.0
0.0
0.0
0.0
0.0
0.1583
0.0
0.0
1.597
1.146
0.0
2.495
0.0
0.0
0.0
1.383
0.0
0.0
0.0
0.0
0.0
0.02794
2.534
0.7347
0.0
0.0
0.0
0.3206
0.0
1.713
0.3742
0.07239
0.0
0.1242
1.218
0.1199
0.0
0.0
0.0
0.0
0.08057
0.3607
0.1926
0.0
0.1525
0.0
0.0
0.0
0.7751
0.0
0.0
0.7833
0.6557
4.269
2.496
0.0
0.0
0.06115
0.3845
1.38
0.0
0.0
0.0
0.0
0.04656
0.0
0.0
0.07284
0.0
0.0
1.258
0.0
0.0
9.229
0.9238
0.4121
0.0
0.7383
0.0
1.018
0.0
0.0
0.0
0.0
0.7321
0.003716
0.5746
0.05635
0.0
1.206
0.7215
0.0
0.0
0.1933
3.346
0.0
0.5841
0.0
1.257
0.643
0.0
0.0
3.681
1.32
0.3384
0.0
0.0
0.0
0.0
0.0
0.8303
0.02018
0.0
0.0
0.01133
0.0
0.1611
0.2139
0.0
0.0
0.5779
0.7308
0.0
0.0
0.0
0.6025
0.0
0.0
0.3398
0.0
0.0
1.187
0.0
1.527
0.243
0.0
0.1574
0.0
0.0
0.0
0.02542
0.0
0.0
0.0
0.3822
0.0
0.5874
0.0
7.629
0.0
0.0
0.6206
0.0
1.153
0.4721
0.1736
0.0
0.0
0.0
2.813
0.5804
0.2051
1.585
0.0
0.0
0.0
0.0
0.0
0.0
0.0
1.077
0.0
0.0
0.0
1.329
0.7903
0.0
0.0
0.0
0.9188
1.769
1.609
8.758
1.037
0.0
0.0
0.0
0.0
0.0
0.0
0.0
1.621
0.0
0.0
0.0
0.0
0.0
2.975
0.0
2.694
0.5267
0.2907
2.692
0.0
0.0
3.477
0.0
1.13
0.921
0.0
0.0
1.912
0.0
1.062
0.0
0.6364
0.0
0.0
0.231
0.0
0.0
0.0
0.1453
0.04003
1.437
0.0
0.628
0.0
0.0
0.4194
0.0
0.0
0.0
1.261
0.0
0.0
0.0
0.0
0.0
0.0
0.1754
1.209
0.0
0.2718
0.0
0.0
2.574
0.0
0.0
0.6319
0.0
0.9238
0.0
0.0
0.0
0.1825
1.767
0.0
12.1
0.1544
1.091
0.0
0.7584
0.44
0.03682
0.0
0.0
0.166
2.018
0.0
0.0
0.0
0.0
0.0
1.227
0.0
0.156
0.0
0.0
0.0
0.0
0.0
0.6887
0.0
0.742
0.0
0.0
1.763
0.0
0.8506
0.0
0.0
0.0
0.3267
0.0
0.2517
0.0
0.0
0.0
0.01342
1.262
0.0
1.65
0.0
1.647
0.05904
0.0
0.4599
1.572
0.0
1.43
0.0374
0.0
0.0
0.0
0.7998
0.0
0.0
0.1454
0.4839
0.0
0.0
0.9282
0.0
0.3993
0.3628
0.0
0.3243
0.0
0.0
0.0
0.0
0.0
0.0
0.0
0.0
2.447
0.0
0.0
0.0
0.0
1.724
0.0
0.8716
0.0
0.0
0.0
0.0
0.0
0.1998
0.0
0.008057
0.0
2.628
0.08104
3.412
0.0
2.121
0.1806
0.04882
2.438
0.0
0.0
0.0
0.0
0.0
0.0
1.308
0.00609
0.6323
0.6474
0.0
0.0
0.0
0.0
0.0
0.5248
0.0
0.1912
0.4507
1.288
0.0
0.0
1.451
1.309
0.0
0.3068
0.0
1.226
0.08884
0.2478
0.0
0.0
0.0
0.41
0.2525
0.09477
0.0
0.0
0.0
0.0
1.065
2.883
6.511
0.0
2.171
0.7502
