1.639
0.0
0.04452
0.0
3.008
0.0
0.0
0.0
4.567
0.0
0.0
0.0
0.0
1.323
0.0
0.0
0.0
0.0
1.392
0.0
0.0
0.0
0.0
0.0
0.009984
3.563
0.0
0.0
0.0
0.0
0.0
0.0
0.0
6.882
2.049
0.0
1.621
0.0
0.0
9.442
0.4271
0.0
0.1542
0.0
0.0
0.0
0.0
0.0
8.696
5.002
1.142
0.0
0.0
10.5
0.0
0.0
3.535
1.554
0.0
0.03757
0.0
0.0
0.0
0.0
0.0
0.0
0.0
0.0
0.0
8.635
0.0
0.0
0.0
0.0
0.1387
1.868
3.846
0.0
0.0
0.8168
0.0
0.0
2.0
8.273
0.0
0.0
1.32
6.85
0.0
0.0
0.4398
0.0
0.0
1.816
2.136
0.196
0.0
0.0
0.0
12.09
7.249
0.0
0.0
0.0
0.0
0.0
0.0
7.509
12.18
0.0
1.557
3.343
0.0
3.547
0.0
0.0
3.616
0.0
0.0
0.7706
0.0
11.63
0.8276
0.0
0.0
0.0
0.0
0.3171
0.0
0.0
0.0
2.206
0.0
4.088
0.0
0.0
0.0
0.0
1.84
4.075
0.0
0.0
2.221
0.8908
0.0
0.0
2.862
0.0
0.0
0.0
0.0
0.0
2.37
2.559
0.0
5.859
5.273
0.0
0.0
0.0
0.0
0.0
0.0
4.835
0.0
0.0
0.0
0.5882
3.887
0.0
0.2071
1.763
0.0
0.0
0.0
10.96
1.562
0.0
0.0
0.2274
0.0
0.0
1.782
0.0
0.0
0.0
0.0
0.0
0.0
0.0
0.0
0.0
0.0
0.0
3.257
0.0
0.0
0.0
0.3065
0.0
5.617
0.0
1.425
0.0
0.0
3.889
0.0
0.0
0.0
0.0
0.0
0.0
0.0
0.0
0.0
2.564
0.0
0.0
0.0
0.0
1.481
0.0
0.0
1.649
0.0
1.858
0.0
0.0
0.0
0.0
5.169
5.165
0.0
0.0
0.0
0.0
0.0
1.453
12.81
0.0
0.0
0.0
0.0
0.0
0.0
0.0
0.0
0.0
0.0
0.0
0.0
0.0
0.0
0.0
0.0
0.0
0.0
0.0
0.0
0.0
0.0
0.0
0.0
0.7384
1.51
0.2035
10.14
0.0
0.0
0.0
0.0
0.0
0.0
0.0
0.0
0.373
0.0
3.227
0.0
0.0
0.0
0.0
2.802
0.0
0.0
0.0
0.0
0.0
1.303
0.0
0.0
0.0
0.0
0.0
0.0
0.0
0.0
0.9995
0.0
2.844
0.0
0.0
0.0
0.0
13.58
3.094
0.0
0.0
0.0
0.0
0.0
0.0
3.314
0.0
0.0
0.0
0.0
0.0
0.0
0.0
0.0
0.0
0.0
0.0
0.0
7.044
5.259
0.0
0.0
0.0
0.0
2.377
3.527
0.0
5.063
3.219
0.1372
0.0
0.0
0.0
0.0
0.0
0.0
0.0
0.0
16.42
5.957
1.389
1.599
3.025
6.401
1.46
0.0
0.0
0.0
0.6336
9.657
0.0
0.0
0.0
0.0
0.0
0.0
2.136
0.0
0.0
0.3738
0.0
0.0
0.0
0.0
0.0
0.46
0.0
0.0
0.0
0.0
6.277
0.0
0.0
0.0
0.0
0.0
0.0
0.0
0.0
9.573
1.28
6.004
0.0
0.0
0.0
0.0
0.0
0.0
5.578
0.0
1.984
0.0
0.0
0.0
0.0
0.0
0.0
0.1539
6.712
0.0
6.841
0.0
0.0
0.0
0.7915
0.0
0.0
0.0
1.804
0.0
1.202
0.0
0.7731
0.0
0.0
0.0
0.0
1.523
0.0
3.949
0.0
0.0
0.0
2.401
0.0
0.0
0.0
0.0
0.0
0.0
0.0
0.0
5.808
0.0
0.2834
0.6559
0.0
0.0
0.0
0.0
0.0
6.056
0.0
0.0
9.584
0.0
0.0
9.526
0.0
0.0
0.0
0.0
0.0
4.349
5.984
0.0
0.0
0.0
0.0
5.488
0.0
0.0
4.25
0.0
3.851
0.0
0.0
0.0
0.0
0.0
5.478
0.0
0.0
0.0
0.0
0.0
0.0
0.0
0.0
0.0
0.0
0.0
0.0
0.0
0.0
0.0
0.0
0.0
1.266
0.4331
5.599
0.0
0.0
