0.0
0.0
0.0
0.0
8.339
0.0
0.0
0.0
0.0
0.0
0.0
0.0
0.0
0.0
0.0
0.0
0.0
0.0
0.0
0.0
0.0
0.0
0.0
0.0
0.0
0.0
0.0
0.0
19.88
0.0
0.0
0.0
0.0
0.0
0.0
0.0
0.0
0.0
0.0
0.0
0.0
0.0
0.0
0.0
0.0
0.0
3.219
0.0
0.0
0.0
0.0
0.0
0.0
0.0
28.95
28.43
0.0
0.0
7.691
0.0
0.0
0.0
0.0
0.0
0.0
0.0
0.0
0.0
0.0
0.0
0.0
0.0
0.0
0.0
0.0
0.0
0.0
0.0
0.0
0.0
0.0
0.0
0.0
0.0
0.0
0.0
0.0
0.0
0.0
5.545
0.0
0.0
0.0
0.0
0.0
0.0
0.0
0.0
0.0
0.0
0.0
0.0
0.0
0.0
0.0
0.0
0.0
0.0
0.0
0.0
0.0
0.0
0.0
0.0
0.0
0.0
0.0
0.0
0.0
0.0
0.0
0.0
0.0
0.0
0.0
0.0
9.812
0.0
0.0
0.0
0.0
0.0
0.0
10.49
0.0
0.0
0.0
0.0
0.0
0.0
0.0
0.0
0.0
0.0
0.0
1.41
0.0
0.0
0.0
0.0
0.0
0.0
0.0
0.0
0.0
0.0
0.0
6.449
0.0
0.0
0.0
0.0
0.0
0.0
0.0
0.0
35.92
0.0
11.5
0.0
0.0
0.0
0.0
0.0
0.0
0.0
0.0
0.0
6.291
0.0
0.7853
0.0
0.0
0.0
0.0
0.0
0.0
0.0
0.0
0.0
0.0
29.45
0.0
0.0
0.0
0.0
0.0
0.0
0.0
0.0
0.0
0.0
0.0
0.0
0.0
0.0
0.0
0.0
0.0
0.0
18.09
0.0
0.0
0.0
0.0
0.0
0.0
0.0
0.0
0.0
0.0
0.0
4.016
0.0
0.0
0.0
0.0
0.0
0.0
0.0
0.0
0.0
0.0
3.014
0.0
0.0
0.0
0.0
0.0
0.0
0.0
0.0
0.0
0.0
0.0
0.0
0.0
12.8
0.0
23.14
0.0
0.0
0.0
0.0
0.0
0.0
0.0
0.0
0.0
0.0
1.88
0.0
0.0
0.0
1.971
0.0
0.0
0.0
15.53
0.0
0.0
0.0
0.0
0.0
0.0
0.0
0.0
0.0
0.0
14.37
0.0
0.0
30.38
0.0
0.0
0.0
0.0
0.0
0.0
0.0
0.0
0.0
13.69
0.0
0.0
0.0
0.0
0.0
0.0
0.0
0.0
0.0
0.0
0.0
0.0
0.0
0.0
0.0
0.0
0.0
0.0
0.0
0.0
0.0
26.78
0.0
0.0
0.0
0.0
0.0
0.0
0.0
0.0
0.0
0.0
0.0
0.0
0.0
0.0
0.0
0.0
0.0
0.0
0.0
2.466
0.0
0.0
0.0
0.0
0.0
1.115
0.0
0.0
0.0
0.0
13.64
0.0
0.0
0.0
0.0
0.0
0.0
4.695
0.0
0.0
0.0
0.0
0.0
3.806
0.0
0.0
0.0
0.0
0.0
0.0
0.0
21.27
0.0
0.0
0.0
0.0
0.9606
0.0
0.0
0.0
0.0
0.0
0.0
0.0
5.701
0.0
0.0
0.0
0.0
11.82
0.0
0.0
0.0
12.28
14.02
0.0
0.0
18.06
0.0
0.0
0.0
7.324
6.187
0.0
0.0
0.0
0.0
0.0
0.0
0.0
0.0
0.0
0.0
0.0
0.0
0.0
0.0
0.0
0.0
0.0
0.0
2.079
0.0
0.0
6.794
0.0
0.0
14.6
3.952
0.0
0.0
0.0
0.0
0.0
1.634
0.0
0.0
0.0
0.0
0.0
0.0
0.0
0.0
0.0
0.0
0.0
23.47
0.0
0.0
0.0
0.0
0.0
0.0
20.11
0.0
0.0
0.0
0.0
0.0
0.0
0.0
0.0
0.0
0.0
0.0
0.0
0.0
0.0
0.0
0.0
0.0
0.0
0.5608
0.0
0.0
0.0
0.0
0.0
0.0
0.0
0.0
0.0
15.43
0.0
0.0
0.0
0.0
0.0
0.0
0.0
0.0
0.0
0.0
0.0
0.0
0.0
0.0
0.0
0.0
0.0
0.0
0.0
0.0
0.0
17.9
