0.0
0.0
0.6869
0.05731
0.0
0.0
0.0
1.481
0.2189
0.0
0.2782
0.0
0.8558
0.7017
2.271
0.0
1.366
0.0
0.0
0.0
0.1522
0.0
0.6805
0.0
0.0
0.0
0.4139
1.517
0.4032
0.0
0.3628
0.1407
0.395
3.334
1.058
1.295
1.04
0.0
0.1553
0.0
1.314
0.2229
0.0
0.0
0.0
0.3911
0.0
0.0
0.5041
0.0
0.01338
0.0
0.8592
0.4849
0.5811
3.743
0.0
2.112
0.0
0.6599
0.0
1.866
0.293
0.2955
0.4114
0.0
0.0
0.0
3.507
1.841
1.68
0.0
0.0
1.581
0.0
0.0613
1.667
0.4822
0.0
0.2481
0.0
1.391
0.0
0.1268
0.0
0.664
0.7427
0.1775
1.021
0.6147
0.04374
0.319
0.6072
0.0
0.0
0.0
1.167
0.0
0.3181
0.0
0.0
2.715
0.0721
0.0
0.0
0.0
1.731
0.0
0.5714
0.0
0.0
0.1253
0.7707
0.0
0.0
0.0
0.0
0.0
0.0
0.0
0.0
6.62
0.7597
0.9287
0.0
0.0
0.2157
0.0
0.365
1.303
0.0
0.0
0.0
0.0
0.03481
0.0
1.188
0.158
0.0
0.0
0.0
0.0
0.0
0.1679
1.248
1.226
0.09787
0.1544
0.0
2.452
0.0
0.0425
0.8172
0.0
1.735
0.0
0.9183
0.0
1.524
2.183
0.0
0.1386
0.0
0.6375
0.4453
2.267
0.0
0.0
0.08373
0.0
0.2103
9.246
0.69
0.0
0.0
1.543
1.428
0.0
6.902
3.209
1.362
4.023
0.1891
0.0
0.0
0.186
1.932
0.0
0.0
1.462
2.244
0.1808
0.0
0.0
9.082
0.0
0.5559
8.208
0.06737
0.2
0.0
0.06721
0.0
0.5868
0.4331
0.0
0.0
0.8354
0.1205
0.2862
0.0
3.6
0.0
0.1384
0.454
0.0
2.286
0.4847
0.1888
0.3116
0.0
0.4768
0.0
0.08539
0.3904
0.4765
0.8486
0.0
3.174
0.441
1.217
0.06626
0.0
0.0
0.0
1.64
0.0
0.0
0.0
0.5702
0.7918
0.0
0.0
0.0
4.529
0.03937
0.0
0.0
0.8068
0.00692
0.0
0.8426
0.3923
0.0
0.0
3.019
0.0
0.4806
0.0
0.0
0.0
0.0
0.0
0.0
1.962
0.9106
1.436
0.0
4.993
0.2461
0.06887
0.0
3.242
0.1622
2.056
0.0
0.3402
0.0
0.0
0.1413
0.03313
0.0
0.03865
0.0
0.0
0.8043
0.0
0.01616
0.3046
0.6303
0.0
0.0
0.0
0.0
1.307
0.0
0.6449
0.05365
0.0
0.6165
0.0
0.0
0.2026
0.7528
0.0
0.1233
0.7212
1.478
0.0
0.1596
0.0
0.0
0.0
0.9105
2.252
0.0
2.573
0.0
0.0
1.786
0.0
0.02808
0.0
0.0
1.698
0.0
0.0
0.2347
2.143
0.0
0.0
0.0
0.0
2.152
1.207
0.0
0.0
1.12
0.0
0.0
0.03325
0.0
0.5935
0.0
1.273
0.0
1.166
0.07485
0.0
0.0
0.4792
2.377
0.0
7.136
0.01489
0.0
0.1047
0.2811
0.0
0.0
0.0
0.1259
0.0
0.0
0.0
0.0
0.0
0.0
0.0
0.2021
0.0
0.2774
0.0
0.3121
0.0
0.0
0.2696
0.0
0.0
0.0
0.5408
2.096
0.07617
1.471
0.0
0.6111
0.0
0.7936
2.402
0.0
0.9271
0.3214
0.0
0.0
0.0
0.0
0.6898
0.7219
0.0
0.1032
0.4785
0.0
9.497
1.017
0.0
0.0
0.4679
0.0
0.0
0.0
0.8929
0.0
0.0
0.0
0.4899
2.172
0.0
0.0
0.0
1.791
0.02258
3.153
0.09442
0.0
1.214
0.0
0.0
0.4316
0.0
3.057
0.8123
0.0
0.0
1.133
0.8081
0.0
0.0
5.914
0.0
0.0
0.4542
1.426
0.09404
0.0
0.1552
0.7761
0.08581
0.0
0.305
0.2368
0.0
0.52
0.0
0.0
0.0
0.0
0.0
0.285
0.0
0.7811
5.019
0.0
1.537
0.315
0.1216
0.5591
2.161
1.379
0.0
0.4923
0.0
0.03901
0.0
0.0
0.137
0.0
0.0
0.0
0.0
0.6802
0.4418
1.373
0.0
0.1321
0.4435
0.4962
10.97
0.0
0.0
0.0
0.0
0.0
0.0
0.3675
0.0
0.1963
0.1095
0.0
0.0
0.0
