0.0
0.0
3.554
0.0
0.0
0.0
1.943
0.0
0.0
0.0
4.972
0.0
0.0
0.1471
0.0
0.0
3.517
0.05096
0.0
1.048
0.0
6.025
0.8764
0.0
0.0
0.0
5.111
0.0
1.222
0.0
0.0
1.064
0.0
2.765
0.0
0.0
0.0
0.0
4.961
0.0
0.0
0.0
0.0
6.763
8.691
0.0
0.0
0.1548
0.0
0.0
0.06081
2.554
0.0
0.0
0.0
0.385
0.0
0.0
0.0
2.114
0.0
0.0
0.0
0.1168
0.0
1.486
0.0
4.825
1.011
1.206
0.0
0.0
2.935
0.0
0.0
0.0
0.0
0.0
0.0
0.0
0.0
0.0
0.0
0.0
9.411
0.0
1.493
0.0
0.0
0.0
0.0
0.0
0.0
0.0
3.184
0.0
3.873
0.0
1.572
0.0
5.992
0.9775
1.01
0.0
0.7047
0.0
0.0
0.04295
7.724
2.642
0.6521
0.0
0.0
0.0
0.0
0.0
0.0
0.0
0.0
0.0
0.0
0.0
23.68
0.0
0.0
0.0
0.0
0.0
0.58
0.0
3.763
0.6989
0.0
0.0
2.197
0.0
4.969
0.0
4.061
0.0
0.0
0.0
0.0
0.0
0.0
0.0
0.6117
1.157
0.0
0.0
0.0
0.0
0.0
3.041
0.0
0.0
0.0
0.0
0.2896
0.0
0.0
4.761
4.532
0.0
0.0
5.169
0.7157
0.0
0.0
5.35
0.0
0.0
1.669
0.0
0.0
0.0
5.574
0.4709
3.048
0.0
8.801
0.0
2.481
3.867
7.253
0.0
1.619
0.0
0.0
0.0
0.0
0.0
0.0
0.0
0.0
0.7288
0.0
0.0
0.0
0.0
0.2491
0.0
0.0
0.6367
0.0
0.0
0.0
0.0
0.0
0.0
1.189
0.0
0.0
1.991
0.345
0.0
9.041
0.0
2.105
0.0
0.0
0.8973
0.0
0.0
0.1535
0.0
0.0
7.954
0.0
0.0
0.0
5.247
0.0
0.3558
0.0
0.0
0.0
0.0
0.0
0.0
1.854
0.0
1.182
0.0
0.00859
1.318
0.0
0.0
0.3222
0.0
0.0
0.7197
0.0
0.0
0.0
0.0
0.0
0.0
14.87
3.129
0.0
0.0
0.0
3.348
0.0
0.0
0.0
5.446
0.6677
0.0
0.0
0.0
0.0
9.351
0.0
0.0
0.0
0.0
0.0
0.08011
0.0
0.0
0.0
2.204
0.0
0.0
0.0
0.0
0.0
0.0
0.0
0.0
1.645
0.0
0.0
0.0
0.0
0.0
0.0
2.485
9.662
0.232
0.0
0.7666
0.0
1.383
0.0
0.0
0.0
5.053
0.795
0.0
0.5777
0.0
2.387
6.277
0.0
0.9732
0.0
0.0
4.41
0.0
0.0
2.556
0.0
0.0
2.056
0.0
0.885
0.0
0.9903
5.867
0.0
0.0
0.0
0.0
0.0
0.8272
0.0
2.389
3.733
2.389
0.0
0.0
0.0
0.0
0.718
0.5445
0.4558
0.0
0.0
0.0
0.0
0.0
0.0
4.029
0.0
1.814
0.0
0.0
0.8455
0.0
0.0
0.0
0.0
0.0
0.0
0.0
0.0
0.0
5.696
0.7607
0.0
0.7078
0.0
0.0
0.0
0.0
0.0
1.61
1.975
0.6174
0.0
0.0
7.976
6.485
0.0
0.0
0.0
3.419
0.0
0.0
0.0
6.82
2.762
0.0
9.225
1.672
1.257
0.2778
0.0
0.0
0.0
0.403
0.2834
0.0
3.469
1.677
0.0
0.0
4.219
0.0
0.0
0.0
0.0
0.0
0.0
0.0
0.0
1.686
0.0
2.101
0.0
0.0
2.474
0.0
2.721
0.0
2.569
0.0
0.0
2.599
0.0
2.118
0.0
0.0
0.0
0.0
0.2364
0.0
0.0
0.0
0.0
0.0
0.0
8.746
0.0
0.0
0.0
0.0
0.0
0.0
0.0
2.249
0.949
0.0
0.0
0.0
1.641
3.86
0.0
0.0
0.0
0.0
0.0
5.536
0.0
0.0
0.0
0.9319
0.0
0.0
0.04318
1.201
0.0
0.0
0.0
0.07944
0.0
0.0
0.0
0.9664
0.0
0.0
2.653
0.0
0.0
0.0
0.0
0.0
0.0
0.0
0.0
2.023
0.0
0.0
0.0
3.097
0.0
0.0
