0.0
6.426
0.0
0.01344
0.0
1.581
0.0
0.0
0.0
0.0
0.295
0.0
0.0
0.6834
0.0
0.0
0.0
0.0
0.0
0.0
0.0
0.3847
0.6538
0.8836
1.385
0.0
0.0
0.0
5.969
3.136
1.256
1.413
0.0
2.794
0.0
0.0
0.0
1.995
1.701
0.0
2.983
0.0
0.0
0.0
0.0
0.0
0.0
0.2959
0.0
1.763
0.0
0.0
0.3136
4.251
0.5856
0.7251
0.0
1.856
1.654
0.0
0.6908
0.355
0.4322
0.0
0.0
0.0
0.0
0.0
0.2449
0.0
0.0
2.118
0.0
0.0
0.0
4.326
1.358
1.024
15.29
2.384
0.0
0.0
0.0
4.457
1.077
0.0
0.0
0.3181
1.831
6.03
1.262
0.0
0.02695
0.4659
0.0
0.0
0.0
2.643
0.0
0.0
0.5363
0.0
0.0
0.0
0.0
0.5285
0.0
0.04224
4.652
1.343
0.03804
0.04252
1.883
0.9304
0.0
0.0434
0.0
0.0
0.0
0.0
0.0
0.0
1.387
0.0
0.0
0.0
1.248
0.5107
0.0
1.044
0.0
0.0
0.0
0.2829
0.0
0.3441
1.162
4.984
0.0
0.0
0.0
0.0
0.06644
0.0
0.4376
3.353
0.0
0.2636
0.0
0.05364
0.0
0.09929
0.0
0.0
0.8831
0.3214
1.252
2.354
0.0
0.0
2.892
1.319
0.0
3.85
1.774
4.825
0.1477
1.242
4.563
0.1065
1.058
1.589
0.5005
0.6984
1.442
0.0
0.0
0.5777
0.0
0.1138
0.0
0.01866
0.0
0.0
0.0
0.0
0.0327
0.0
2.546
0.0
0.0
0.0
0.5029
0.0
1.131
0.4097
0.08666
0.2638
3.004
1.547
0.0
0.0
1.509
0.0
0.0
0.0
0.0
0.2676
0.0995
0.0
0.0
0.9326
4.904
0.0
2.341
1.78
4.317
0.9697
4.351
0.0
0.3814
0.0
0.6101
1.227
0.0
4.688
0.0
4.088
0.0
1.545
1.535
0.3015
0.7626
1.071
0.0
0.0
1.407
3.792
0.2687
0.0
0.09887
0.8221
0.0
0.0
0.0
0.3974
0.2507
0.0
0.0
0.5763
0.0
0.0
2.729
0.0
0.9883
5.958
0.0
0.9627
12.42
0.2019
0.5987
5.566
0.0
0.0
0.7359
0.0
0.2191
0.0
0.0
0.0
0.0
0.4562
0.0
2.696
0.0
0.4074
0.0
1.498
1.354
0.0
0.0
0.0
2.153
0.0
0.0
0.0
0.0
1.383
0.0
1.05
2.695
1.069
0.0
0.0
2.277
2.103
0.0
0.0
0.0
0.0
0.0
0.0
1.32
0.0
0.0
1.356
0.0
0.0
0.009742
0.0
0.0
0.5556
0.0
0.0
0.1034
0.6588
0.0
0.0
0.0
0.03292
0.0
2.142
0.06004
0.0
0.0
0.05734
0.292
0.0
0.0
1.594
0.04207
0.0
0.6879
0.3718
1.796
0.6501
0.0
1.698
0.04657
0.0
0.0
0.4181
2.309
1.957
0.0
0.0
0.07888
0.0
1.294
0.0
0.0
3.269
0.0
0.0
2.371
0.3679
0.8703
0.0
0.4576
0.5463
0.0
0.0
0.6815
0.5289
0.0
0.0
0.8627
0.0
0.0
0.04365
0.2306
0.3296
0.0
0.0
2.256
2.839
0.0
0.42
0.0
0.0
3.812
0.0
0.0
0.0
0.0
0.0
0.0
1.381
0.9994
0.0
0.0
0.0
0.0
0.0
6.495
0.0
3.319
0.0
0.4139
0.0
0.0
0.0
0.4034
0.0
0.2509
1.315
0.3808
1.275
1.439
0.0
3.907
0.0
0.993
0.0
0.7786
4.049
3.673
0.0
4.005
0.0
0.7057
0.539
0.0
0.0
0.0
0.0
0.0
0.0
0.0
0.0
0.8744
0.06825
0.0
0.0
0.0
0.0
0.0
1.538
0.1343
0.0
0.527
0.03299
0.8873
1.176
0.1805
0.0
0.0
0.0
0.0
0.0
0.0
0.5978
0.0
0.0
2.183
0.0
0.2985
0.0
0.3677
2.392
0.6967
0.0
0.0
1.253
2.181
4.187
0.0
1.491
0.0
0.0
0.5112
0.2153
0.04626
0.0
0.0
0.0
0.3493
0.0
0.0
1.525
0.6054
0.0
0.6641
0.0
0.07246
0.0
0.0
0.0
0.0
0.572
8.028
0.0
0.0
0.0
0.0
0.0
0.004556
0.3877
0.0
0.0
0.000
0.000
