0.0
0.3333
0.0
0.0
0.4279
0.3033
0.0
0.237
0.8328
0.0
0.0
0.2611
0.0
0.0
0.0
0.0
0.313
0.0
0.0
0.5367
0.0
0.1996
0.0
0.0
0.651
0.0
0.2567
0.0
0.0
0.8985
0.3314
0.7324
0.1675
0.6813
0.2886
0.0
0.01761
0.5382
0.587
1.777
0.181
0.1395
1.103
0.0
0.0
0.0
0.0
0.6832
0.0
0.164
0.4555
0.1751
0.0
2.563
0.0
0.7889
1.507
1.662
0.2972
0.0
0.2257
3.198
0.0
0.3012
1.755
0.213
0.3487
0.6379
0.8889
1.021
0.4561
0.0
0.0
0.3877
0.2013
0.0
0.0
0.0
0.08219
0.0
0.0
0.1392
0.0
0.0
0.0
0.003147
0.0
0.16
0.2652
0.0
0.0
1.406
1.139
0.1841
0.0
6.182
0.04927
0.5416
0.9497
0.0
0.0
0.0
0.0
0.5473
0.0
0.0
0.0
0.0
0.0
0.7853
0.5321
0.0
0.0
0.0
0.106
0.0
0.0
0.0
0.0
1.254
1.034
0.0
0.03141
1.011
0.0
0.0
0.0
0.0
0.2406
0.0
0.3178
0.0
0.0
1.005
0.0
0.4573
0.0
0.0
0.0
0.5757
2.521
0.0
0.9482
0.0
0.1917
0.7683
7.548
0.0
0.0
0.02119
2.839
0.0
0.0
0.0
0.0
0.0
0.0
0.0
0.518
2.017
0.9581
0.9518
10.15
0.0
0.4027
3.067
3.223
0.8129
0.07011
0.3229
0.1306
0.0
0.0
0.2853
0.166
0.4928
0.4637
0.0
0.0
0.01685
0.08891
0.5392
0.0
0.1814
0.0
0.0
0.1356
0.4632
0.271
0.0
0.0
0.07031
0.0
0.0
0.0
0.0
0.0
0.02768
0.0
0.0
0.7697
0.0
0.0
0.0
0.04694
0.0
0.0
0.00448
0.0
1.019
0.0
1.275
0.0
0.0
0.0
0.2135
0.0
0.0
0.0
1.114
0.0
0.0
0.0
0.0
0.0
0.0
0.2136
0.0
0.01881
0.0
0.0
0.0
0.0
0.0
0.3949
0.0
0.2822
0.0
0.116
0.0
0.3783
0.9544
0.0
5.412
0.0
0.0
0.0
1.94
0.1643
0.00571
1.191
0.8353
0.08026
0.1528
0.0
0.1856
0.2431
1.493
1.073
0.0
0.002256
0.0
0.4327
0.0
0.0
1.221
0.9099
0.5843
2.051
0.0
0.0563
0.04638
0.3119
0.0
0.3302
0.0
0.0103
0.0
0.4791
0.0
0.0
0.4865
0.0
0.0
0.3075
0.1285
1.189
0.4471
0.0
0.254
0.0
0.0
0.0
0.3734
0.0
0.0
0.3913
0.7654
0.2282
0.7191
0.0
0.0
0.0
0.7878
0.0
7.677
0.5791
1.903
0.0
0.0
0.0
0.0
1.391
2.46
0.0
3.12
0.06684
0.0
0.0
0.224
0.0
0.1566
0.0
0.006149
0.3275
0.1968
0.0
0.2441
0.4292
0.2941
0.7689
1.317
1.654
0.0
0.471
1.12
0.6988
0.9347
0.5737
0.0
2.844
0.0
0.0
3.208
0.2372
0.0
0.0
0.0
0.0
0.0
1.291
0.1466
0.0
0.0
10.88
0.2085
0.1728
3.21
0.0
0.4773
0.3802
3.785
0.0
1.016
0.1738
0.0
0.0
0.0
0.0
0.0
0.0
0.0
0.0
0.0
3.657
1.003
0.0
3.712
0.3294
0.0
1.47
0.0
0.2056
0.0
0.0
0.4738
0.0
0.2604
0.0
0.0
0.202
0.2721
0.0
0.4314
0.0
0.04204
1.101
0.05043
0.02319
1.964
0.0
0.1585
0.0
0.4878
0.05087
2.204
0.0
0.2628
2.842
0.0
0.4977
1.492
0.3106
0.2832
1.511
0.0
0.6764
0.0
1.42
0.0
0.9222
0.0
0.02142
0.0
0.0
0.9031
0.0
1.009
0.0
0.02471
0.7622
0.0
10.29
1.688
0.0
2.142
0.5088
0.0
0.0
1.41
0.4437
0.0
0.7275
0.1175
0.2492
0.0
0.02403
0.0
0.0
0.1913
0.9678
0.0
0.166
0.0
0.0
0.0
0.0
0.0
0.0
0.07428
0.0
0.6144
0.8254
0.0
0.0
0.0
0.1905
0.1583
0.0
0.3217
0.8868
0.0
0.3767
0.1738
0.0
2.628
0.1088
0.04046
0.3676
0.1368
0.2991
0.7741
0.0
0.0
0.0
0.3865
0.0
0.0
0.7017
0.1666
0.0
3.905
0.7799
0.7036
0.0
0.0
0.1152
0.0
0.0
0.0
0.000
0.000
