0.3795
1.572
0.0
1.337
0.0
0.0
0.0
0.4259
0.0
0.5915
0.07664
0.0
0.0
0.0
0.6496
2.756
0.0
0.0
2.342
0.5035
0.0
0.05917
0.0
0.0
0.5902
0.8305
0.4148
0.5069
0.0
0.3117
0.0
1.003
0.9024
0.0
0.0
0.0
0.0
0.09203
0.1932
0.0
0.0
0.8678
0.1435
0.0
0.0
3.718
0.1147
0.4788
0.0
0.0
0.6835
0.06643
0.7708
0.0
0.1591
0.6041
0.0
0.0
0.05236
0.0
0.8558
0.1551
0.0
0.8492
0.0
0.7923
0.1092
0.3412
0.2199
2.106
0.2248
0.0
0.0
4.537
0.0
0.0
0.0
0.3104
0.4105
0.0
0.0
0.4311
0.8259
0.0
0.4395
0.5548
0.0
0.0
0.0
0.2597
0.9696
1.285
0.0
0.0
0.7789
0.0
0.06898
0.4183
0.2032
0.0
0.2652
0.0
0.73
0.0
0.0
1.621
2.324
0.0
2.325
0.0
0.8206
0.3083
0.04725
0.3128
0.02612
0.0
1.747
0.3961
0.0
0.0
0.0
0.0
0.5339
0.0
1.35
0.0
0.0
0.0
1.345
1.719
0.6988
0.0
0.0
0.4707
0.0
0.4754
0.2067
0.0
0.4993
0.0
0.443
0.876
0.1019
0.0
0.7881
0.0
0.2349
0.0
1.469
0.0
0.0
1.427
0.01974
0.7641
0.0
0.0
0.0
0.6647
0.0
0.0
0.281
0.0
0.01051
0.0
0.1876
0.0
0.8099
0.4967
0.0
0.04422
0.07166
0.0
0.0
0.0
0.6203
1.95
0.0
0.0
0.0
0.0
11.12
0.6488
0.2178
0.0
1.11
0.0
0.0
0.04458
0.0
0.0
0.04186
0.3017
0.3529
0.0
0.0
0.2999
0.5946
0.4077
0.1505
0.572
0.0
1.117
3.076
0.232
0.06637
0.1419
0.2271
0.0
0.2639
0.04604
0.4018
0.8555
0.6153
0.0
0.0
0.0
0.0
0.0
0.0
0.0
0.0
0.1276
0.0
0.3363
0.06051
0.0
0.0
1.121
0.0
0.0
0.0
0.6291
0.0
1.58
0.05801
0.0
0.61
0.0
0.0
0.1461
3.217
0.0
4.295
1.091
0.6657
0.2456
0.0
0.0
0.0
0.0
1.152
1.569
2.189
1.386
0.3387
0.2455
0.0
0.0
0.1397
2.381
0.5678
1.289
0.06286
0.4154
0.0
0.06622
0.3474
0.0
0.0
0.0
0.0
1.846
0.6006
0.6181
0.552
0.0
2.198
0.0
0.0
0.0
1.042
0.0
0.9399
0.0
0.0
0.2101
0.0
0.0
0.0
0.0
0.0
0.0
2.65
0.2907
0.0
0.1089
0.573
0.6857
0.08535
1.076
0.0
0.1812
0.01568
0.0
0.0
0.0
0.0
0.6172
0.0
0.0
0.4328
0.3049
0.0
1.047
0.1451
0.5598
0.676
0.1801
0.4596
0.2125
0.0
0.1423
12.25
1.669
0.0
0.9962
0.3365
0.0
2.9
3.089
0.0
0.7107
0.0
0.0
0.0
0.4494
0.0
1.547
0.0
0.01171
0.0
0.0
0.0
0.0
0.0
1.015
0.0
0.0
0.0
0.2376
0.1246
0.0
0.0
0.2751
0.1406
0.8684
4.998
0.0
0.1899
0.598
0.0
1.193
0.05364
0.0
0.1981
0.0
0.5661
0.0
0.2094
0.0
0.0
0.1823
0.3962
0.0
0.0
0.0
1.224
3.361
0.165
0.0
0.5373
0.2375
0.0
0.1008
0.1632
0.873
0.06212
0.0
0.0
3.065
0.0
0.0
0.0
0.2551
0.07557
0.2534
0.4249
0.0
0.9066
0.2637
0.4969
0.0
1.931
2.853
3.515
0.6303
0.0
0.0
0.07813
0.4053
0.00544
0.0
2.374
0.0
1.976
1.074
0.0
0.0
0.0
0.3982
0.0
0.0
0.4375
0.0
0.0
0.6646
0.0
1.038
0.7956
1.681
0.1972
2.165
1.952
1.425
0.0
0.0
0.5414
0.0
0.0
0.0
0.07456
0.0
0.0
0.0
0.4854
0.2172
0.0
1.095
1.085
0.0
0.0
0.4191
0.0
0.1665
1.263
0.002012
0.0
1.585
0.0
0.02228
0.0
1.058
0.9885
0.0
0.1976
0.04268
0.0
0.9883
1.089
0.0
0.03079
0.0
0.6645
0.07046
0.3169
0.2416
0.0
0.1609
0.0
0.0
0.07806
0.0
0.01068
0.0
0.8496
0.0
0.3733
0.0
0.1625
0.2329
1.274
0.0
0.0
0.1733
0.0
5.429
0.0
0.0
0.0
2.372
0.000
0.000
