0.0
0.0
0.0
0.0
0.2376
0.2238
0.4645
0.0
0.0
0.0
4.268
0.0
0.02214
0.0
0.0
0.7821
0.8282
0.0
0.0
0.0
0.0
0.8829
6.751
0.0
0.0
0.4156
1.269
0.0
3.881
0.0
0.0
2.47
2.082
0.0
0.0
0.2122
12.69
0.0
0.6764
1.488
0.07534
0.0
0.0
0.5651
0.3129
10.13
0.5435
0.0
0.9512
0.8661
0.2021
1.379
0.1772
1.568
0.09869
0.0
0.4809
2.926
1.859
0.0
2.21
0.0
0.0
0.1148
0.0
0.0
2.856
1.207
0.0
2.204
0.05162
0.0
0.0
0.0
0.1184
2.523
0.8818
2.964
0.4531
0.9338
0.0
0.0
0.03743
0.0
1.545
0.01398
16.48
0.0
0.0
1.074
3.528
0.0
0.2304
0.0
0.0
0.2455
0.4947
0.4994
0.0
3.823
0.0
2.627
0.02263
0.22
0.0
0.3812
0.1213
0.0
0.0
0.0
0.4431
1.032
0.7706
1.531
6.958
1.545
0.4
0.04817
0.0
0.08892
0.0
11.77
0.0
0.0
0.0
0.0
0.0
0.0
0.1016
1.6
0.3053
0.0
0.218
0.0
1.074
0.0
0.509
3.536
0.0
0.0
0.0
2.163
0.1388
0.0
0.0
0.0
0.3083
0.0
0.0
3.381
0.0
0.06552
0.0
0.0
1.89
0.0
0.9217
0.9544
0.01707
0.5938
0.0
0.0
1.072
0.04441
0.0
0.0
0.0
0.9962
0.1185
0.0
0.0
0.0
0.0
1.386
0.6701
0.0
1.021
0.8717
1.35
0.0
0.0
0.0
0.0
0.0
2.257
5.931
0.0
0.0
0.0
0.0
0.4592
0.1717
0.0
0.0
1.604
0.0
1.764
0.0
0.0
0.0
2.817
0.08942
0.07857
0.5379
0.1112
0.1593
4.209
0.0
0.0
0.0
0.0
0.6652
0.0
0.0
0.0
1.741
2.489
0.0
0.0
0.0
2.295
1.767
8.235
0.3233
0.0
1.496
3.35
0.0
0.0
0.0
0.0
0.0
0.0
0.0
0.0
0.0
0.0
2.921
0.0
1.085
0.0
2.715
1.063
1.702
0.0
0.007172
0.1423
0.0
0.0
0.3028
1.981
1.628
0.0
0.1731
0.0
2.28
1.054
1.042
0.0
0.0
0.0
0.0
0.0
0.0
0.0
0.0
0.0
2.102
4.302
0.0
0.0
0.0
0.6239
0.0
0.0
0.0
0.1059
2.797
0.0
1.58
0.0
0.0
0.0
0.0
1.566
0.0
0.0
0.4088
0.0
4.372
0.0
0.4845
0.0
0.0
1.25
0.0
0.0
0.0
0.0
0.0
0.0
0.0
4.983
0.4166
0.262
0.2518
0.0
1.557
0.0
0.0
0.0
0.004636
0.9307
0.5109
0.0
1.087
0.2085
0.0
0.0
0.0
0.0
0.1042
0.0
2.971
0.1994
0.0
0.562
0.199
0.0
0.0
0.0
3.893
0.2418
0.3733
0.07239
0.5942
0.0
0.4435
0.0
0.1632
0.6562
0.0
0.0
0.0
0.0
0.0
0.08054
0.0
0.1139
0.0
0.0
0.6872
0.0
0.0
0.0
0.0
0.0
2.841
0.0
0.3508
2.07
1.895
0.6915
2.131
0.0
2.345
0.0
0.8591
0.0
0.0
0.04855
0.0
0.485
0.0
0.7259
0.09178
0.0
0.0
0.0
0.0
0.0
0.1583
0.0
0.1069
0.0
0.0
0.0
0.05123
0.0
0.0
0.0
0.0
0.0
0.0
0.0
0.0
0.0
0.0
0.0
1.071
0.0
0.0
0.0
0.3246
4.0
0.0715
0.0
0.0
1.293
0.4048
0.0
1.055
0.0
0.0
0.0
1.82
0.0
0.0
0.0
0.297
1.276
2.398
0.7222
2.14
1.227
0.0
0.0
0.0
0.0
0.1242
0.0
0.02294
3.657
3.331
0.0
0.5085
0.0
0.0
0.0
0.6257
0.0
0.0
0.09953
1.483
0.6125
1.952
0.0
0.5033
0.0
0.5563
0.0
2.529
0.0
9.22
0.547
0.0
0.0
0.0
3.04
0.04434
2.91
0.2898
3.197
0.3098
0.3812
0.2826
0.0
0.0
3.322
0.0
3.77
0.0
0.0
0.6461
0.3981
0.656
0.0
0.0
0.0
1.088
0.0
0.0
0.07723
0.0
0.04062
0.369
0.0
0.5601
0.2793
2.067
0.0
0.2666
0.0
0.0
0.0
1.434
0.0
0.0
0.3978
0.0
0.000
0.000
