0.0
0.0
0.5356
0.0
6.896
0.0
0.0
0.0
2.055
0.0
0.1454
0.0
2.054
0.0
0.0
0.4799
2.038
0.0
0.0
0.0
0.0
0.0
0.0
1.028
0.0
0.09257
0.0
0.0
0.0
8.061
0.0
2.584
0.0
0.0
2.186
1.845
0.0
0.0
1.3
6.435
0.4663
3.281
0.0
0.0
1.252
0.0
0.0
0.0
3.026
0.858
12.44
5.447
0.0
5.36
0.0
0.0
0.0
0.6074
0.0
0.0
0.7616
0.0
4.639
0.0
0.0
0.0
0.0
0.0
0.5314
0.0
0.0
0.4121
2.271
0.0
0.0
0.0396
0.0
3.43
0.4653
0.0
0.0
0.0
13.56
1.617
0.0
0.0
0.0
0.0
2.15
0.0
0.1364
0.0
0.0
0.0
0.0
0.0
0.4584
1.827
0.0
0.0
0.0
0.0
0.0
0.0
0.0
2.521
0.7521
0.0
0.0
2.097
5.653
0.0
0.3873
2.541
1.391
0.0
3.796
0.0
4.38
0.0
0.0
2.078
0.0
0.0
0.9425
0.0
1.47
0.0
0.0
3.113
0.9635
0.0
0.0
0.0
0.07631
0.0
2.641
0.2294
0.0
2.578
0.0
7.977
0.0
0.0
0.0
0.0
12.64
0.0
0.0
1.159
0.0
0.0
1.481
1.099
0.2892
0.0
0.0
0.8825
0.0
0.0
0.0
0.2208
0.0
0.0
0.0
1.565
2.504
0.0
0.0
3.667
0.0
0.0
0.0
0.0
0.1997
0.0
9.384
0.0
1.378
2.807
0.0
0.0
0.0
0.3306
3.093
0.7214
6.506
1.894
0.0
0.0
0.0
0.642
0.0
0.0
1.994
0.0
0.1971
1.874
1.662
0.0
0.0
6.682
0.0
4.552
0.5242
0.0
0.0
0.0
0.1203
0.0
1.239
0.0
0.0
0.0
0.0
0.0
1.247
0.0
0.0
0.5
5.476
0.0
1.703
0.0
0.9526
0.0
0.0
1.661
0.6735
0.1806
0.0
0.0
0.0
2.385
6.998
0.0
0.0
0.0
0.2632
0.0
0.0
0.0
0.8658
0.0
2.016
0.0
2.326
0.0
0.4923
1.156
0.0
0.0
0.0
1.532
0.0
1.179
0.0
0.0
0.0
0.0
9.809
0.0
0.0
0.0
0.0
2.476
0.0
0.4018
1.081
0.0
0.0
0.0
0.0
0.0
1.376
0.7677
0.0
0.0
0.0
0.2718
0.0
0.0
4.109
0.8174
0.0
0.0
0.0
0.4633
0.1584
0.0
0.2768
0.0
0.0
3.407
0.1193
3.853
0.0
0.0
0.0
0.0
0.0
0.9965
0.0
1.426
0.0
0.1542
0.0
1.16
0.0
0.0
0.4885
0.9354
0.0
2.39
0.145
0.0
0.0
0.0
0.5577
1.281
0.0
0.0
0.3822
2.746
0.09966
1.344
0.0
0.0
0.0
0.0
0.5512
0.0
0.0
0.0
3.706
0.0
0.0
0.2382
0.0
0.0
0.0
0.0
0.3251
0.0
0.08714
0.9201
0.0
2.023
0.6684
0.3812
43.01
2.349
0.0
0.0
0.5264
0.0
0.5027
0.0
0.0
0.4463
0.6497
0.0258
0.0
0.954
0.0
0.0
0.4527
0.784
0.0
0.0
0.0
0.0
1.862
0.9085
0.0
0.0
0.031
1.318
0.0
0.0
2.953
0.0
0.0
0.0
0.4809
0.0
1.13
0.0
0.0
0.0
0.0
0.0
0.0
0.0
0.0
0.0
0.0
0.1666
0.0
0.2896
0.0
2.178
0.0
0.0
0.0
0.6796
0.0
0.08993
0.0
0.0
0.0
1.131
0.5042
0.0
0.0
0.0
0.0
0.0
0.4712
0.0
0.0
0.0
0.0
0.0
0.0
0.7306
0.0
0.0
0.3741
0.0
0.08317
0.0
3.944
0.5178
4.869
0.9971
2.858
0.2816
0.0
0.0
0.0
0.8468
0.0
0.0
0.0
1.507
0.6655
0.3504
0.0
0.5254
0.0
0.0
0.9819
0.0
4.038
2.634
0.0
0.0
0.0
0.6105
0.0
0.0
0.0
0.0
6.887
0.0
1.429
0.0
0.0
5.827
5.63
1.427
0.0
0.0
0.0
0.0
0.0
0.0
0.0
0.003448
0.0
0.0
0.0
0.0
0.5122
0.8597
2.731
0.0
0.1334
0.0
0.0
0.0
0.0
0.0
0.0
0.0
8.424
0.04187
0.0
1.929
0.000
0.000
