1 15 74292 5559 47 6637 17476 31278 1441 23012 32265 4204 9997 8360 11406 22649 4631 23274 9363 2337 21982 33124 17678 10402 34880 36789 23852 37817 21875 1121 3420 1079 30025
2 15 72015 19880 25524 18172 28269 7735 18785 23603 3445 15519 21004 3415 30961 27169 19574 11465 26700 1225 25405 36209 20103 12904 5012 1152 32978 25952 6552 22108 21202 13542 7305
3 15 109633 37835 24761 30578 6425 36240 2268 32215 32080 2681 13666 11344 25313 28663 6271 33946 20498 9064 7610 26102 13213 11512 33058 21248 36506 24313 36912 36973 8243 22731 33367
4 15 87745 32217 7671 8329 36803 16520 22897 2584 13350 2753 10439 25130 24526 27399 27114 9595 3327 37242 18463 23474 28745 17567 30259 29053 26739 11864 27379 31437 1780 17321 28765
5 15 84555 5332 20988 26794 30194 18024 33552 27950 20838 12853 7657 23992 13549 35007 12210 6757 29726 4151 12746 5294 18233 22100 11776 26394 31667 28638 3917 36741 25771 1824 12446
6 15 102175 14669 30771 8471 3870 24855 15153 10082 36092 19443 12099 35902 35855 19963 16906 26009 24686 36517 37380 8022 7794 22251 30973 29778 29960 28262 2629 32475 8807 23886 18729
7 15 80691 30031 29894 5315 34290 29896 35042 3711 33518 24719 15824 21400 7118 10053 15936 6195 24303 6259 29187 10366 14757 34324 30605 30806 23411 2488 3825 18421 7263 34988 21575
8 15 86720 24534 26774 18382 33722 15434 29751 5084 28376 29797 22676 2421 14822 36699 10259 4814 24657 17555 10205 30809 10945 16806 26139 1670 34433 24955 20427 35553 8966 24556 25000
9 15 86811 12529 2160 25526 6585 22252 22301 31286 25434 9364 13261 4407 23156 19408 33391 37931 29055 24821 33007 22676 11928 27008 31949 18234 14505 16629 13194 10841 32866 6459 22387
10 15 95539 7505 38308 27258 10242 20018 15381 19464 37552 37922 17686 38404 7147 35257 33855 21400 16351 7133 8973 8733 11576 17917 8605 16777 36527 8431 30052 15772 9458 36475 2874
11 15 93496 12316 25656 35484 33235 6404 3091 11617 14954 27113 3744 7079 27463 19761 10848 31927 14636 24420 20855 32548 17769 35800 13680 386 2592 31223 4000 21628 12836 13948 20642
12 15 101285 17337 24413 6074 11385 20448 7845 37971 11126 17414 30538 3234 4770 30353 6449 18958 30978 31834 2711 18563 1986 31337 31787 15534 18086 17547 33177 32687 4566 38326 27499
13 15 75025 31468 23773 17183 9900 9159 14140 11476 15699 9401 35880 34417 36640 25909 19265 12073 6681 2393 8696 14846 5805 4598 19674 31193 33646 12588 19251 16355 30510 17026 27101
14 15 77542 14873 27797 3395 10598 4601 17137 38306 11605 22149 4230 10165 23369 15508 9058 34014 14597 36389 14941 37209 24067 17854 19340 1622 25487 276 35926 9377 10380 12738 13454
15 15 86833 35225 11425 9971 38445 13160 12253 3778 139 36574 21953 24839 12363 36083 6570 5494 10952 22439 35535 32950 2086 11161 31596 3566 2245 1299 9790 37752 12114 15154 23160
16 15 103699 10684 7396 28864 30983 34647 38708 12542 201 30474 16608 34734 14647 10066 8086 24457 3776 37275 13780 25535 251 12853 16579 29939 12204 12517 37980 33080 2 7998 35911
17 15 98092 18920 2738 5770 20610 27312 30224 32459 21549 13459 2570 37274 23292 4624 29919 21552 5833 24453 34666 33855 18266 14912 10743 32363 18256 19387 8554 12395 29598 28241 7479
18 15 116801 24980 33527 37631 22905 34123 6739 22879 17315 5820 34201 25264 34987 18303 11666 36967 14539 38667 23018 24549 18616 25466 3181 26037 29662 22841 6344 37012 7249 8800 9604
19 15 86337 6657 19121 37179 18311 5903 16258 6375 17030 4602 19532 22991 11252 8115 14898 35288 16599 16271 29700 4624 31538 13984 30168 35623 26974 24496 34680 30931 6517 34754 1944
20 15 98751 30517 16050 15749 3867 14529 26874 16976 34748 27993 15194 5807 28486 31972 20742 33939 6282 37088 4461 34973 30860 95 29047 30858 16102 33475 36072 2900 35406 12300 9188
21 15 77968 2124 15959 36360 36159 32514 23015 1497 7739 12914 31708 12229 26619 33538 403 33283 127 14547 9004 11492 11465 6204 30123 7712 34935 30458 6497 7633 25410 17389 30270
22 15 76429 6370 15247 9086 15903 3546 15924 11492 2269 30561 15811 16046 36971 7427 21831 610 30870 37871 10829 29173 5422 5223 16646 10553 24221 33628 30705 35189 19862 17991 29058
23 15 82004 28549 13835 21018 37426 13483 23716 1245 17785 33409 12207 33299 22284 1404 5141 21891 36104 15499 33160 33685 26621 17862 34573 23857 7815 7044 17463 735 27695 20369 24354
24 15 84960 26111 17440 3515 23960 20197 15900 10559 35777 20501 4555 29731 9317 1276 28014 4039 20288 7235 30139 21963 1630 37805 21926 19786 35137 36935 5450 24037 5550 19513 14101
25 15 91649 36040 12247 2867 22925 6787 4973 28975 13757 10981 8344 20334 5179 1481 33612 18189 32849 25554 35809 31711 17664 28496 32242 35324 5469 30307 26860 19555 10093 8896 12369
26 15 68315 11866 19935 34174 34995 1392 20389 35338 14058 8894 2485 29273 22042 36620 31420 27869 9114 10136 16869 5019 25728 14348 35056 8826 21568 2172 14728 147 18237 1644 33880
27 15 81587 14079 19581 17964 23450 16572 7143 29817 19426 10327 734 6154 25489 34010 32836 2569 9563 4494 32419 37654 10080 16211 33603 31565 36665 22123 34751 23675 4719 4745 17949
28 15 98366 20885 18748 12815 2195 26060 11937 6398 10819 22046 38534 26591 9139 6069 33784 28733 38293 25355 36753 23190 2981 25227 20483 26822 6024 16556 19109 28393 2765 32748 10007
29 15 65528 35430 31404 34117 14379 11347 37433 8839 37348 20518 34800 23019 17851 3112 13302 25241 26594 3062 26141 2157 24656 99 12467 16684 21317 917 9875 20054 29293 13831 749
30 15 102726 715 31688 26825 21976 27392 24763 37441 242 25246 37522 9609 4566 10368 23494 3611 29160 38360 3175 14213 22183 38360 14498 36338 25076 19199 314 19955 3871 34788 11141
31 15 102218 17661 35807 2877 1236 23996 18735 36514 10842 28449 33641 27624 18921 29559 918 15797 27922 22713 11598 15771 22325 34517 29720 5163 20514 12160 27591 37887 5066 30041 4323
32 15 85188 24117 14928 24443 36007 26148 28672 5164 18119 33848 35105 20299 4702 19151 12598 29847 5012 31519 37768 20775 19089 5206 15698 23005 1411 3828 28911 12034 30668 4579 33216
33 15 92303 15111 20526 12359 35753 32036 29144 26380 21339 16458 36091 11464 6463 37363 15374 14261 7745 38562 517 14723 32469 17395 12706 18567 21697 20976 37476 20895 21332 11127 5414
34 15 93614 20886 33554 30639 9327 38390 5166 11747 17316 33503 37606 4438 32367 3128 17999 24819 12994 3236 31731 19815 35155 15048 36122 5966 38654 32038 30324 30545 34186 37851 17424
35 15 69955 14302 3420 33447 29491 4753 17281 15079 574 30884 8427 1420 36449 29649 33683 6388 9892 6116 36065 17667 899 20675 19342 26032 29247 662 15214 11160 24565 14951 27853
36 15 95715 13452 15394 8239 33164 488 29619 38046 15886 17660 34819 38350 22452 18316 6907 30337 27708 35762 5437 35187 6329 25418 32267 2426 32816 13050 34389 26092 8397 16229 11308
37 15 84074 19176 7617 19496 30578 27861 12546 11565 25454 24664 3465 34810 3232 13507 13178 15702 16986 16643 3120 27274 32944 5019 26241 36791 2158 2018 35370 18049 28539 7672 35165
38 15 90316 4530 36601 20504 33695 3016 35909 25308 11618 35453 34626 4283 32486 14830 15552 32450 32888 25725 17563 5406 19623 32343 35593 37358 4817 13717 6698 20104 233 26028 22344
39 15 78934 8559 28479 11668 33412 3215 37015 20618 5334 35341 27215 17498 13330 6054 8575 18619 16451 2895 5753 16556 17504 35623 4937 19441 12929 29847 21185 13817 20185 23363 22220
40 15 97506 20865 26885 12209 27307 24196 36698 38252 15070 36008 4144 33117 17715 28168 10490 19424 18818 18641 19665 14126 30463 2853 37776 4505 26208 24866 6997 28461 31050 19331 21511
41 15 83567 14747 13889 18150 24720 18422 37460 11611 16329 23098 29039 7254 780 27082 12907 36618 23779 4407 38384 15045 32516 5484 10569 33120 8711 4340 4469 28014 4258 31165 24989
42 15 83445 14360 38454 16978 26151 19956 21723 29189 23439 1185 8 6047 22923 1379 21464 30557 31970 25454 26870 13363 12450 22435 23082 38680 29659 156 14766 35860 29076 22553 30183
43 15 78322 2009 15503 420 24603 5965 27283 35574 9729 30300 24057 34645 20820 8375 9423 24504 35577 22667 18945 930 24932 25076 7218 35274 4751 6931 29191 16713 1770 11693 21201
44 15 101381 25921 3690 19828 3836 37877 15353 6487 3472 32432 10519 30337 9568 10144 7684 29380 28227 27277 31249 28969 24110 7001 6914 9832 14351 18693 37450 15148 38436 38613 17980
45 15 96522 34010 22847 21572 8533 4233 5892 7266 1441 26341 34621 19975 1962 13608 28110 35073 13363 20989 26530 18263 27870 32902 18560 18329 19921 3153 7586 29310 23351 36718 28223
46 15 94309 2035 29849 34063 12180 15260 3073 19742 20804 30714 304 17762 14274 23151 14153 25792 13362 32256 16485 4838 9919 38270 21931 28025 17892 6953 30787 27447 3242 8058 9494
47 15 64110 26129 2058 7207 20594 9445 24673 4828 15212 20000 31868 14071 22192 1543 21162 129 17311 24892 10035 22619 11809 9525 30954 2517 29266 27584 21470 12584 26182 30628 37861
48 15 86968 6329 35522 35428 5623 13925 18063 8059 8021 10759 28494 37688 814 14521 25916 22382 36657 14615 14260 17612 7209 17288 3031 7618 17835 24595 36490 31833 8461 27242 11569
49 15 82044 20343 24300 24934 28659 14260 9265 4116 9886 21185 28531 609 23358 25295 2095 18958 9456 14858 8876 33816 25472 27180 19090 6550 28971 7225 35056 18114 36582 36038 32581
50 15 110522 20586 34022 23439 691 11720 6558 34865 38536 30928 6305 16092 3954 347 13741 37634 6740 37765 37086 23754 5996 37290 27185 18935 31413 14396 2663 36299 602 24357 28964
51 15 76893 8963 20885 31446 16308 2062 32721 24829 33924 15885 30977 12606 24171 37185 13520 1583 5689 10652 37137 27899 24429 10410 24865 35308 16499 21096 36836 14141 1433 2247 15890
52 15 84237 20228 15461 11634 11280 9900 4536 27317 6954 14222 33601 1277 1562 19066 7914 6055 22989 32856 9395 33736 34026 17998 26752 14179 8773 36354 15160 16218 35534 19751 20952
53 15 84783 30546 32490 1469 7053 25597 15358 18828 28503 3264 7589 15930 13011 34197 13460 10635 36098 35495 12 21378 18720 12698 1953 24720 28098 837 21186 31296 5817 15722 21384
54 15 79129 8230 5102 7443 1902 10054 12472 26129 6952 22019 20051 23804 35459 38004 34291 14453 5867 24431 26634 8391 30985 16833 38054 5402 30945 14646 16787 24690 5317 19237 27494
55 15 84595 24135 24413 28357 5394 8134 27796 29525 37996 17677 31197 2182 31099 27888 25594 9841 25153 8865 9682 16037 321 21554 15397 12001 559 10283 23920 34038 36783 31469 7767
56 15 89653 26502 11739 3879 34286 37879 14487 14912 21679 26424 8297 7781 8861 22010 23386 35846 21092 10963 16519 5942 36410 28833 38615 17900 37189 29990 771 14258 33478 15727 1904
57 15 98187 29134 14647 22587 31893 409 14769 28100 1718 18283 1236 4461 15621 19352 22486 35349 28793 18479 17360 28691 8177 13517 19672 36159 13238 24003 6905 17306 14394 31461 35087
58 15 119878 36418 12145 32540 8374 27050 29814 27198 1225 34753 15246 29386 23845 33056 3177 20786 18933 23068 25606 5036 7765 15471 6938 32481 15849 14883 18157 37861 2382 29609 5825
59 15 82044 27739 20808 9760 35735 17463 29832 12850 35651 36316 8261 898 30959 9897 5464 38599 27257 29733 33853 32027 6130 14192 7666 1670 33376 6266 16636 12811 17972 23260 23502
60 15 86512 32912 31067 35900 23203 25055 1884 1928 16495 34200 29503 7346 32839 16457 15594 14204 12772 10521 244 25273 1719 13190 2662 22664 31863 23408 25182 12171 19940 13147 11210
61 15 84392 24481 31585 353 17304 15320 18354 30835 20868 9459 22784 23328 14453 10853 10011 10796 15380 34748 4772 849 14570 30596 19569 23568 24775 16761 19140 35064 5963 14297 3760
62 15 76295 27571 10136 30105 31913 1529 12585 17140 23932 13060 12581 3833 37584 16214 31886 25647 14297 2516 21412 23798 27107 28106 34975 4683 28902 31944 14960 10360 33450 17813 2382
63 15 105883 32699 221 10804 21813 34971 19369 19765 3841 35876 28651 12383 1740 3605 38337 16870 8064 24660 4359 34628 22300 10431 1946 23791 6160 22363 26970 37610 7506 32488 21566
64 15 105267 32622 7392 28165 374 13332 25757 24308 6154 5778 38256 25205 29416 14422 4959 37201 11346 27129 7109 4142 8360 32662 25597 29623 3676 37084 13266 20906 396 18313 33608
65 15 77482 34603 23106 20190 7199 14127 30162 3241 3122 17629 12442 24170 5360 17346 6896 242 19958 6712 27658 35412 24461 11673 21562 35266 20452 16550 7043 18350 27599 2765 27725
66 15 69111 8407 20648 16759 1951 26509 17295 30991 20668 25197 21288 357 21058 6248 19534 15752 25672 15739 27497 2091 442 5650 10996 33408 16581 28877 34066 9569 2258 4818 32860
67 15 100410 13416 6442 26957 30896 15094 34442 31172 38051 20795 2848 37104 25061 25268 26087 7686 1230 33494 31314 11366 8184 38396 8401 25039 22688 13887 29497 31374 11665 3654 9922
68 15 101117 28471 36225 28761 37229 28550 36255 4616 9961 23479 1417 32495 3539 27460 3971 26617 27358 23430 24215 2744 25966 16034 31079 13333 15726 27078 36886 21757 18331 32232 31320
69 15 83088 8985 12980 32657 9363 16002 18638 32982 24853 11324 3005 31168 30868 8709 36001 7733 4075 7702 24745 13893 21517 28357 15334 13211 10770 6734 17877 25624 25840 31881 32642
70 15 100158 17037 25860 25820 16639 22671 22304 10010 108 36111 37960 34381 12727 32568 31565 21884 29730 1283 21826 33334 13938 4745 21238 32104 380 17622 13795 22413 14783 21880 29048
71 15 96408 4659 20926 33794 34030 21652 36157 27505 32508 31516 365 7808 5513 21098 12322 29976 22625 15548 12190 16478 14929 31463 636 38708 26161 26989 5456 7962 22021 6206 27428
72 15 91439 29829 33969 27998 10591 28727 25970 26327 18010 5740 19498 13879 31472 14969 8067 28878 15181 27300 30749 4556 25 33175 21070 20045 29253 19064 36523 18514 11141 5798 5046
73 15 83655 27824 26916 13549 2169 34438 4894 1419 26159 15742 3388 28197 21102 36573 20432 5415 6835 21580 19937 23971 15101 21230 36827 25503 33443 9625 22008 730 14070 13054 14464
74 15 91021 12816 24127 33219 23111 26842 26643 4870 1865 30774 12040 5779 27793 7131 13008 34212 2420 37662 9696 34320 3595 6085 23916 5585 4062 11443 9529 19855 38094 32813 14957
75 15 68713 118 38120 3577 4325 2479 12158 6881 25232 15641 33255 12710 11772 24063 15354 28791 6800 6661 17083 33923 5982 19785 11035 12928 5 25789 25916 18479 19547 17219 36862
76 15 78370 13161 19393 10683 18682 14955 19129 13924 5837 13945 20658 33194 12874 8493 38547 15044 32044 20443 28666 19067 13889 35530 748 17292 31371 1409 32650 29540 25096 14554 27441
77 15 94374 22659 27623 22117 8389 11510 14613 58 6006 30693 14070 22016 33022 27468 33064 14604 7030 35575 14064 10837 20986 37695 27614 6798 25022 17064 35044 36195 36265 19292 5285
78 15 83486 8545 17641 16624 13244 4709 4780 12300 38549 24073 27665 16201 23664 11249 24278 25935 19219 34365 9690 29073 22419 32887 6299 12506 18256 26087 34665 19053 3888 4681 16024
79 15 98001 34550 38533 38344 11522 20142 887 9638 13837 8948 13367 9466 17812 9202 20025 29921 32657 11654 25333 18493 13967 34929 33202 23383 8317 29577 30714 16653 2685 31771 11904
80 15 80633 7926 6063 18840 5451 16878 37298 16760 8268 28650 27062 31661 18152 18149 9521 7090 11962 22610 34356 2813 23182 256 16776 24637 11744 25159 21045 34356 15604 12994 27755
81 15 95548 35009 24675 9152 12400 35725 38041 16445 11161 20706 1513 11737 24930 29321 10701 9 3426 9757 31972 37994 28535 30164 6181 16639 2109 6898 37735 29196 26675 29742 14704
82 15 67314 18467 16488 31858 33203 10122 15330 28454 24859 25254 14470 10296 22100 33227 6283 13549 36605 15286 8939 3171 30192 1169 36016 13670 34412 1159 4678 4807 4693 13894 13351
83 15 91781 11121 38326 31222 9005 17191 38584 35134 9234 20741 28093 27408 24842 653 2962 25716 4203 1597 37064 6302 7014 20202 8940 34058 22724 25731 32940 10925 38467 37936 8887
84 15 70996 29462 25164 9940 31635 16346 6828 8571 14041 9487 14505 5147 17196 389 22010 21603 18380 10274 16254 18714 25045 23422 4491 21692 19889 36159 10638 1051 34457 24398 22424
85 15 85524 748 10346 18813 28701 15139 16315 26838 12741 35013 25492 29907 25151 14765 21354 7069 23855 28458 7094 5581 17197 26132 19608 35764 34905 12035 26384 13767 17892 15052 36955
86 15 85320 17706 23092 7717 20993 13898 33974 30167 8671 18217 17162 34563 20681 35858 22856 26825 464 21153 8493 6077 18353 22303 21081 13014 7074 11162 4702 2865 5927 22876 13017
87 15 64968 13929 29321 4724 32192 12054 8931 19432 3866 12872 16813 8263 5975 11820 17511 31330 32788 26497 32423 8716 32894 18821 31893 4750 3794 15810 16737 1983 30296 25562 24318
88 15 75987 16364 23918 1305 26140 5173 35453 34906 5751 13891 28219 3248 31620 36490 30598 24791 31548 35904 2703 16650 5655 10687 34148 1135 14601 3674 4729 22895 9030 26177 7166
89 15 113093 31041 14761 37653 35539 28518 6346 14300 24376 30799 24538 17767 35372 24315 334 28908 29882 26501 2499 38608 25080 29631 17373 31876 26129 22975 6781 10253 33214 3834 5308
90 15 85763 19002 36501 38293 14477 5495 15502 19258 13579 3762 32339 23800 3212 18132 38479 31103 34817 18550 13655 12774 15130 27993 27908 5965 27414 2105 36561 29357 32168 30288 19429
91 15 85908 3897 30989 2843 5056 37587 16850 11385 16442 23031 12972 33461 10068 7850 37145 18709 6917 10487 18409 13659 35108 18697 2243 24139 15825 37179 6385 12166 3816 31270 31519
92 15 103543 23976 4005 30869 11492 30868 390 29254 21460 38514 2384 33502 5146 11390 33829 3514 17047 10227 8186 24593 38588 35158 36736 2541 2220 3964 31944 33899 3418 32876 19725
93 15 81037 35628 37788 3207 2646 34788 12320 29466 14340 28918 4404 1727 25559 21579 36981 31526 7219 10312 938 9849 34461 24178 25767 7564 21568 11082 20876 20144 24607 156 27781
94 15 73071 18853 13255 34420 2293 29510 13597 12687 15898 15223 31723 9168 26704 5170 25007 1802 14995 36137 13139 4098 8942 9684 26901 25820 33398 13055 22569 14492 33477 13454 22276
95 15 83560 37880 30981 1928 28753 19373 37498 37168 32196 27197 15798 20760 7702 19816 12224 5237 2109 10804 9023 10842 28692 267 37578 23260 30606 36876 29727 16411 11594 10717 27809
96 15 92531 32984 32252 25406 34282 5969 14669 21561 36746 25929 22494 5650 11183 6259 19633 35060 10869 24649 2849 5238 17533 1479 29784 36488 33775 25077 29930 37327 33122 19362 17446
97 15 80960 21260 23064 14136 674 20732 29824 37782 4014 37876 36399 22918 25952 2922 25461 15246 9356 29536 8333 31491 37237 18191 7170 9313 15199 1196 10615 5744 2700 1524 10974
98 15 96622 4487 21155 27517 6096 23090 37324 33402 24822 19429 9363 232 15657 18803 5047 37803 29170 26835 33142 9047 9089 30427 31348 30549 8083 8097 13060 31471 511 20885 8214
99 15 74276 17506 33893 20116 36091 3688 34428 14231 23997 36165 16240 5183 36406 27324 34954 1487 23067 7266 27404 24297 35316 6867 14753 15588 5581 30002 30495 5985 5186 31882 11409
100 15 83224 30919 20830 20755 18819 4919 1479 5130 21990 18909 35017 12667 27374 15242 6995 2569 13503 21816 34996 23976 4767 27006 7155 23867 11094 6022 36632 25069 27028 38549 26074
101 15 111997 31258 23443 22360 29380 18573 34387 3712 14046 26795 27987 35979 17779 31307 21929 22918 32374 16178 3075 24316 17279 13900 21992 34206 24638 30128 15804 30366 23717 31329 21867
102 15 66441 4789 35041 8028 19787 31516 35164 15781 30836 5071 34942 21074 27108 9529 20108 21861 16699 565 19589 13410 27756 36905 20384 867 17122 34498 30427 4533 28445 13046 30229
103 15 102843 18685 10773 21283 13920 27479 20262 11556 11544 6332 1582 36071 14753 36317 19532 31301 29751 37498 102 21538 25664 6351 3876 26920 5724 29418 16662 30403 8747 1660 5667
104 15 78280 8008 17073 3050 25015 4728 34199 28087 530 15420 15492 31562 21610 21099 12011 34105 15553 3768 10054 18005 21782 18464 23796 30189 5171 17740 14970 9012 11977 17698 23247
105 15 85300 15482 8912 27098 16632 4466 7607 23651 16399 21573 10492 17756 21580 31881 5907 32715 13641 36960 11 24075 37161 17447 3096 3176 33819 9959 22621 2576 35054 15520 26150
106 15 85217 31024 17824 4924 30581 10960 11661 15524 3674 5388 36787 918 3206 25078 7360 20069 26721 34918 33503 29728 27965 12525 12242 6191 4343 35290 1221 17778 26969 33744 28223
107 15 90876 13217 18956 15821 24927 8922 10712 25657 26487 18281 24560 26355 27491 28885 6645 12692 16418 25363 9725 18802 14806 13666 36995 9447 10732 37086 11039 18234 12315 30492 24758
108 15 83450 15290 31002 18355 28728 26840 9585 84 23201 29411 4758 30397 19545 11956 23796 8929 36761 28172 20592 14221 4612 25863 23585 7326 37871 37669 33496 1549 32478 22105 35001
109 15 82787 26886 11011 29919 30743 30962 35257 12005 5560 18129 25659 4972 28562 24619 2110 5474 30782 29388 28254 4366 6822 30644 3326 38677 3121 4383 10160 1635 11852 13898 32060
110 15 69465 2259 25458 25893 23488 36990 30066 291 19115 6950 9216 38129 30536 15883 8653 17768 14196 4344 9201 13494 84 4828 1703 28920 1018 10018 1402 2424 30327 23362 36331
111 15 90626 10937 38683 1902 15357 33479 11822 22360 16767 25737 18776 16444 22949 9214 29643 37293 27470 11913 1854 4702 11113 30824 31157 35917 26999 23528 26224 31815 28922 6024 31329
112 15 73718 12347 8398 9159 19984 21288 6239 7901 19468 1694 25140 26699 9698 21286 10422 9599 1260 22073 7888 6318 30090 12196 29178 15485 36836 38543 16961 37723 26837 3418 35404
113 15 83106 12555 14858 33230 35431 33181 28191 7457 1934 25543 36926 10729 12331 32438 7600 372 29595 13258 3077 7872 21873 28177 31877 17328 21925 11888 19874 13587 29289 29406 7365
114 15 110984 14307 23743 12972 6795 30147 15699 34879 34905 27041 37670 11155 31733 29302 28084 17226 27605 38085 3595 35965 9113 20297 31019 23137 7843 32509 26018 12726 35550 30201 24583
115 15 95135 4249 5643 26291 4246 17973 31270 10872 37392 30889 2196 27600 33794 20205 31537 22607 34039 37428 26933 37049 24551 3978 17599 26142 8290 33153 2892 6122 34551 12559 3267
116 15 99315 35614 2894 36260 16753 27152 23105 3188 25452 24670 24867 20785 19524 4213 19735 33326 27799 19269 33777 16685 4103 22078 33489 19596 33549 36516 22767 11228 14576 20470 31609
117 15 78035 6835 29515 21521 22364 28271 31125 17594 28472 5984 2251 29634 31089 9531 19686 139 26435 29673 6520 26190 1838 1192 32170 35192 36781 9876 1799 6479 224 32007 3178
118 15 83375 16238 24215 28547 6087 32427 1002 28905 34780 22760 7699 9984 24902 10729 17647 16297 2965 20661 14324 4015 27871 32964 8029 9899 16019 15601 14500 7832 18366 21058 24964
119 15 61777 24155 13691 7746 6403 12229 31156 23912 5298 16819 2604 18748 35318 10086 4329 32083 9242 19554 2020 2063 37160 9268 9244 6194 25802 12394 36674 3595 18281 7080 27323
120 15 96493 34856 8161 5231 23421 32771 11461 14670 35069 32045 36678 23321 11296 5700 33219 5924 31023 17876 11546 34791 23197 25603 4125 31492 31973 27569 34845 27517 12743 2278 8891
121 15 103104 36271 26892 14098 30911 5962 30495 34628 33899 20642 3266 23143 18685 30388 32575 5645 21888 29030 25254 16671 17048 34180 7882 37207 15859 7187 5815 30897 33641 17733 32817
122 15 96311 23014 18245 26049 28953 37530 3095 17080 16433 7414 22059 5349 8533 36456 15753 21084 15214 23586 35907 11124 27023 11419 27297 37701 34205 10591 33697 16676 33740 35966 345
123 15 96780 36317 15423 12508 23786 36739 37214 32727 9073 24450 24046 7294 25807 29838 31335 28726 37631 5697 15253 14562 38552 14609 27817 7706 19731 35177 9941 10564 15052 25688 2489
124 15 90498 25614 37855 22032 4476 35390 37907 27615 875 28289 28966 7169 30973 32748 9113 8511 36863 30880 344 20612 34770 5839 23626 10513 31302 19978 27078 9172 14391 17299 17602
125 15 79651 25238 34131 769 36393 34825 21717 30918 2409 23730 6220 12304 7111 1817 6038 33680 36138 23520 12684 19746 26658 11717 1982 10209 5245 11036 35377 3307 12448 22689 23119
126 15 81172 17954 36398 10487 30914 19775 17190 24581 8695 6938 24021 27307 32337 18878 18233 23195 25708 1863 29748 2835 37080 32407 23027 8857 6467 25895 16279 12216 6108 37387 16387
127 15 105046 38608 20548 15929 1279 10181 9013 3815 10894 30324 29877 8502 29277 17679 22342 38589 11706 13363 30206 36099 31594 14262 19086 22736 10483 34590 669 33961 31147 31516 15487
128 15 108765 23456 28379 6657 3253 20328 14583 34986 21613 26459 34093 20669 18458 35547 3985 29654 27073 30207 1752 23149 30809 7024 10558 29855 10130 10749 20019 28894 9699 34917 3396
129 15 106956 34390 15622 27529 13900 27150 2996 13673 4780 31516 21054 38239 11530 2887 13228 26468 28572 2003 26589 32684 2305 33331 3876 23719 3876 20693 9838 11526 33905 30715 17945
130 15 93306 25081 31621 17249 25824 4073 24553 3015 24494 37647 8768 9812 4897 2969 18420 9542 35064 24152 31810 25393 26792 13885 32815 36894 17885 31956 27417 31220 15546 38134 2042
131 15 94266 27845 34037 34630 25564 25535 28284 6438 16288 8837 31374 19399 24395 23664 21263 1597 4810 36702 75 7332 5050 33679 28357 31038 11232 796 35253 32974 11345 23754 14662
132 15 76886 15286 24001 462 19325 16793 23578 14346 28990 16902 28017 7059 24273 36641 31705 10304 22130 37709 26842 9680 38708 14416 20623 17617 1826 35768 4700 19449 6974 3856 19100
133 15 79356 2066 31195 30205 31869 4582 33251 17338 6335 24928 29642 23932 37881 15469 28085 10652 18225 26316 23863 32298 15155 36291 9031 8893 5715 14470 12591 15263 18799 1817 21503
134 15 100470 30999 14374 29333 1266 35611 3051 3062 4271 34601 12252 32268 20453 2521 33762 3822 34922 29364 6883 31940 26458 33728 37351 12818 11779 6645 21931 12273 3931 35918 36260
135 15 79226 1883 34167 13968 28317 24698 25199 10334 18882 37144 5944 2933 19442 11453 6494 32205 5534 14209 8787 32901 6903 9482 25383 11461 14270 34663 10991 7514 11608 19241 7242
136 15 86495 30587 32775 22012 25074 31466 7171 3110 6459 7614 15247 35241 11138 14149 21640 12395 35483 4468 23712 21450 3390 23645 3724 19223 30448 13174 26553 32613 13665 17171 5035
137 15 77432 3665 2623 10705 27346 29717 4836 34955 33676 9985 17436 3417 20035 13199 11006 16424 11545 15795 12405 32494 14382 18986 4420 12789 25496 26844 1837 13761 29811 15373 5018
138 15 102317 29894 34841 35856 34950 5396 2555 6492 23821 33064 5418 21574 19536 13861 24055 4585 21863 35491 33289 25162 14110 29325 30958 19827 13957 34330 3250 37834 36840 8368 1978
139 15 91718 2666 4226 3669 21373 36642 4310 11147 13825 15731 36322 25060 9810 31749 9124 2896 30921 36425 29126 22437 21225 27600 8406 20765 21306 30090 1809 14713 37356 24138 14098
140 15 86911 24382 15055 36494 24610 14505 22031 6930 10224 16941 18238 29651 25186 34306 13063 4306 5110 21324 24496 29324 31744 22313 36102 346 3318 24728 17372 20713 3446 3442 11430
141 15 69076 7916 5779 16691 21750 32342 25246 38514 29187 20259 26659 6857 32618 3270 8104 2588 7281 13479 8261 18449 33206 5575 32855 6181 35512 4953 6140 32899 6732 20283 9911
142 15 66707 4512 31512 8348 6846 16420 10568 3336 31196 14636 15763 9142 14927 9781 24544 35540 2971 11528 30415 27361 21503 37769 22433 10207 32176 5458 26396 4506 31283 23815 3419
143 15 90826 27668 30297 38544 14644 17736 21675 2333 16371 7756 9947 8315 22460 31331 33436 34878 18393 23352 7226 30093 12009 30264 29874 24822 3084 21962 24061 3538 16735 164 2459
144 15 73998 18297 6483 4739 30995 23328 17229 34337 2617 33501 8083 1158 16486 23422 24561 6581 33985 23934 29464 3991 22474 20073 20354 36566 26694 384 2667 8005 13354 8345 32041
145 15 85754 2697 13900 25171 31606 9136 23005 22086 22215 28086 36320 8881 24854 7402 35953 34893 20547 33209 7137 20498 9042 3254 31527 37016 26743 28826 32383 8445 1419 16248 22218
146 15 82412 13506 22480 5147 8118 36022 14505 17961 38653 10176 32425 10580 38137 3470 2983 28314 37274 33081 29594 21346 23549 17355 23693 16293 10556 31143 15063 4685 17819 25629 35835
147 15 79680 14922 13384 24870 34605 31702 25068 26686 26135 8122 27018 21105 3887 13047 27253 9646 10150 38064 8031 17831 3685 12699 18489 5189 15461 5155 14462 22591 29184 13974 30356
148 15 89034 36114 11899 33373 26325 14163 15274 37432 37568 22390 19584 5016 2882 33078 37426 17451 24338 4394 9320 10726 200 6840 32943 32745 10112 26489 35547 5379 18083 11192 3780
149 15 80646 28902 1953 36477 3860 5157 3674 20383 38183 25203 25384 1414 6919 12549 13787 3195 13291 15604 35460 30648 12018 37859 35848 14895 520 18570 15708 13654 28123 4313 3106
150 15 88023 158 6583 4103 11103 21411 15140 11545 6355 23552 29776 25889 18413 18046 22966 37033 11392 26372 9125 13337 4606 12084 11052 38643 4456 22744 34349 8223 30441 30273 3881
151 15 93208 28231 17547 10335 14312 7269 22093 33957 20889 20884 32700 16340 32740 23624 21415 17258 13293 11433 9083 13911 9984 27619 14854 36673 12643 29238 15785 8425 19745 25499 25758
152 15 96125 35346 1243 21902 36160 38196 7051 19214 16984 16596 6791 29336 37958 34606 9737 18825 21385 6820 37636 1662 15943 9445 2549 28881 10180 12529 32538 9544 20192 37516 19714
153 15 89678 30574 33780 14735 38369 19944 31566 6542 38157 3958 20731 8078 27229 15742 28206 17596 4999 15576 38315 38296 33954 16125 24297 31553 17128 16777 5824 26962 23612 36469 7743
154 15 83767 36557 38046 37795 20029 5637 2314 612 6508 7272 37635 7871 20593 34264 12533 20596 29801 22202 12099 26008 29515 18149 13339 31727 1894 1754 26459 18406 23876 10374 21206
155 15 86559 5404 17898 22537 526 35386 26706 15163 24897 5552 10857 941 214 12138 1390 30963 29681 26664 34000 31178 29465 36720 3227 5648 12319 22350 21893 35178 24422 2710 30865
156 15 83461 20866 5466 37847 25114 6585 19542 15413 908 30661 32595 723 30995 22420 12316 10787 12934 10946 18742 28019 34494 30212 11393 3220 36066 18884 22457 37073 5188 4550 5774
157 15 89688 29480 1422 37344 16895 25773 26582 33786 3762 8719 19108 1247 25762 3912 13140 24458 21430 23878 22210 24036 30928 9055 28313 36554 30913 9964 23082 29306 18906 1450 1014
158 15 84394 31338 2062 11778 17729 13509 13561 15476 15370 11673 25378 27673 1123 17650 19906 3651 27166 30837 1938 4285 22077 35461 20164 2319 7791 38158 20460 22939 36714 14569 26204
159 15 90129 30520 9744 3166 25298 35546 12157 7590 37812 26351 23878 16758 412 33727 33521 27896 1530 9210 17451 20148 18368 4389 37711 33123 26450 15249 25921 3708 31294 33051 1981
160 15 95073 29948 31020 14134 9449 28326 6705 2626 9137 22875 12242 21043 29393 33093 23930 5314 21299 28491 37330 25732 4268 12497 22606 25081 14633 4094 6187 35761 8181 27897 23947
161 15 88982 4447 21298 9468 35262 25009 10297 7502 18919 1795 27499 33193 18161 32277 16555 34751 3306 23586 5580 32274 34497 37568 27356 11172 15775 20427 6910 19951 8701 3188 37199
162 15 98894 2449 34407 25468 25254 37444 35705 7961 32207 35298 3736 23305 8437 16033 2488 37188 37055 29027 35557 10982 23678 18746 23159 37040 17090 27282 32202 19020 5178 2404 19850
163 15 97311 22875 32228 38381 38429 4812 12491 12489 3733 37095 17281 31574 33672 32403 9227 18636 33516 8482 32562 18533 26404 20227 21332 29383 911 29195 18205 11841 1687 8445 17628
164 15 109588 18587 3527 23750 22285 13758 15351 33289 17236 26305 19518 24783 34887 19313 23029 35371 18025 16945 5068 21541 26720 12528 25267 19470 19991 36812 36791 33527 36899 29317 38425
165 15 80886 36019 37305 38265 7469 2393 6303 25621 1944 19740 15631 1155 15531 1358 35921 23446 34111 38489 5517 25842 8105 15819 2939 5904 4179 28748 5638 5181 1815 1643 36893
166 15 70555 1815 38074 11517 24984 8566 6301 18516 7974 9553 10036 36189 33443 23871 4975 28772 15627 4013 2939 3085 35514 38127 6053 11427 22762 12443 4304 2874 35720 24417 2127
167 15 101228 3275 8879 38574 7039 23243 34459 2396 16252 34474 26137 17828 37254 9250 31288 21038 19256 36226 26593 29626 27817 31827 11194 35381 35554 1805 37339 19740 19171 32745 12649
168 15 83027 34523 15067 10288 14134 31377 5439 29920 15755 13800 19531 10518 671 25242 3668 14735 29316 13783 33290 21813 37350 18926 6203 28672 18460 3622 17395 18844 476 694 25560
169 15 95283 38191 19983 9131 15387 21069 32912 36468 10709 23676 30861 25147 12156 10392 37085 18942 4573 13203 6112 34296 35925 20967 26374 5923 34843 21243 24305 27208 3271 11754 32070
170 15 77297 18625 16382 37831 14357 20487 10413 31190 36751 13629 35063 4188 29650 1985 16650 11676 21383 1021 6033 27334 29760 15334 18916 31769 28640 38411 4186 2174 26877 2003 359
171 15 90045 3273 12861 29827 24000 24198 35189 26753 6160 23012 32329 1750 37446 865 869 24889 20249 12164 22426 28357 26402 9253 7828 37400 5551 14028 34641 29374 20904 35008 10721
172 15 60103 22247 11412 32947 1540 12418 15547 10353 6337 7067 18413 14315 4152 8850 33312 36835 10128 13154 27361 2 36278 401 19872 10751 30353 20918 4701 2837 21254 7250 10199
173 15 76921 20272 7815 26938 34901 30903 36362 5708 3150 26732 37712 14870 32596 37539 18644 24357 32315 5962 37726 7835 6066 11283 14872 31738 15966 1160 12688 4273 27749 6835 10564
174 15 80152 17201 15111 7046 8849 38365 14861 20521 27956 9566 34856 15556 26020 36211 9331 19696 22339 9242 36061 1868 18107 25511 1711 21847 34577 827 20580 14600 15491 29118 27552
175 15 88970 20537 16086 31531 26693 18110 37040 4288 1727 5504 30519 5624 17511 14206 29166 34614 16377 24205 8474 18087 22869 32572 29566 10205 15300 27731 5917 29916 29904 19438 10505
176 15 88080 6580 30760 24078 19759 12644 28149 32546 31090 37379 25660 1126 7174 3018 20580 21458 22788 7703 7922 14248 5582 33762 26414 4233 6654 36603 19301 31768 38338 26455 4650
177 15 92550 27514 6586 3909 11386 34916 15929 2695 23991 4241 20458 28752 28764 34161 15225 22919 10684 6789 29616 32988 29731 38330 5370 29987 23972 1165 12970 19942 21669 20195 1988
178 15 59994 37537 6933 12786 9059 12530 12902 20631 36772 4345 14677 825 3177 5512 19715 14726 11261 28200 5773 5544 27264 17468 35462 2638 18997 4060 24120 18891 5782 14290 22863
179 15 111465 26346 4139 37885 13976 25501 20323 3088 35708 21790 9308 31814 15257 32294 20599 12365 4980 33125 38512 25227 20417 11654 14558 19297 17094 33167 9173 22755 19676 35243 24254
180 15 89529 1341 1574 29687 24039 24994 3300 28959 18174 18 4387 29252 31863 38653 18982 38425 28986 282 20596 33593 5376 5559 13935 6872 6935 14981 4966 13717 22386 32099 35951
181 15 99584 35580 18896 26224 9633 38395 37520 22049 31360 8855 22324 18747 29219 6053 20404 22983 27890 30927 13091 5303 25240 35155 16709 31861 34194 36807 30988 10163 19019 2845 11653
182 15 75167 8001 22323 32368 1725 20312 23470 34340 14395 34421 24536 33957 5456 7397 28287 6917 30346 2447 19856 10460 32752 2638 568 2182 7103 26064 29234 14042 14443 15012 18978
183 15 85495 23810 19376 14792 20277 10437 37899 11240 8550 15234 37279 14272 9580 31903 36343 19194 33691 5139 17904 37155 12616 16034 7508 28141 34075 20109 17629 13804 8387 23721 27831
184 15 86037 7177 12858 17011 26539 6028 17396 15147 11092 34460 19916 29516 16941 12042 8920 35373 2364 769 9794 36979 29967 9835 16825 37461 22306 1669 34659 10979 6282 32346 25006
185 15 77886 19270 23939 21328 26015 16629 9690 38470 9697 29915 18492 13415 31232 7715 9194 9140 26493 2927 5417 15062 7261 14204 20009 5642 950 24592 6771 30065 21830 11248 16187
186 15 72614 19262 18915 35109 4005 6459 32761 9162 9092 21199 8716 5152 23040 21670 4235 7897 12911 17528 16334 25613 5165 2715 38008 33994 18006 14105 22805 12682 27216 9500 12551
187 15 70703 9770 24321 13507 28677 33658 8055 27185 37051 30865 30750 25953 6430 15548 20953 3204 28304 3031 27725 19108 13729 17742 30241 1912 38656 4522 17044 4973 3544 24701 32508
188 15 83515 20806 37126 27295 37742 2074 28097 36419 609 24506 30296 26329 37641 22130 3579 24873 35616 14633 21617 7096 32176 23295 30073 26613 6541 6309 3881 13735 7155 2271 27117
189 15 99505 32667 23113 37346 31992 11808 29880 25274 33598 32634 10994 19330 29748 12083 23512 16749 15636 36416 27841 31265 967 9812 18082 24660 11391 20988 12043 12043 18791 8611 31119
190 15 97544 32672 38319 12537 32921 20443 1919 28377 4764 25280 21724 32009 21478 829 11986 8524 7961 35689 2466 23126 764 1245 22257 38672 12261 15815 17828 31884 6535 18047 35829
191 15 90383 22307 14805 7099 13221 2546 26006 10811 17402 3560 16915 34317 4609 24185 6061 13169 562 29033 35854 11887 6209 23991 10132 24210 19122 35544 19614 36773 10461 21845 36591
192 15 84062 37702 15709 32002 6518 32820 5320 13431 32300 8717 17776 15162 17540 19601 33600 27573 20510 20679 36616 18887 12262 11425 16994 3852 30930 3670 7830 22085 10210 12602 27032
193 15 80691 6203 23221 14462 31298 36140 21537 160 1110 22992 1500 22893 26658 38284 4308 28317 25418 11336 38149 21982 19320 18288 6046 27375 37886 12499 28425 5911 10783 2129 25776
194 15 73542 22032 23179 19180 866 5341 2069 20691 34687 21254 14707 14598 27381 20874 3348 31618 24966 6965 30340 13574 36713 4595 14137 3474 6435 26535 2942 6676 35847 27733 7425
195 15 56967 6382 23727 5498 8258 18079 17396 12080 38659 29115 20619 6634 2668 2438 36014 31594 11023 1935 3151 22290 21992 9122 16541 2024 12515 31005 38655 10179 14105 1516 4685
196 15 83030 18669 1321 22650 13069 22570 90 9178 29576 18424 4645 37969 2617 2403 10209 3937 22930 8111 28646 5942 33588 19210 11375 29499 36538 30159 33609 30394 15596 17652 23405
197 15 85836 16244 37052 30660 4423 5421 26465 16210 1084 22166 22323 15094 2670 25495 24405 26797 19905 10899 25071 36445 13745 23953 11604 18703 30033 19344 9600 3743 33042 14947 1795
198 15 86561 33192 33695 5667 23943 14719 31373 1615 27888 25932 6029 3579 1457 30564 3732 6866 9819 36645 10339 18515 13853 7155 36475 37764 11760 6840 29857 32030 10210 27454 8202
199 15 94954 31158 34474 32489 22379 28357 3492 31692 4437 8759 16869 15541 16319 34475 36703 12411 14901 34469 2698 7888 29256 18444 19249 5471 10375 24770 8687 17706 17441 12884 34585
200 15 82682 1438 29578 21972 16363 36708 1486 25347 33831 2093 20658 20018 17763 9199 31465 1664 29853 35334 34962 8004 20930 30670 25717 35289 20050 8595 29057 3165 16045 36111 26849
201 15 78029 25110 16026 3090 2847 29305 37534 2106 32724 19395 33706 17882 34810 21982 21196 23637 32611 19582 24484 6673 13515 21644 16690 22417 7729 6264 161 15498 16826 25513 34035
202 15 83181 572 15069 18618 32227 38128 7434 19964 19338 31102 14584 8049 17370 20204 4235 19225 11451 2958 26939 25855 6209 10411 24689 5353 34954 18910 4797 22347 27062 35577 13618
203 15 80026 26058 10361 16711 29181 22143 1583 17732 7015 47 26570 5258 5942 7863 19319 22075 3938 24423 19423 28121 29541 12433 32040 37231 25869 7190 29346 38062 4870 1408 24603
204 15 83461 20910 16951 6618 27521 38288 9431 32210 31253 3854 24517 9210 8953 37174 17606 9917 24364 15498 25577 6325 6808 31018 8479 1258 17362 34412 28191 20986 13301 10527 18489
205 15 90980 839 14930 6071 12453 31038 23170 10818 5086 25038 4627 41 17241 29764 33991 21091 10786 38694 522 21483 1354 6415 11177 19992 14549 33930 2412 34694 22103 23361 35455
206 15 89642 23272 14310 14006 3203 2386 27479 7314 17059 25727 3273 33604 9653 30795 19138 27743 17275 36524 9328 28808 19816 20069 35938 294 13424 17595 26691 29493 26219 1179 32984
207 15 70281 21518 38413 14494 13247 6520 33472 1421 1685 2320 3933 28 34518 18955 6921 24800 429 34647 8189 6123 19897 19382 7493 23329 8398 21521 6009 16950 2696 22265 9194
208 15 93880 37538 37380 26876 30586 13208 37654 11657 26883 32192 5796 532 13472 20088 13979 24576 8685 6562 31540 32338 37106 25852 1886 33002 336 1199 36372 10917 6850 36397 16989
209 15 72858 3741 13081 4528 29415 17770 21154 7673 13468 1613 18365 3935 10392 2917 8820 37767 11463 18888 5205 12091 23963 37749 33350 16681 22290 37937 1510 28606 36810 10965 14406
210 15 92961 1144 6686 23077 10351 34650 2847 30091 10709 15846 7607 23550 31683 10788 37350 6742 16064 398 32557 21517 18645 18960 23667 34761 14294 34179 13646 33866 18514 20304 5076
211 15 120102 28932 12327 25640 31836 31343 20363 2552 38437 36459 10625 38550 1180 34898 23788 33470 7658 9890 20205 6724 33484 36531 19482 25163 18096 30220 17783 26427 21982 33544 5522
212 15 92820 11844 17840 8680 37574 10050 19078 147 28933 30375 13749 34828 5386 29459 12604 26215 9552 29465 14343 20802 5997 32794 5129 5979 20424 33956 31768 24588 5921 10218 34715
213 15 95032 13502 37433 27661 19622 18489 21854 13822 18604 20224 16123 27940 34922 29215 1329 37801 27115 11748 5469 10236 4289 14700 35734 27363 27479 34820 20668 23446 15998 5809 1116
214 15 102409 17906 31787 30631 21744 19373 11966 25646 34597 32673 18531 9127 21649 34675 7854 15693 23015 15201 37426 27350 29571 33774 19928 3741 32619 30242 3897 9746 32150 35588 26591
215 15 77902 12877 29251 3347 2259 18115 36252 37198 30316 22752 30168 7882 36012 9023 34370 13864 28188 21968 38572 14646 7545 32673 7454 5383 31538 26586 31135 32878 5200 483 10630
216 15 84718 19404 24278 34151 8161 20172 22206 5254 16639 10440 1396 38541 19040 27496 36037 36071 29700 15476 25229 3089 3718 16608 3998 8839 1818 9332 27093 26599 23691 10924 24539
217 15 73649 4558 22359 27287 22110 796 4644 11979 37697 13304 32536 30946 3510 18004 1333 18176 28937 30527 10273 13718 27653 38694 31003 5659 7417 8019 20619 8525 4617 15307 31563
218 15 82367 37 2967 31712 37084 24620 25591 12496 35477 30516 12967 158 8917 10472 11841 33185 2014 14670 9061 15677 30747 28441 8498 22193 30765 36442 5845 528 18418 13410 7709
219 15 57433 2294 10260 811 25444 27189 35721 5048 5410 8911 29603 844 37307 37930 24930 5234 17100 11482 17433 31372 26655 2292 19647 27495 31564 10758 176 15973 20394 3812 32937
220 15 73372 16922 29244 8946 33556 14817 38538 34062 18091 3710 25209 35659 15828 16318 35789 23834 24703 12695 19473 8669 15267 23102 25668 6567 27777 17400 211 4603 17922 17270 33979
221 15 92900 1699 5447 16684 8135 14672 21943 26690 28203 3939 11673 29988 36284 38093 19226 38133 23745 26455 11828 18209 2690 34777 25916 3270 23683 32045 27927 14662 35881 10352 8783
222 15 94485 24201 433 38443 17399 27666 9814 4291 35900 20724 28119 37761 2859 32080 18550 15026 27470 24546 6937 32607 35558 551 33526 31672 18767 19724 33685 3348 14963 2311 4503
223 15 79851 7808 38285 37130 2843 18030 29815 30971 25973 35540 10251 2747 25871 12057 6302 15469 29964 24321 9548 2378 29861 32156 20742 6231 17725 6480 820 10640 31188 24215 22584
224 15 96922 10340 11769 36915 7730 27544 38678 31630 5826 9483 10523 24409 13996 3766 32553 36510 3708 33473 26630 13309 29939 6063 37049 31826 22885 35488 34868 13264 13875 9054 25649
225 15 88296 34544 37501 18779 15856 23844 27905 17210 11872 27137 29791 5373 5125 21979 2292 17176 24634 24317 34420 20030 30848 19677 12140 21444 26550 9606 12761 30498 12329 2706 32704
226 15 108018 8312 20003 29810 21214 34804 7069 32754 20650 9291 34760 25806 21052 22777 19156 32868 5021 29399 6219 21892 1041 17462 19739 5725 6752 36193 8712 19921 20255 33048 12470
227 15 87397 2198 15279 38005 25959 35556 4852 4126 636 22604 984 25573 14830 34159 664 4151 37366 12121 8972 7349 35250 28815 10904 21162 13148 13532 14990 25977 9512 15998 28310
228 15 91086 2189 14125 31125 5953 34446 10001 6538 25469 31334 16345 6314 3759 30529 7740 29289 8669 10694 9536 32992 36146 21707 30558 30795 23369 2697 9981 24322 883 8651 30559
229 15 107773 8429 35318 24054 4398 12797 14409 35059 16061 22031 6506 17491 128 32864 3188 17233 29565 27413 7586 23229 1354 34850 27132 25097 11516 37753 34594 34333 23505 6612 37853
230 15 111012 23503 21656 23029 21909 24699 20383 26073 2693 26990 21460 13587 12609 38688 1135 13133 15364 21376 23246 27538 35558 37051 7936 32857 7689 12284 9398 16828 36008 32407 609
231 15 61830 15841 2642 24563 12902 14173 7999 28168 8161 21706 21678 6103 7152 6271 27630 11127 9585 9768 6596 21866 7548 5493 2884 796 35985 30255 20823 4668 36543 5305 34110
232 15 84554 29499 7252 7966 27002 23916 28804 5038 4157 36603 7589 4606 2776 3849 32647 5489 32407 35019 21118 12776 29905 12249 30226 35726 22073 24779 24929 23760 32893 20572 27389
233 15 106246 21833 7678 11655 894 7422 7083 20769 16062 35403 34271 36577 16752 21828 2380 5816 4392 21565 12580 38530 5899 12768 15501 38137 12930 28967 5896 20877 21363 32007 25513
234 15 97352 10726 20502 38074 25327 8858 32281 25483 8350 37120 744 38299 24066 4856 658 23428 34728 34459 7821 392 34245 28005 13223 10911 30886 25488 6443 2603 7159 35806 37053
235 15 80663 4332 10934 3947 23786 9373 7863 26804 14934 30089 38563 36370 13768 15935 14373 23160 3105 19962 16875 29055 33571 27170 29148 28651 27686 13204 13607 104 37339 723 9571
236 15 67101 15962 12616 4320 29635 15843 33318 8455 17424 7094 3383 13480 15247 811 13113 10532 4960 20813 17140 36325 18391 37807 12919 14089 30761 33278 38276 1630 30865 3233 22573
237 15 57172 8522 214 6822 329 11251 15478 8479 14441 5040 26770 22354 30984 16584 31827 19351 9862 5716 2896 2851 32600 24749 38709 10704 10778 18569 35518 26027 18788 3555 2494
238 15 87178 14301 28896 18643 21146 5444 36312 27032 20093 5171 2402 4643 9309 14544 24692 34273 14696 32146 3280 32370 591 6895 12007 24108 3466 21025 36615 11686 20368 38313 30493
239 15 89106 5528 3437 5027 7837 29433 19465 22872 4804 18662 3276 34797 5788 7699 24577 18729 24202 29063 34782 17732 26452 34195 13340 9491 23783 7936 33824 24316 23363 31540 11745
240 15 77314 13497 30166 22137 32620 25847 7135 1589 30355 18249 8413 5345 10796 24519 304 3813 29100 4988 9798 10837 34624 23563 17121 38599 29653 36657 15884 1051 12511 27025 6856
241 15 88357 15081 37064 19842 19730 34535 8145 23483 7588 16912 27351 26859 4841 35333 20780 1737 28371 2235 10554 29948 17203 24154 23547 20297 30044 12613 35660 11503 2568 19994 31454
242 15 79675 13669 2932 15039 11910 18186 2800 6065 15979 23925 33298 21532 17822 29398 14593 28441 20138 37823 5935 6315 18288 19078 14439 6852 15931 13991 16899 18054 17011 7217 25235
243 15 87616 9044 5484 5706 8059 10631 26005 33185 37716 22282 8201 22483 14591 3799 34574 24910 19655 37766 4997 23549 25637 1560 22365 20596 23010 37579 37339 28993 3037 9973 25461
244 15 85123 31140 9559 38131 19232 3677 2861 4772 2667 12794 11124 35910 8994 17212 35685 33373 14575 32951 17865 2705 4427 3614 9611 20871 16125 16241 25661 3977 26699 26376 15092
245 15 93897 16996 29534 30247 19533 10610 34565 37651 11289 28819 15208 2891 15948 36902 23251 2401 3871 34908 1900 5987 8977 22676 1008 12697 992 18536 1275 31256 6251 20414 7546
246 15 67434 1738 19389 32348 36718 20347 17657 29947 2043 19038 34949 4881 31819 14158 36226 704 34386 30459 37791 10482 28027 10195 35540 637 27037 9746 14156 37185 38047 2915 24450
247 15 89079 16395 34968 20421 10185 5392 480 17135 29562 17518 37847 31714 8316 29215 8067 21405 10606 21183 33155 2348 10741 36120 27493 32103 16133 13218 30058 5635 33025 27129 8016
248 15 86595 12145 7765 14189 13964 23138 8432 29721 3078 22965 9794 9817 19378 33351 28006 34821 31629 14012 17791 31461 10495 20357 20745 21602 31017 3906 33080 2634 10727 14531 17073
249 15 95301 3311 27596 27204 25029 19265 24562 8306 15931 8339 29424 35563 7919 31893 7222 4878 9070 25918 11676 35034 19246 23606 448 30454 12233 27496 6804 3039 6552 33367 17314
250 15 76341 21977 29647 10157 21365 19011 12942 17613 15733 35504 25754 2892 33765 26978 11570 32750 278 13117 26051 3422 19063 9830 10017 18084 549 31654 36111 4674 22476 6808 33864
251 15 79139 23201 27309 38712 6011 24058 25054 4604 5509 13541 9962 7145 12297 29933 20129 5085 2762 13265 24907 5486 15294 22789 21599 32323 30277 5612 1623 20676 16973 17368 34580
252 15 95076 12318 2929 25404 20161 36032 16866 8117 30885 16683 25908 38360 23777 23046 21451 5610 20774 32362 20041 30085 37430 17009 1535 23722 6767 16557 21007 23132 13823 8484 9501
253 15 81355 23143 32215 22337 7253 19099 28203 3212 32675 28179 10416 4650 5373 25510 7864 36133 3648 7879 11645 2392 2838 25769 11457 30504 1262 1381 15028 12313 19708 28684 6746
254 15 82851 27872 22606 570 23789 2546 15977 1999 36337 17291 24603 29424 14723 9460 16802 33223 19796 28831 12107 15530 8867 15526 31459 20725 17345 32281 31566 13991 30093 26903 16910
255 15 107547 31911 25096 27453 8968 10940 18653 28428 20421 10225 29841 37081 14794 5331 17270 18544 29962 37437 7918 32049 29276 32168 19036 24602 19182 14164 32575 33683 22828 14477 35511
256 15 72976 2357 22989 28398 19066 21949 27223 2931 15648 19489 32159 32651 3653 33350 13869 5946 24901 1431 37126 19143 23501 29066 4483 7606 14590 969 28065 1946 4720 36024 30588
257 15 69156 37127 10125 10744 26850 7971 34739 8520 14593 22719 23314 21352 17879 7024 13095 5463 9425 562 17817 12949 7804 1427 11742 35601 5248 14345 23232 6716 4145 38002 20208
258 15 85402 38185 8674 17678 15416 16040 8261 32000 15908 22273 3088 2816 10354 16085 10666 9679 22903 30346 20873 2588 34890 14689 35126 9646 33196 9697 35551 34982 20451 27971 34048
259 15 64850 16311 2720 23916 20147 22559 11957 22570 34372 24908 2880 18106 30743 6737 16428 5523 18055 23711 37206 17696 4925 1835 29987 6398 17174 20655 32826 5202 8639 41 7936
260 15 82678 14429 15310 11599 27625 26110 14153 35604 26622 4529 38577 11724 8834 15306 22071 14145 31750 33214 8674 24828 14541 6462 23574 18221 18171 7992 10957 37391 5611 14041 38189
261 15 90602 36163 34166 19661 31860 18186 27208 13704 28881 19827 17582 31517 23672 4545 9978 244 18842 31234 19616 23632 26734 31308 31239 9275 22573 26496 16433 24227 4556 11989 18837
262 15 81225 3600 13342 30194 6154 21570 36026 16301 34312 31001 2475 14850 21850 6590 11783 31698 33520 2496 29497 19589 28670 31595 28292 26857 12230 18425 1323 13219 25062 2765 28324
263 15 97533 37936 28363 21782 35923 5401 16154 27357 23899 30053 27143 31495 18141 1242 29458 835 16429 32261 13593 23951 10855 3475 17493 25031 30468 38204 9647 28996 14381 17094 31209
264 15 95328 15418 26960 21960 22863 35707 14429 24348 2428 4291 7653 26283 20922 24475 10796 27684 25961 4430 8858 19315 16402 17989 13654 11921 8591 14226 8202 33890 36510 35825 34740
265 15 96482 19028 17933 18396 6326 34562 894 28603 21589 25206 8346 29297 31759 17252 20941 11235 13634 20043 11727 4125 21245 36392 18713 16319 13115 17714 5569 12913 4332 30522 2199
266 15 91557 30070 4121 23875 7357 15575 6515 16483 31155 17634 36681 30966 19056 24432 27675 5846 27406 35439 22166 19337 13286 16070 25798 2078 7725 19012 18728 11951 19741 36425 29812
267 15 97568 6804 35312 13719 2635 16566 7864 18637 37238 30629 35732 36402 24105 11804 12966 34257 13620 8694 18568 27602 31958 17548 38551 29430 36157 38085 21887 33001 14921 2050 36858
268 15 86762 11526 20616 26405 31300 4252 9758 24457 21360 17555 5707 13791 22024 27197 27113 25510 10800 29714 36223 26733 31787 19345 22834 4243 5690 16541 11653 31984 580 9956 25372
269 15 96568 25683 31851 34797 21219 26843 21431 5864 10069 16937 27327 9841 26176 21968 18906 6728 23312 21659 14879 18037 4679 28517 12354 28041 2871 15939 36077 37194 2732 23847 31723
270 15 82470 13081 15401 34157 22048 35547 17681 9718 12515 17579 33147 12458 9083 8642 33049 6646 32489 2331 31069 12483 11668 21541 13464 25499 17999 1438 31042 37068 20472 36713 942
271 15 100453 3838 3 32365 17167 1834 37524 25298 19997 30974 17074 15472 14703 34183 30785 2644 19621 19548 1538 37443 13843 2047 9188 29590 8268 30538 20887 34067 11205 35003 25662
272 15 92248 31688 22602 37451 3492 32024 22995 22732 21053 9416 22722 28933 2755 5535 13588 10106 37391 28891 7117 3927 20469 13581 23784 24558 18930 26678 36290 21502 1742 10472 34314
273 15 98050 1960 26785 34931 842 4458 30645 35599 21819 31454 4291 6589 6748 7451 36008 28018 26291 23583 5173 38481 13938 28085 34784 34681 32175 22811 12633 3380 28919 25355 15493
274 15 74540 9763 35526 3005 26246 33383 4976 32987 26199 21645 1258 4249 31644 4799 35437 28189 4175 28917 30949 5924 10658 36113 29269 1868 36544 1594 26371 16814 23547 19218 21511
275 15 85968 25008 37534 10895 16997 21182 11002 17266 24755 2387 981 37817 30517 8229 25811 37279 907 15570 27170 7106 3252 32115 19428 10349 7360 23662 1635 6842 8736 30854 14005
276 15 70474 16951 9963 7573 31452 4595 30132 7590 27040 34547 34825 17707 21252 21377 3223 35965 26237 1253 1142 22428 35398 27748 30631 5343 37852 7593 27060 19316 14354 4929 16842
277 15 81626 37683 26736 17755 23660 15257 9189 16598 36332 19350 4043 6634 10769 27605 13298 13204 21088 24657 22662 1093 15954 548 31603 20828 37 6642 13853 31256 219 32977 16280
278 15 88728 25263 9374 36790 19305 26915 31948 4194 26100 24964 29109 10016 22770 17526 4560 582 132 10717 33722 11452 224 27768 25559 30412 32841 37053 36117 30513 835 1598 33293
279 15 90801 2280 21700 9029 1935 17703 745 35669 24230 36441 24692 21477 9441 30537 34911 32406 10439 8147 27624 29166 38149 16798 38449 3878 26486 21998 16473 34688 7982 2456 260
280 15 84593 10814 20732 11837 22959 11117 37829 13404 21475 6797 32851 9829 35536 3722 38349 38057 25766 2521 25247 34356 23375 21215 7406 38275 23505 28291 3011 36844 7689 14900 32551
281 15 62732 26457 612 9370 17905 1652 16168 4747 5514 76 4004 12677 26692 26046 33632 4560 6848 9785 14524 2455 34357 33158 24254 12828 13172 4101 16742 34460 11736 26737 14892
282 15 101439 18835 19820 19552 24840 37576 26157 11930 13793 36119 13463 27564 37891 2627 9395 37956 3768 25662 26582 35647 15719 6697 38306 13156 35867 18546 23522 22057 35278 24206 12783
283 15 76465 9305 34807 28526 8429 34935 3214 15517 22973 26147 23863 10833 31078 12264 12958 1058 25642 10995 25036 20019 8983 13367 22878 15316 11770 16989 10564 30184 32399 9429 15234
284 15 83199 20677 5414 37398 12517 25564 13801 8907 19936 6142 14423 6718 1168 35169 19437 8334 7264 3616 1123 483 26522 31369 4505 22838 15573 3356 6245 37104 8335 29655 8190
285 15 93826 14856 18451 37742 35185 15003 12307 5804 30194 13796 18451 28560 3778 24308 15917 29915 24113 16935 5790 34020 1435 8345 14585 16634 4068 14304 37082 14018 28745 38516 22402
286 15 71319 12341 10239 2783 17418 2430 4173 34815 7324 32506 12078 259 32832 21158 30025 22417 8139 6927 28893 7554 32199 15442 35022 15906 13036 19416 29064 17153 28871 26625 21620
287 15 60654 22093 30290 14274 12387 35101 17591 7904 33121 10375 9750 361 27565 649 23766 19335 34279 63 3940 4411 22676 23819 78 15944 21841 10377 28907 36112 35452 1365 18421
288 15 94856 9739 11172 11299 24481 90 30436 4167 17850 25404 23641 20170 23864 31197 29701 26787 9690 31396 4429 37260 6788 34945 16643 14841 27642 20471 18665 23932 20230 24489 16852
289 15 77659 4585 20633 16098 21486 8473 32260 23160 19452 32069 7925 10195 28921 2180 17789 19046 13615 2610 16785 31294 1591 26030 35166 5633 10764 31153 17875 19775 1140 26563 20053
290 15 60245 6496 22855 8894 16925 12656 25059 3512 7843 31627 5123 20171 33536 6660 19988 2463 8359 28202 16675 5632 19181 11051 31681 6491 12849 15793 36008 17284 20779 23886 18778
291 15 108890 22970 23331 37060 9258 28602 27978 19963 14580 28003 38084 36823 14019 29788 24853 11800 10195 22586 19944 15372 29325 16913 27605 26445 110 26232 20019 2411 25516 38000 30661
292 15 88243 5262 18787 35484 13719 17489 38259 10060 16323 24946 5000 30658 21373 12543 12711 26337 6140 403 15518 38443 1756 31566 22365 2676 38667 9538 899 13447 8943 35293 7525
293 15 80546 36753 35028 12268 34861 26442 19805 5593 7258 4488 19837 28163 90 24135 29092 35390 24783 12454 38171 21256 27318 10090 31993 34974 19848 1997 26023 6916 11083 7570 17522
294 15 99993 24567 19544 19837 8225 18324 16676 1221 29650 2897 23685 36933 29511 14412 24795 19 15346 31086 38125 36064 12502 29822 26714 27261 11403 18397 17259 35455 15554 37016 5260
295 15 81800 29124 31519 7809 28788 18618 28639 16155 22102 31418 32111 4448 19512 749 29337 381 29593 38513 33444 19410 12232 37730 10723 9679 36432 32508 26084 16059 23448 10068 35769
296 15 112317 37350 17341 27615 3811 31250 9181 12960 28757 33598 27999 25816 32208 17807 26383 32112 22230 13741 7743 32689 29426 33813 19402 11345 5886 19949 22357 29249 14100 15099 22221
297 15 57404 2797 21110 2137 23618 38024 25859 1067 13450 2516 26439 24867 16295 21898 37696 25769 30691 146 13375 6236 32182 16351 16005 1771 32568 28904 24231 16540 23880 2326 20643
298 15 80390 4337 6938 4675 23127 19824 23904 12069 10346 33068 27068 25415 7876 3308 23128 31126 24505 32571 33169 23206 35168 13249 10518 32851 357 7426 13836 13336 6429 11507 1233
299 15 74650 27768 18716 19023 3212 5743 1554 30769 61 16465 22240 15856 30148 1738 1055 20245 25526 9489 32187 8414 20320 22113 38062 38527 20270 8303 29165 8740 5826 15642 24249
300 15 83084 5695 20251 33649 8825 5340 20228 25502 23876 8063 31060 22829 23166 30221 31103 3419 37973 26489 7692 23441 8419 31676 15455 24992 13254 13866 19377 7078 19327 14689 5943
301 15 88487 23328 22861 18422 21747 3487 5910 4772 8558 19017 8014 4383 2991 12437 1202 34091 6701 33836 33313 34820 6543 20633 2426 32021 30496 33869 13511 14773 19026 5069 305
302 15 85855 28926 21184 2964 38570 32498 8013 4590 8885 22920 10748 16451 34856 19325 10029 16017 21123 27773 12773 10042 1491 14694 7865 14165 34682 37555 34771 18010 33881 20256 32415
303 15 97823 15147 14109 17900 23369 24873 6510 16040 10532 37059 24392 13339 22024 12850 30811 38174 17421 24001 18893 38053 7158 6126 14032 19697 30445 33852 28708 16834 28320 12134 28656
304 15 83328 32044 36574 15025 14279 11081 20966 3998 16649 5205 19040 7409 30645 17675 31089 30669 20699 9372 18189 37018 21385 38625 5399 35515 29124 21508 34022 3440 12336 9177 33007
305 15 80184 12311 19306 26891 19566 20725 26630 20208 24204 2490 29465 1680 24154 25723 1016 27614 24771 25419 7576 12484 18024 33324 14792 6703 35164 24576 15255 15865 12576 11270 14092
306 15 92040 24097 21756 21787 33412 20886 5785 24885 9287 27276 10525 34829 17449 20063 36217 8030 6635 9417 9982 13834 30782 10226 33446 9737 21456 29448 38376 14729 31093 37556 33487
307 15 73428 30749 35170 878 3939 489 7589 29245 26876 35741 15101 27236 29021 5632 1685 8657 26351 19 23696 10453 13289 26653 3227 38584 16207 28968 37775 1405 20384 54 15945
308 15 73309 2226 7461 9770 18271 19991 16718 15951 14491 4044 11951 38341 31648 3782 34249 3525 28491 29427 8948 23550 8945 1303 15230 35838 36954 23342 32762 7643 19031 25633 28985
309 15 102952 15269 30565 29592 887 28555 24213 14186 21813 31829 28898 14608 7662 31623 23088 19567 4904 335 29638 33134 7520 14546 8709 32378 37333 31585 5068 22357 19285 23611 27411
310 15 78243 20445 9285 26010 27494 24832 16157 5158 7710 23884 20926 26102 16240 6004 13788 27531 33268 7777 16776 8657 21712 19365 15011 20049 36952 11799 18868 31488 24524 1712 9835
311 15 78429 27978 24827 3682 34086 9539 20586 14831 25777 33588 27283 24007 37686 27239 16312 11609 16890 10904 21797 1086 26535 9923 8999 37593 35662 4798 20109 24331 32256 20324 3358
312 15 96662 37032 23021 21989 30227 3262 19812 34520 30932 2227 2864 2705 26732 29504 962 35415 9223 32518 15487 27103 1967 21631 3151 221 20492 31593 10679 6117 32828 36371 23755
313 15 100186 9805 34517 23905 29636 27878 517 35966 25002 29829 7371 20225 4550 23498 16540 34352 22869 30732 24492 25818 1619 2913 2400 5892 13075 31501 13475 12348 459 19292 23803
314 15 111421 38260 17687 33799 2424 37908 17894 7936 10595 24745 11335 35011 21268 926 31828 27396 30205 2139 32122 25938 22934 36250 27438 19878 6240 30510 8747 14626 8011 36083 1450
315 15 86473 25178 24809 17154 12382 16836 8690 18771 10095 31029 18762 1685 21427 20146 4870 1020 14200 30175 29863 4419 26125 38432 31652 7378 24204 19631 22939 25635 14752 30755 29117
316 15 90318 11787 9548 14159 32253 17616 18106 22711 1081 11665 682 20060 5151 21989 31954 165 31547 32499 549 36344 36277 14272 18979 29412 32650 15145 13154 18666 36519 34570 22917
317 15 82170 12898 4990 21470 25035 19659 352 31051 14933 33137 32513 11446 30410 8504 11234 14009 11804 19419 30817 3705 23100 38103 17982 16447 12726 30007 433 5792 34521 8256 24252
318 15 82227 11295 2653 4016 24829 4058 28928 24363 31581 38474 38008 26133 17301 35874 23485 6557 17921 9169 22253 34748 27850 8334 3677 13059 7542 5009 35099 38484 23784 14518 28528
319 15 104353 25009 8578 33902 1332 22466 15947 19200 12769 35180 10036 21931 11331 32691 8270 37039 7726 26309 27828 22129 6796 29774 29574 12733 33318 1786 12119 15225 6612 12470 2530
320 15 84842 20887 26508 617 9308 28852 11383 5572 20494 36269 10713 8947 7268 6140 21631 20151 25680 15483 26134 25150 30106 25882 22579 15050 18342 17091 30292 28868 29091 27850 2397
321 15 88219 30121 226 33437 600 11089 11433 36876 15085 1564 2769 16883 29883 22158 12067 1072 19070 18229 26988 11513 5950 28326 11218 38547 25337 14638 76 7315 33523 22296 29170
322 15 66498 1637 699 8404 21171 17096 36 25910 24665 23699 4904 28449 17180 23286 35299 2978 38506 12442 29003 15821 20559 1343 7298 6801 35209 31264 14482 19622 30263 2910 18178
323 15 66027 13010 22298 23595 168 6556 2748 26922 5004 1875 10916 8972 33699 13269 11142 10986 20448 25251 16099 20533 38320 7419 14454 28113 12793 28550 37134 5007 38013 32 18342
324 15 90467 12358 34194 22808 26735 9172 20719 30482 26315 36194 8282 15959 32957 965 21815 26586 19627 20035 7172 37684 491 19190 31761 10686 12671 14057 30666 26733 27437 18650 2563
325 15 92777 18710 16513 30479 24730 25332 19457 21893 30117 31328 22016 36751 9846 31282 1495 11792 38079 8439 18311 37708 31861 2802 27333 12480 8897 29780 32700 2911 17093 7570 129
326 15 82338 16185 11282 1522 11870 31570 11630 29866 36916 13723 32803 20830 252 15250 37151 37814 24346 11066 24663 37 19359 13710 33987 20258 29500 23583 12481 28146 34112 10901 38487
327 15 96320 32038 38471 1802 1029 22009 21350 32959 35074 7626 753 19535 15095 24913 31420 21561 32095 14753 21426 19543 14486 35788 23889 17249 16353 17686 29579 28730 27171 24875 29993
328 15 100695 36093 26253 36718 3943 29739 356 16243 13602 21061 10838 12048 11732 15392 4677 8401 22631 29592 25363 27311 20671 21320 37709 9169 24051 28679 13236 16589 36449 27295 22468
329 15 61359 5802 36632 21784 19815 5291 32812 13720 28426 12275 37329 2129 21787 11509 19453 27298 35786 10750 13915 617 16650 32025 3065 30909 37824 12697 12907 6916 3829 10810 1580
330 15 77749 12891 428 17609 14561 32936 18147 33602 36642 25292 6998 13792 7023 7900 36494 8003 27990 7619 17626 27906 22040 22911 25734 36450 25485 1697 36820 6214 22348 4342 20790
331 15 83206 37395 33863 18218 13327 18425 8464 18418 15498 14481 27933 33953 28582 10022 31892 18061 29927 766 11980 13263 10215 32594 34681 2612 21771 11892 37327 37955 13057 9301 10530
332 15 96534 8897 10414 31107 9300 22835 37820 3567 9301 33598 4953 3133 18394 25004 31788 27131 3926 31192 8374 35300 17497 16853 1992 37250 28520 25369 34035 11139 6061 9407 11125
333 15 76813 33578 2061 25711 27562 7414 37777 10425 37360 25213 28837 9155 13586 17163 36043 3462 11866 14918 27422 37569 4283 31788 26950 450 1575 12592 32304 15805 7719 10802 24838
334 15 95696 35147 4747 14552 25789 7418 31615 36188 35767 8473 17877 32947 5941 22155 8358 10689 16749 28060 22978 20004 15693 23580 26930 16418 2643 35671 29798 1533 26016 26154 13089
335 15 89388 35041 5522 25848 25346 8504 12471 22441 6165 11960 19673 2682 34513 19684 31452 30034 17892 33580 32506 32804 27699 1043 18326 16794 27180 3569 26688 20328 29824 33651 3697
336 15 89439 29927 25956 2651 5322 34331 34941 19768 21365 21451 35636 7665 25462 22736 15404 13147 13292 24986 4048 22963 32546 21803 31322 31702 29645 37404 2593 700 31640 6899 29881
337 15 79940 8667 34910 12522 4787 23379 5671 144 7034 31892 32264 6196 29870 29152 34299 2871 16866 28271 13381 13197 29450 37297 38143 27010 20916 5083 17578 28066 16662 12721 11661
338 15 108082 28765 33612 29935 19662 30365 373 12321 14969 21201 34812 22667 31500 37720 12507 11930 24236 30032 17216 31471 8627 24790 14761 15980 6455 19552 16083 22068 19796 21479 16056
339 15 90673 1999 1515 27199 37279 25006 32565 13509 38444 11892 20401 2438 12990 32692 26316 16549 23679 9429 12116 6646 29440 27875 3469 38051 16705 28563 33952 24557 14151 35841 11077
340 15 69802 11426 16045 13655 17733 37518 15543 3964 31411 2543 21941 7998 25105 10651 1214 18791 38247 8186 26 23380 4869 38160 13209 16931 35610 9440 15785 15589 34599 14443 13118
341 15 77083 10033 33512 13786 17539 30819 6026 3767 4858 25663 25538 17289 19563 6772 3323 5572 9824 28982 25779 17601 18519 23705 17853 22567 282 3193 25248 26179 13249 21018 14506
342 15 79952 1468 3618 20040 17812 26656 13406 12855 13769 18747 1575 36899 6946 8521 3462 37139 10156 21351 34668 17624 1016 7248 295 17442 32015 15647 31981 5051 33492 19819 9949
343 15 75651 10381 13870 8460 3215 1475 27317 34788 29000 17764 29612 27840 9276 20801 16781 1092 28789 23168 37368 18192 23929 10848 5826 26583 12974 8856 8294 20868 7787 21054 38210
344 15 104385 30340 10479 25987 30068 29395 20202 36867 26824 28667 26074 4115 15162 26142 10258 30294 23778 12462 22963 19010 30423 5018 19867 34205 16326 21699 29486 19529 11212 24223 36314
345 15 82419 18906 29401 20088 6196 1943 7623 22731 37876 23994 12611 19388 23978 32286 25260 7279 20323 4028 3954 28605 31236 13995 15117 25436 14159 25018 16934 18348 34442 12686 24238
346 15 77587 19117 893 4959 30310 9318 5611 26228 1683 35608 4166 1336 6759 29425 32617 13132 1127 4871 19749 29747 34905 2446 905 7278 30175 20534 7545 33035 28505 21590 9794
347 15 92026 25119 7349 822 11168 23852 2963 11344 37555 35297 37374 3492 8560 33520 37590 10036 2623 25858 35367 29209 7366 28482 20433 15269 15243 11001 5080 23226 37316 30229 9514
348 15 92584 18142 3549 37863 37822 9994 28396 15155 5920 19094 33591 13402 4170 19015 25571 4944 25475 11218 11407 34743 26929 22750 7205 37246 1852 31652 6512 19999 18231 13398 4240
349 15 71874 4815 8641 29942 22256 22103 12025 15886 3064 9627 2914 23622 27263 6734 36305 19806 14218 4375 32183 7424 4662 14492 5018 38435 12257 15445 13376 19311 35878 7565 10080
350 15 104655 34113 1973 4788 6507 35374 19346 27054 15684 29669 35101 32577 28940 8073 33289 32253 8822 3276 37877 25480 15773 32111 3349 2262 21336 21557 28643 33484 30236 26781 25889
351 15 92973 32042 9270 22350 3775 13792 33624 22645 20362 8404 22093 18651 25899 2116 31936 7472 1488 25740 8634 32536 10317 4617 4295 27495 17003 26184 21177 36054 34762 29815 37609
352 15 87910 17489 1362 22169 3003 13422 34535 30364 10193 2786 9204 31519 27639 22936 25754 26967 31694 23450 26140 5865 7806 31479 36053 35768 35886 6652 11972 7937 23136 14231 29525
353 15 67753 18269 38022 8387 9167 20846 30377 16435 33760 15954 37856 1962 8170 28034 13541 25555 6200 11250 20838 5068 33538 12065 12823 34352 21060 6490 6926 5221 36136 15956 25766
354 15 106335 21815 796 3198 37214 10340 8478 23720 13869 19318 13794 33467 38579 29877 24721 21769 29298 38604 24996 21759 10028 24305 10799 26661 30941 31115 35200 24745 17836 23758 12506
355 15 86754 18603 1850 30991 29531 13942 25863 25679 36630 34488 29701 31615 35667 25927 9019 499 6392 27118 5382 1933 3980 2058 22476 21981 13763 32209 13259 19143 21134 2997 23926
356 15 80100 15906 16188 29910 28635 34498 26184 32469 27293 3227 12615 13255 24341 28071 20794 866 8609 28609 22273 9245 8825 15256 32939 13547 29283 28019 13851 2779 20537 11345 32443
357 15 88609 24501 7881 11990 33593 28268 27596 27469 35125 8298 13717 12056 33460 29566 20978 33906 15441 23653 3890 7349 21551 9749 31200 8328 28694 12025 37576 36214 12752 21993 20938
358 15 108060 32445 34474 25048 7246 26685 18255 30640 26690 22715 3020 26619 36019 28792 31615 23604 18879 25331 23197 8135 2026 21516 21447 24318 20191 10409 37219 28193 30644 25753 33778
359 15 89368 12347 38165 8170 22105 14016 24789 14070 27795 30434 37555 20474 9384 10250 26471 13926 13613 4053 2744 25416 17569 9668 10610 30990 13343 38169 7448 34272 33018 31640 25835
360 15 101428 33959 30160 36849 33017 23012 30992 11687 15126 6379 26076 32015 9476 30769 29 19704 9248 15796 4994 34303 32212 36962 10380 20115 36067 17922 22552 201 7407 18422 37441
361 15 95986 30931 10533 20817 33237 11420 2005 29719 2599 3683 38010 11809 29902 24846 4267 16721 20353 32681 33945 34091 2560 23743 33491 28184 8761 18439 17255 31433 9590 1439 27965
362 15 100430 21660 226 30630 10383 30810 27811 19910 25246 26727 22480 16097 4005 19614 25320 13483 21125 25890 33764 24912 19832 26472 31837 33120 944 930 10330 22220 14008 22294 38159
363 15 74280 33482 15494 26667 6499 13207 31861 14553 9648 14714 23715 472 37641 27135 20665 38305 19924 5994 20309 4937 22850 5767 35388 18959 33944 20140 19521 21067 38395 2201 25653
364 15 78621 20919 12239 15121 36541 24740 35799 8140 18112 25881 17021 32224 26972 19308 5546 8349 12768 3905 18751 38552 8708 27314 28367 1059 37902 11916 5843 2871 4917 21773 29086
365 15 95664 27915 27063 4702 18558 10173 25117 17208 7707 36220 35567 15238 8056 27400 3887 9949 24556 21125 17302 29630 9918 25938 30810 24636 25924 24131 29579 22441 28441 22177 37346
366 15 100242 16198 19129 2593 18414 28761 18755 15911 35129 35707 32693 26778 27411 2290 34577 32294 16077 25115 37178 35610 23305 5251 18700 37086 4025 32660 14642 25788 5518 12099 16340
367 15 97599 19653 9930 25085 32900 31082 6525 17164 29475 1126 6261 36058 28817 8811 16639 12921 3817 32503 32250 13105 17620 34417 5803 9164 26095 17842 4078 33649 27273 32752 34036
368 15 68007 4361 15933 1888 8143 2658 16193 35567 6869 25013 22958 5672 20862 5643 20933 6223 32283 14466 27161 2455 1903 36425 7631 17411 17031 24474 12634 32004 7898 12431 5417
369 15 91444 17936 32512 5846 29187 15689 21790 34241 9741 22161 14631 9560 31136 3908 30532 17859 10239 7129 6264 38476 26705 37365 30703 24682 18678 34751 29833 17547 36948 17666 25831
370 15 73281 11998 17545 13119 36815 29454 7187 27039 3640 11600 30830 7638 7028 1259 4883 3296 19176 19112 37258 37803 3826 4480 35028 11296 2744 35175 32708 25893 31629 5108 37068
371 15 91369 17575 12616 31865 36123 8875 21009 31594 594 4078 37627 5806 7743 5759 22056 25149 5594 12522 8179 20659 34089 28578 30840 37069 17069 20581 10029 34186 37557 20270 9675
372 15 83734 12024 15363 11696 7731 31886 37174 12665 6415 10442 25692 35587 32569 30561 13399 1066 795 4984 20502 29492 25564 23877 29316 31490 3894 9121 18906 20277 17185 13948 8931
373 15 78491 34523 35260 20477 3757 13307 24282 37653 4909 26501 28236 6398 32012 148 31127 6962 37243 29763 19815 16593 8732 6143 13366 211 16413 30376 20968 13942 1390 18642 8792
374 15 85716 13730 3870 13151 30742 14098 21768 22132 11289 293 9172 23298 37431 22550 38326 21232 35973 21720 38003 29494 9088 18674 35819 31684 28420 34912 6194 13296 8206 5459 37804
375 15 78365 9953 14604 28143 21693 25844 4768 598 18899 24731 38592 15066 4379 14699 21641 36743 25430 19874 33333 20281 467 716 12036 3641 817 3246 29223 25896 36308 31786 1845
376 15 89648 29358 24647 6334 18106 9857 38350 20829 28250 4384 6857 6396 29204 12020 32752 37821 4217 36967 27670 13998 30629 23307 10115 25871 29408 30714 7709 5798 24717 35175 15921
377 15 69726 6181 316 26726 25195 20366 25313 15574 35089 5986 14410 23087 32886 1511 27511 5508 29457 22739 8027 25616 35648 14192 740 24394 2568 8076 34515 1705 23196 30760 2613
378 15 37734 2088 28240 20048 12570 4538 12651 11308 28242 1006 957 7095 11726 3374 797 1106 27724 3466 34923 2666 34600 26468 28873 1208 35859 9869 3882 16449 37062 15091 19433
379 15 93550 24481 36050 32008 20121 31383 12435 22407 17593 29187 35794 12779 15949 36989 37793 16430 19096 26531 9670 18177 17375 3924 38620 16037 20215 337 34647 7808 33743 33357 23682
380 15 97642 11037 11515 22889 21090 30325 14593 32750 9912 14199 6344 29510 1475 18622 16482 26965 28952 36486 20216 4876 6794 22274 11435 9138 16748 20137 1393 20106 26140 26162 33610
381 15 78057 14135 31917 19635 31158 24028 38620 36584 32380 28597 3566 31767 36858 18743 4861 15759 5157 17782 25912 2297 17648 14647 10039 22051 968 5971 5571 7152 6449 1043 27915
382 15 69949 24968 22496 5853 19481 11957 6646 22363 23211 99 31478 27278 23985 22160 7097 11014 30573 8775 480 1684 10500 8682 4266 38667 37064 3829 16270 10076 9626 35761 31885
383 15 106204 11187 1112 5622 25630 17823 16492 16622 7759 25140 29922 18102 3094 35290 29675 22858 16260 37664 11198 18143 31542 31834 18453 33107 12537 24993 22680 33588 15194 22043 33100
384 15 101895 34724 4459 11074 22554 33542 6143 24976 3672 28581 18598 13356 19564 37287 12045 27054 36536 25681 12039 4527 14557 18059 24560 17082 19533 29124 30775 23686 10440 10898 14039
385 15 86621 15790 729 2264 36217 14132 870 6997 12423 8419 1989 26737 10846 30938 18760 3599 14726 35267 33379 27657 28930 19449 8091 16341 2868 37367 15014 35271 27663 8511 25526
386 15 61614 7654 28610 15549 21191 7944 11836 6012 18453 7608 26638 9085 8901 32476 26779 35418 32212 6649 22869 30176 33496 2460 17411 1496 9567 21040 36 20719 7747 1094 18464
387 15 91326 24442 10293 8672 23713 18607 10856 30091 13932 5041 38330 26401 19330 22189 36218 18410 13718 3200 17695 31829 34308 16001 10356 17206 7360 31444 6447 13542 28543 37347 18659
388 15 81038 21510 7323 21340 23461 30646 28737 25387 26143 12107 15596 12432 24404 19204 4441 37318 34676 23892 5460 5143 6128 4900 13483 36353 3392 7616 37381 10627 130 1652 31324
389 15 96698 37828 12040 14315 83 5409 34471 11567 27724 16764 25261 21065 29306 38173 17768 31407 19539 31931 18230 37808 31806 30369 17138 16333 23016 955 14860 9583 22145 18820 33927
390 15 92193 29316 6673 6675 10390 25735 32682 5874 15644 29961 11025 28387 34059 32676 18420 19556 29888 19360 38131 12807 9723 10027 13490 30519 26109 28078 34909 21194 18290 7147 17279
391 15 99463 17756 5053 25198 36454 30032 32895 32837 10078 2936 28360 29215 23610 3528 20047 33655 34318 16415 3071 28122 35556 22537 36181 37113 27792 9196 2417 12648 4046 30357 31952
392 15 92831 35367 17360 32616 13069 7050 30554 22782 32476 29598 13997 22797 16748 35625 34876 7821 29621 15065 9484 7212 18114 35888 895 4181 23151 4997 7647 32569 21830 15871 14315
393 15 91127 37275 22513 8291 17325 10362 9093 37405 7790 20591 20823 21177 30745 31004 1886 26202 36834 2574 24822 12869 16646 19652 31370 8431 24633 29528 30721 10781 273 27617 9902
394 15 66027 3038 26616 28350 36916 6561 29558 14266 21888 14432 32116 30577 36484 29560 37535 18487 16780 6158 23439 1288 38165 972 3023 25949 1499 5502 702 20739 28400 14212 1419
395 15 98760 14560 24704 30763 20855 18444 29209 31164 13095 26337 28548 21747 6663 15843 33307 16262 18906 3591 6766 11956 2694 14116 22773 33165 3560 23260 24900 33628 989 34367 33916
396 15 69141 1408 14929 26511 23819 3747 29291 38681 27840 37959 10430 35657 6423 63 37641 11759 30465 5966 10502 14731 4874 7538 4446 5585 5047 9338 24411 11974 15216 19553 12908
397 15 107575 19155 29597 35161 3259 11667 32654 35636 5981 29645 22923 22749 2798 5931 19077 34122 20482 22919 31374 34458 36456 27427 14708 12045 26574 38595 4496 20586 1960 8490 19638
398 15 99567 28039 16608 5850 23977 23137 6479 37056 2663 31991 38430 14734 8664 17718 10556 23948 6228 23816 19261 27742 15921 1553 2596 9819 9173 30185 2648 23651 5928 32652 162
399 15 84373 1475 30594 27827 16506 27152 11111 27200 6396 33035 5374 23029 15421 9811 13378 7910 16950 1592 19150 30750 15424 23694 27538 33794 34475 657 21476 9575 3420 23744 9227
400 15 83319 27008 26618 5446 13790 29887 18075 37668 11603 20910 21312 16917 35956 19390 3095 16057 13436 1498 3363 4701 6405 18673 38684 17512 5616 3151 15321 36471 33592 22442 30693
401 15 103101 21837 27888 17411 32293 20688 23371 33191 4007 35646 495 16085 28437 31519 26904 10080 25796 18047 19012 4189 13730 6157 37821 32536 13188 35991 19191 36241 4802 24055 16081
402 15 90319 30195 24916 16653 21030 30196 17139 2571 16713 4472 28266 33092 5599 12692 14590 21608 17897 21151 21194 30002 25028 20858 29534 19952 18219 11857 655 31963 8936 13802 36468
403 15 75944 12086 8034 22803 23551 23888 37063 5336 10595 33238 26589 26098 7719 10808 23131 28135 12054 5178 37582 19316 25305 1257 23430 8129 5745 11483 17662 28770 5426 16623 11744
404 15 120571 36086 13121 27485 13239 33270 38199 24512 19886 8035 30107 27148 24035 24874 35756 32422 28477 8749 33383 36241 20030 37025 4681 36457 12506 15035 5359 30156 17316 24410 5518
405 15 103879 12619 29084 5020 38662 38406 19239 11537 28472 37239 12298 19756 24732 23382 13671 2577 15101 34655 222 17694 33942 32812 25135 38546 2120 38090 22084 3247 12165 30686 7762
406 15 84187 29578 20406 26630 28673 28130 26998 1139 3634 1561 20104 37068 21891 23685 4073 9185 1177 13002 19173 2626 33033 18854 37066 32352 9933 4704 17198 27602 17248 24510 6299
407 15 83893 36595 19552 9753 5729 2810 4099 22342 30370 21029 15110 9377 4664 35467 18674 10737 38600 31107 35312 28419 3821 8545 13400 12619 13062 38119 18635 1592 16305 11134 14299
408 15 79726 20071 15153 32551 12328 35473 13118 21585 4437 20714 32619 18506 38549 22625 36106 5095 31545 4865 16589 7370 9229 8695 35825 9525 22946 30858 15788 18096 10899 9727 19804
409 15 68322 17219 9594 16324 9337 37979 20170 19579 22676 7871 15310 12734 3853 11955 30512 8625 24917 8696 36516 26182 36586 15775 11167 731 27864 21763 20504 399 6752 21910 11593
410 15 67733 11618 37457 15413 37304 12740 13396 10975 9189 31119 19629 20249 37808 1733 33046 3081 8957 11221 28654 18611 35273 26137 5909 36811 23975 21264 50 1063 28293 3743 26538
411 15 102050 21367 18826 27929 19402 17895 7137 38335 37035 5122 3145 38089 9992 11245 11024 18250 3340 11594 4291 35350 26617 33827 23158 11456 18008 37937 23803 11862 36224 19910 3232
412 15 69343 17985 28697 19643 28388 8107 32057 12659 12905 20040 22681 23419 11791 23156 11667 27847 34647 20662 2227 7163 3529 1615 12044 24851 33092 8187 34072 4456 38597 11354 38701
413 15 72148 10271 20429 100 35795 23443 32345 43 27728 28364 5243 2809 20795 33394 36168 12971 25886 26518 37850 32479 12835 18487 25389 21011 21625 5719 22479 1762 10984 23124 25191
414 15 73154 31455 36565 23840 18820 22704 1530 17168 27799 13729 8085 20774 1163 22963 29116 17320 27158 8938 6486 5051 25804 27331 11968 12753 38011 6617 23615 8680 20264 4525 19557
415 15 70092 10689 37165 25803 26663 33649 20639 3136 25765 7574 27041 12006 21867 18380 19171 11744 8774 7690 27317 27280 6104 3430 25715 30641 25752 14209 28051 18511 7609 8898 19712
416 15 70747 28588 9312 15414 28010 788 27284 157 31678 6429 2850 2558 17832 20471 12692 14509 34359 9790 31420 22796 19282 9243 22828 29192 36893 12858 34634 30816 25400 32216 3401
417 15 87247 13112 22302 13630 27818 26061 1050 8203 27325 29236 28580 3613 15277 4386 5338 27815 33783 14227 20935 35205 30806 35684 19380 28330 31658 12118 21280 37977 27939 1227 9304
418 15 79566 6024 19835 19350 542 31607 34414 28983 35171 17531 18840 2949 33895 1755 21169 31495 15285 6464 890 10341 5521 14035 28994 36886 1454 35656 88 19970 36614 2176 9325
419 15 94508 27006 2021 6226 2037 23278 12064 15186 36818 22256 27264 7876 23419 19744 2969 38359 18470 19072 306 25223 24970 21623 32395 16253 25108 22048 21063 36980 32273 13897 13937
420 15 93903 9567 15619 24285 27337 28440 17410 16841 1023 22878 15560 20234 1281 32727 13479 30552 17853 2153 22173 1486 15508 36975 16532 22648 14259 34290 35822 3871 29984 26063 6389
421 15 84102 22203 28240 31706 30169 2751 16687 5847 32251 30909 2478 17476 27070 2480 17359 34559 9507 17288 27728 13127 5074 12686 144 17203 9753 18757 26745 30844 23418 22505 18045
422 15 82078 25192 30063 8164 3140 7769 38449 10563 3786 18680 22975 22176 21670 37500 9127 804 31629 14018 24047 7714 20708 2122 8597 31195 10620 27263 12991 27395 34389 33039 30908
423 15 68706 10019 10914 6831 18583 12294 18463 3719 7976 16604 20239 20571 28974 16514 27571 4374 20216 12190 11878 12412 24668 26753 31322 10006 8344 29997 7805 34174 15632 12563 36422
424 15 89728 3827 14384 34648 24302 31269 33753 14198 17417 10093 9704 20268 9651 16415 35361 31367 4893 30587 30599 11635 9306 4837 37549 16312 13142 36284 6518 23939 12874 13416 16660
425 15 76734 18538 38121 2011 9121 1609 26758 18304 1571 37700 26740 32444 14746 6487 10519 21379 10927 32696 30936 21700 35382 16919 23757 8938 28655 2054 13780 19278 21085 15724 11654
426 15 90499 37849 14884 14035 34928 8692 24561 16109 8392 12801 5906 21399 15335 36370 4920 25539 2622 25402 18285 33763 25154 1761 13482 25699 32508 7256 38042 5116 1321 29873 16079
427 15 83053 22641 37197 2047 22658 21742 24617 35602 32399 8102 24195 11098 9873 5352 16030 18101 37125 2058 17570 16412 25912 34280 22693 26908 26868 27412 10927 18612 36317 26477 15606
428 15 83747 37003 5349 7966 6536 5763 27326 20041 10760 7781 7728 3506 9344 34330 37857 23853 13516 32856 13198 13944 20734 32087 31554 12696 6405 12308 8921 25219 32037 9806 17663
429 15 107548 36454 33711 24144 15029 27026 27406 1224 29247 7066 2443 35121 1733 26332 5288 34227 17495 18210 13550 13445 5177 18697 18891 36138 30097 23713 33847 32315 22875 24383 28636
430 15 62321 12632 35576 11520 26373 2491 35264 29259 21582 11255 22561 7410 31837 17951 14090 16102 20669 6981 8587 6697 18381 32993 13375 1926 19360 12919 29938 1445 30584 36157 32141
431 15 83849 28059 5548 17808 36013 17785 9239 11547 7787 20443 11777 24114 33820 11116 29420 10474 36937 19935 31411 23303 27884 38487 37968 9271 5410 11653 9197 31640 11018 3862 2034
432 15 96289 5224 5733 32751 26250 38480 35188 7052 36425 2470 2101 12102 5763 22056 27110 32400 29807 25550 1329 30780 3845 20549 7833 21741 31857 31882 12470 28444 19279 9485 11531
433 15 76530 30314 3625 10752 29589 16411 19461 22139 1183 3206 31389 30571 30746 574 22030 29069 31611 4790 10877 19004 33145 4573 30355 31962 32744 471 27869 12572 23223 38694 10431
434 15 82509 38521 30748 10200 9834 10144 12066 18944 35946 16968 4887 21477 33700 8405 18046 20611 19371 2347 10606 16848 3120 29976 24958 17540 31912 37219 37507 10891 6631 14942 33586
435 15 92994 35572 2248 6752 4905 33130 23288 24170 23857 14044 31175 10071 11971 38478 8312 23619 32698 23131 3026 6920 15565 2068 1965 6480 13478 28556 15621 31622 36059 25368 17142
436 15 93411 3254 19693 10710 23810 20402 8542 4214 27617 36528 5748 14630 13390 24012 12324 38087 22793 30533 27001 655 20944 34463 14236 312 21982 36099 33515 29861 5918 27610 10997
437 15 109872 16698 21643 27082 31296 6908 13845 34285 27445 37705 18154 12013 8770 23906 20128 37897 4326 35957 14167 38397 28133 38126 3884 13814 30921 25484 15942 6090 15193 11878 27832
438 15 81057 1987 9418 1298 17814 2516 2054 29048 15065 32088 5956 21932 16881 14172 8608 34694 6233 23239 24528 14221 13509 16113 28460 5257 29964 19420 37970 22633 682 31572 22295
439 15 69533 27553 6798 14442 5765 11467 33846 38298 10981 674 5898 8478 22267 4561 4728 37141 28183 25628 28542 11187 22615 6966 19626 401 34892 24176 3362 15464 17184 5343 7107
440 15 89187 15919 8083 36564 20735 9827 3887 2363 21282 1014 26760 3325 24383 16561 7538 36405 18873 33946 23966 33334 12008 21084 18559 1071 17637 32030 15956 17507 3531 36342 30402
441 15 96390 21964 2305 25389 8376 29673 23448 18883 22683 36534 8169 1512 20062 1122 10144 37622 10040 13158 38146 5408 25808 16979 37328 35176 31664 31796 1010 21093 18308 24993 33652
442 15 96855 22338 37699 9889 35807 12760 19766 9833 4516 27545 713 8631 13825 5260 16468 25569 18494 38100 8967 36101 22494 19681 5526 38178 9018 35542 22123 6180 4010 27243 6600
443 15 89599 16699 12846 5147 8942 2740 18906 33841 27393 32941 5213 2562 21169 29459 33355 27697 18342 38219 25279 28467 32210 32675 10611 10840 3406 13533 25927 18127 37732 5718 2139
444 15 87206 24186 12154 22038 2737 21455 27153 4657 38505 10629 8325 21018 23222 12317 38201 16720 28082 23850 33558 35962 19505 11809 35472 22819 20643 29894 32078 30915 17846 2420 7289
445 15 68144 1010 36746 11990 24229 30430 35179 174 32607 8300 36934 103 5546 15733 1563 31737 4530 27537 22469 18720 12681 26351 1078 18544 17132 30814 13811 4809 9094 895 20511
446 15 113700 29829 10827 29508 22071 32165 16763 26239 22654 26567 21298 11601 11492 33229 5463 20894 30637 26079 6568 26377 28920 5996 22038 34587 15489 18382 20779 29527 7104 28022 23675
447 15 74460 34103 21329 15633 27504 14190 38707 26499 22149 6490 9712 16097 12615 25542 7455 37916 34087 14035 24373 8708 16753 1706 19091 24190 853 6578 14013 13100 11803 3413 18401
448 15 85849 13398 29585 5050 3505 37765 31264 27277 24270 14430 4651 26586 14862 1120 24661 33796 187 10827 19709 10462 21439 13281 13776 35483 12264 27391 14753 27751 15751 1547 29180
449 15 103450 2346 24389 33482 2442 33726 37144 28482 18582 33603 12066 20561 36585 16869 35583 28906 31982 27785 12105 37126 18100 16671 32729 206 4346 26860 22491 26003 24077 12210 38407
450 15 83225 19275 11366 13657 33099 32273 38648 20046 6829 1681 573 15441 232 7723 17639 27006 30167 29351 37568 7182 37879 29483 26659 4447 28304 26323 31721 7815 17539 35715 19556
451 15 104938 11040 15074 13359 37165 37700 33051 32775 31677 37224 13613 11227 26315 25212 10648 37561 13138 36600 38521 2463 28108 19760 36652 2637 8964 29741 14016 37814 11674 14681 16732
452 15 89541 29764 34608 12157 24980 21988 36971 30182 33327 5248 23933 29022 8052 13451 9503 37501 6326 1594 16879 25059 26859 12861 7275 37527 8972 938 9185 3692 12176 37487 1253
453 15 88162 24743 19818 25911 9932 10650 26526 20537 26450 30079 7803 24482 24077 18920 24877 20646 1180 29697 23536 37394 30641 8140 28403 3789 25894 17472 34278 19236 36284 2178 32997
454 15 86600 4419 20975 17569 3846 25869 25965 14449 24578 3952 31700 33774 8098 27884 35230 24615 895 8056 35803 5780 32406 29035 37002 34848 14271 8439 35914 14853 22245 35126 14365
455 15 54868 2233 19919 11642 9685 5041 1881 17151 36637 5714 7046 29916 18903 3494 35872 5768 37268 27349 12066 21524 14270 7407 115 9237 29402 15879 35037 13653 17143 6888 7431
456 15 64806 4422 24292 11879 5962 32705 38476 17056 27265 6506 4956 10956 12921 16007 19087 27435 27560 9278 13530 17179 27268 6683 36080 17232 24662 18306 883 7689 29466 12690 33077
457 15 87770 6307 34969 30453 16172 7997 4179 23174 19768 30570 37744 18234 26869 6448 37740 18914 14366 19144 30513 1922 22597 34732 34508 32116 27979 27364 31559 1317 33959 33877 24144
458 15 83584 37178 32431 26914 16771 32699 31672 34485 5523 25538 27106 14176 172 2900 7022 20023 23308 8813 3614 11466 35730 21084 20023 20627 29595 1065 17465 3584 14028 18062 20616
459 15 100746 11643 24225 7806 13714 27402 35788 16205 6295 16071 23005 7647 13247 24743 7005 26913 27999 37792 9948 13223 487 38685 21685 38436 4971 31563 3089 8651 20544 29040 18242
460 15 94899 33727 3829 26986 14527 22028 7851 14171 20561 21623 30499 32754 38469 34481 18285 6380 7620 33577 31349 18432 38110 342 11432 16453 26315 16077 17527 28459 38248 10841 4447
461 15 68175 18514 31299 2152 32703 29189 12469 1064 22952 25259 19096 8290 23071 9341 16156 24666 4909 19532 13860 12732 23731 9670 31916 19043 38322 5158 6672 19468 27989 23173 10203
462 15 88125 27535 17184 28011 7623 37066 37467 22794 33193 16196 5534 19261 15027 11935 18373 8675 37076 11459 25394 34532 23603 14658 9923 8263 18651 8720 33402 17839 34854 26809 5799
463 15 87665 32040 1778 18779 6687 6360 9021 19200 34816 4646 3574 31885 17502 15194 32287 23936 1501 12663 20813 29105 33276 32871 9061 8981 27894 14097 32724 23280 13080 19182 12315
464 15 83492 21246 4564 37299 16085 22745 28833 2904 8701 7843 7063 30787 16226 11292 36960 12941 30964 957 11311 26265 12357 31674 13618 26195 37902 17560 35744 19529 29353 9070 18771
465 15 77166 13688 14111 30672 24853 19467 13098 500 5509 5000 23237 17912 10173 18597 26990 35044 29169 22613 5247 25534 16531 21917 35220 9194 17693 10434 705 21997 34708 4651 30620
466 15 90848 31946 27588 35294 6248 28698 2214 8522 18939 5104 13508 29583 19463 11691 15867 29037 2588 11039 10364 2784 20841 32585 16810 19901 27401 19064 4461 25584 7628 11996 10341
467 15 89401 15111 31894 11663 10522 12792 36623 36199 11046 37948 19117 18065 25037 38406 28387 1078 19717 11801 11417 20955 9397 22490 9878 15797 380 4722 36502 24669 24255 26310 4235
468 15 87373 37813 35480 7365 28584 3583 28039 33695 31133 36842 30546 4826 2254 7484 8850 28672 35476 25741 27602 2321 5573 27060 27008 6975 6840 17148 19079 32093 11061 19627 31325
469 15 87353 13074 2542 19598 28135 7121 32069 18776 33420 30893 8816 12755 8731 28019 1895 25176 28225 17572 2766 18904 27014 24241 35799 18889 1186 29815 14339 9641 36339 16704 14413
470 15 102501 33009 36209 18494 13577 6177 1903 30344 22564 779 22992 34669 7596 37042 28753 3346 8518 34838 18067 10097 6000 37326 485 22659 20014 32586 23151 16004 15545 24301 17142
471 15 94473 32032 4661 31253 2391 30397 14544 173 20754 18226 25650 38357 21011 3776 6551 2558 30464 26130 7750 37771 4326 38189 16329 5247 21698 16769 17464 17703 15132 16332 7542
472 15 90743 7968 20936 36614 8719 30513 38386 3409 18299 794 16053 6186 4983 25740 3739 14609 29750 8064 11863 25110 36588 12721 21496 24903 19018 37255 10504 34146 37276 34447 11369
473 15 119622 36199 10330 17538 9015 31998 33538 36720 29197 26959 27731 28934 6666 31400 8178 36382 5726 9859 1948 30407 6062 18501 6059 27120 20693 14027 20230 21700 30722 30997 22178
474 15 86702 2616 9075 20044 16475 15248 7455 23240 33613 3167 24569 28939 21563 16135 31844 6255 20503 32926 10687 28802 16144 33680 20760 145 1126 29903 16991 29112 23592 18795 22427
475 15 67658 5521 30445 34714 5224 3659 29409 23855 15872 23581 30792 14410 19285 1950 32853 20016 36191 22289 21392 9902 2023 1400 4601 16912 13534 27894 29844 15346 22590 4078 23538
476 15 88122 37394 15922 33667 13785 22688 20336 426 3083 25328 2211 4896 16070 15667 23725 19006 10773 10061 17256 22916 20935 15664 36492 30361 38288 4946 26541 12742 1946 37979 21649
477 15 95543 12253 681 35971 31611 32404 5542 37564 12916 24293 20895 4173 14247 27480 27086 30240 10111 16427 2880 25681 17915 7417 550 10043 8946 23505 24597 13611 32013 17416 22937
478 15 78933 36516 26271 23103 17086 3960 7540 14317 12769 29888 32966 1740 5120 19019 33656 23056 37713 5708 14219 12801 10185 16049 13208 33381 29595 13285 2919 28939 22130 1351 38057
479 15 90052 28850 32954 13985 20099 6227 166 33061 27489 25892 25058 21779 10526 6148 15432 25900 32936 14785 25004 38385 27453 8659 36157 6050 27031 17380 14228 19598 35814 33476 30115
480 15 97601 21413 20724 5018 23656 7162 31364 38435 36450 7571 21711 34805 6285 947 22731 37932 3069 25534 17604 37395 1101 4885 17904 36101 613 19047 37054 16048 10142 33046 12229
481 15 82770 26908 38582 24536 16247 13043 9044 30758 28024 24219 35553 31194 12872 8853 31891 29135 17964 33005 9908 2760 8714 5945 19763 1689 34775 15057 16944 19175 16889 9623 8102
482 15 91898 17528 27265 34212 12727 17858 12976 16011 28486 11460 2458 32343 10176 25768 18695 6210 10311 10058 23909 28370 28200 13002 18529 31068 33002 12942 14690 17790 8503 31708 24377
483 15 106044 543 30226 37547 8617 30165 4604 27519 18691 4317 31511 30927 25675 21411 22462 22374 6486 33354 26056 26022 34583 7962 13898 9995 35760 33941 15492 38704 33798 28701 11894
484 15 85194 10916 11628 26090 16820 2364 24650 20769 31287 8441 11328 28542 27093 35099 5445 13244 20999 3479 30503 38668 3446 23485 20453 15424 24388 19697 32441 25655 9627 12108 22992
485 15 71010 8475 28374 14967 10705 38454 11874 20371 38364 10724 11725 17199 14051 17455 29110 15254 24868 2703 9428 16760 18237 20790 7616 29658 18064 16481 27831 7350 32246 60 36603
486 15 83138 12160 21602 11483 1433 20700 4296 3379 21613 21286 15456 21477 23492 17962 3452 10296 19483 14004 31704 20453 28236 30993 30018 37392 17949 25678 17512 5573 18081 24292 23486
487 15 77538 23426 32122 9950 34171 23948 18137 17175 11764 2563 21995 8252 12637 32735 25526 1655 18769 13333 26771 4641 38364 19252 30941 15242 7610 20446 35522 38523 21109 27321 14433
488 15 85770 22384 8902 9556 19453 4421 12898 2818 14567 7495 2591 31120 14825 19660 33342 2245 23385 31325 18624 12910 26656 36522 9267 757 19308 36887 18572 34706 30249 33095 5645
489 15 83264 31817 5365 9842 1771 14554 8783 35451 9103 11318 7819 24581 8670 2645 13852 1787 17771 4398 17498 26619 32265 36125 15718 23804 13019 26769 22143 10749 32751 17088 7008
490 15 91450 20173 25115 32761 29501 15610 1505 24900 5640 6613 5897 1727 15066 35436 8345 38542 19135 19469 14480 17484 10766 1245 30004 22774 4072 26576 5584 36379 15583 5147 22541
491 15 82975 23887 33309 7242 20087 33274 16733 8044 12818 5273 1819 17629 3097 35507 25981 13857 15833 38251 18484 7355 28622 21032 28661 21991 13468 12776 18463 16278 20734 14189 16987
492 15 75261 944 21597 9057 14717 17313 37062 21558 28380 37263 27755 21165 3745 26735 11947 13641 27611 11118 38686 18677 12269 11678 36432 27116 18930 9552 26274 7728 12269 17327 12007
493 15 90666 11908 20698 22189 10720 24866 37129 21471 24202 599 30533 20919 38578 6969 7469 31347 16896 11589 18067 33220 10084 10595 23505 26235 6270 36629 14806 29593 37641 14093 35351
494 15 68858 10607 7748 35654 3680 89 3780 24915 2213 8005 12146 3891 6526 37803 22786 7728 21148 26151 22080 9111 10178 2602 33349 25 22536 13928 27501 19240 11121 29780 31709
495 15 93844 20942 15119 28411 22163 37271 1452 10651 24173 4393 33763 18624 6485 15565 8604 27202 27471 31149 6205 23182 20628 29765 33395 3813 36776 29290 16284 26973 32430 5583 21331
496 15 77000 5202 30660 25810 26722 7907 2015 11968 10249 1344 38249 28518 32952 14547 18853 22045 2433 11828 7762 6687 1379 6738 573 35658 18975 38615 31841 30319 32468 9481 26770
497 15 91263 15811 18846 12559 27719 20455 3411 17969 24404 9099 2466 11556 11062 32526 35591 32506 21101 27059 29362 34514 35459 11255 30107 9939 8038 19898 8563 29582 5336 19484 31472
498 15 90804 21075 31672 38431 10709 13531 25114 7482 2490 21465 32050 20698 30094 4011 23397 3886 4907 34557 23119 30260 8011 33003 29063 14623 25417 27443 5072 5243 26044 26974 15761
499 15 72277 22898 12502 29071 24054 15958 31596 6834 36815 9048 34861 36756 34599 430 21055 24923 36797 9300 10808 36932 13112 17092 21687 676 29931 11261 20553 15745 35458 4001 35030
500 15 82638 37718 35202 23628 14190 19650 19456 14976 11332 21529 3626 12752 20136 6258 37022 11871 23882 19621 9197 20043 23520 20835 35496 29829 36752 14450 33372 16928 25433 5372 34951
