1 4 19945 5559 47 6637 17476 31278 1441 23012 32265
2 4 10619 9997 8360 11406 22649 4631 23274 9363 2337
3 4 35439 33124 17678 10402 34880 36789 23852 37817 21875
4 4 21449 3420 1079 30025 21164 19880 25524 18172 28269
5 4 22258 18785 23603 3445 15519 21004 3415 30961 27169
6 4 18540 11465 26700 1225 25405 36209 20103 12904 5012
7 4 20411 32978 25952 6552 22108 21202 13542 7305 23269
8 4 19660 24761 30578 6425 36240 2268 32215 32080 2681
9 4 24905 11344 25313 28663 6271 33946 20498 9064 7610
10 4 35906 13213 11512 33058 21248 36506 24313 36912 36973
11 4 26372 22731 33367 20702 32217 7671 8329 36803 16520
12 4 17359 2584 13350 2753 10439 25130 24526 27399 27114
13 4 24238 3327 37242 18463 23474 28745 17567 30259 29053
14 4 19950 11864 27379 31437 1780 17321 28765 5880 5332
15 4 25686 26794 30194 18024 33552 27950 20838 12853 7657
16 4 20469 13549 35007 12210 6757 29726 4151 12746 5294
17 4 34161 22100 11776 26394 31667 28638 3917 36741 25771
18 4 18132 12446 37982 14669 30771 8471 3870 24855 15153
19 4 30285 36092 19443 12099 35902 35855 19963 16906 26009
20 4 28970 36517 37380 8022 7794 22251 30973 29778 29960
21 4 18058 2629 32475 8807 23886 18729 3929 30031 29894
22 4 35602 34290 29896 35042 3711 33518 24719 15824 21400
23 4 9861 10053 15936 6195 24303 6259 29187 10366 14757
24 4 19531 30605 30806 23411 2488 3825 18421 7263 34988
25 4 36169 30319 24534 26774 18382 33722 15434 29751 5084
26 4 22119 29797 22676 2421 14822 36699 10259 4814 24657
27 4 24516 10205 30809 10945 16806 26139 1670 34433 24955
28 4 28863 35553 8966 24556 25000 33943 12529 2160 25526
29 4 20192 22252 22301 31286 25434 9364 13261 4407 23156
30 4 32214 33391 37931 29055 24821 33007 22676 11928 27008
31 4 15648 18234 14505 16629 13194 10841 32866 6459 22387
32 4 22273 7505 38308 27258 10242 20018 15381 19464 37552
33 4 22511 17686 38404 7147 35257 33855 21400 16351 7133
34 4 15557 8733 11576 17917 8605 16777 36527 8431 30052
35 4 18039 9458 36475 2874 35156 12316 25656 35484 33235
36 4 14775 3091 11617 14954 27113 3744 7079 27463 19761
37 4 37408 31927 14636 24420 20855 32548 17769 35800 13680
38 4 12021 2592 31223 4000 21628 12836 13948 20642 8613
39 4 16430 24413 6074 11385 20448 7845 37971 11126 17414
40 4 25313 3234 4770 30353 6449 18958 30978 31834 2711
41 4 25510 1986 31337 31787 15534 18086 17547 33177 32687
42 4 26268 38326 27499 15564 31468 23773 17183 9900 9159
43 4 24360 11476 15699 9401 35880 34417 36640 25909 19265
44 4 12256 6681 2393 8696 14846 5805 4598 19674 31193
45 4 23092 12588 19251 16355 30510 17026 27101 31005 14873
46 4 20535 3395 10598 4601 17137 38306 11605 22149 4230
47 4 18589 23369 15508 9058 34014 14597 36389 14941 37209
48 4 8738 17854 19340 1622 25487 276 35926 9377 10380
49 4 21543 13454 26189 35225 11425 9971 38445 13160 12253
50 4 12307 139 36574 21953 24839 12363 36083 6570 5494
51 4 21034 22439 35535 32950 2086 11161 31596 3566 2245
52 4 16724 9790 37752 12114 15154 23160 566 10684 7396
53 4 25950 30983 34647 38708 12542 201 30474 16608 34734
54 4 29199 10066 8086 24457 3776 37275 13780 25535 251
55 4 20029 16579 29939 12204 12517 37980 33080 2 7998
56 4 22297 20752 18920 2738 5770 20610 27312 30224 32459
57 4 23072 13459 2570 37274 23292 4624 29919 21552 5833
58 4 24579 34666 33855 18266 14912 10743 32363 18256 19387
59 4 23877 12395 29598 28241 7479 5427 24980 33527 37631
60 4 26425 34123 6739 22879 17315 5820 34201 25264 34987
61 4 20351 11666 36967 14539 38667 23018 24549 18616 25466
62 4 28407 26037 29662 22841 6344 37012 7249 8800 9604
63 4 16834 6657 19121 37179 18311 5903 16258 6375 17030
64 4 18684 19532 22991 11252 8115 14898 35288 16599 16271
65 4 23618 4624 31538 13984 30168 35623 26974 24496 34680
66 4 16418 6517 34754 1944 32909 30517 16050 15749 3867
67 4 31590 26874 16976 34748 27993 15194 5807 28486 31972
68 4 31828 33939 6282 37088 4461 34973 30860 95 29047
69 4 29030 16102 33475 36072 2900 35406 12300 9188 27501
70 4 24861 15959 36360 36159 32514 23015 1497 7739 12914
71 4 28079 12229 26619 33538 403 33283 127 14547 9004
72 4 24906 11465 6204 30123 7712 34935 30458 6497 7633
73 4 25310 17389 30270 35828 6370 15247 9086 15903 3546
74 4 19657 11492 2269 30561 15811 16046 36971 7427 21831
75 4 19130 30870 37871 10829 29173 5422 5223 16646 10553
76 4 29508 33628 30705 35189 19862 17991 29058 11552 28549
77 4 20746 21018 37426 13483 23716 1245 17785 33409 12207
78 4 29006 22284 1404 5141 21891 36104 15499 33160 33685
79 4 14849 17862 34573 23857 7815 7044 17463 735 27695
80 4 22253 24354 19107 26111 17440 3515 23960 20197 15900
81 4 23298 35777 20501 4555 29731 9317 1276 28014 4039
82 4 26036 7235 30139 21963 1630 37805 21926 19786 35137
83 4 18342 5450 24037 5550 19513 14101 19801 36040 12247
84 4 14999 22925 6787 4973 28975 13757 10981 8344 20334
85 4 23080 1481 33612 18189 32849 25554 35809 31711 17664
86 4 22399 32242 35324 5469 30307 26860 19555 10093 8896
87 4 27910 17717 11866 19935 34174 34995 1392 20389 35338
88 4 30796 8894 2485 29273 22042 36620 31420 27869 9114
89 4 29766 16869 5019 25728 14348 35056 8826 21568 2172
90 4 10769 147 18237 1644 33880 14526 14079 19581 17964
91 4 18861 16572 7143 29817 19426 10327 734 6154 25489
92 4 25469 32836 2569 9563 4494 32419 37654 10080 16211
93 4 24632 31565 36665 22123 34751 23675 4719 4745 17949
94 4 19847 20885 18748 12815 2195 26060 11937 6398 10819
95 4 35925 38534 26591 9139 6069 33784 28733 38293 25355
96 4 27538 23190 2981 25227 20483 26822 6024 16556 19109
97 4 24695 2765 32748 10007 27643 35430 31404 34117 14379
98 4 38229 37433 8839 37348 20518 34800 23019 17851 3112
99 4 9167 25241 26594 3062 26141 2157 24656 99 12467
100 4 18370 21317 917 9875 20054 29293 13831 749 29975
101 4 23600 31688 26825 21976 27392 24763 37441 242 25246
102 4 18584 9609 4566 10368 23494 3611 29160 38360 3175
103 4 18621 22183 38360 14498 36338 25076 19199 314 19955
104 4 30081 34788 11141 28440 17661 35807 2877 1236 23996
105 4 36643 36514 10842 28449 33641 27624 18921 29559 918
106 4 27469 27922 22713 11598 15771 22325 34517 29720 5163
107 4 31341 12160 27591 37887 5066 30041 4323 24383 24117
108 4 26880 24443 36007 26148 28672 5164 18119 33848 35105
109 4 18024 4702 19151 12598 29847 5012 31519 37768 20775
110 4 13221 5206 15698 23005 1411 3828 28911 12034 30668
111 4 27816 33216 9156 15111 20526 12359 35753 32036 29144
112 4 23780 21339 16458 36091 11464 6463 37363 15374 14261
113 4 26774 38562 517 14723 32469 17395 12706 18567 21697
114 4 25532 37476 20895 21332 11127 5414 773 20886 33554
115 4 20824 9327 38390 5166 11747 17316 33503 37606 4438
116 4 15299 3128 17999 24819 12994 3236 31731 19815 35155
117 4 41785 36122 5966 38654 32038 30324 30545 34186 37851
118 4 19282 14083 14302 3420 33447 29491 4753 17281 15079
119 4 20502 30884 8427 1420 36449 29649 33683 6388 9892
120 4 25665 36065 17667 899 20675 19342 26032 29247 662
121 4 17782 11160 24565 14951 27853 17770 13452 15394 8239
122 4 28363 488 29619 38046 15886 17660 34819 38350 22452
123 4 13914 6907 30337 27708 35762 5437 35187 6329 25418
124 4 17339 2426 32816 13050 34389 26092 8397 16229 11308
125 4 23429 19176 7617 19496 30578 27861 12546 11565 25454
126 4 11058 3465 34810 3232 13507 13178 15702 16986 16643
127 4 21330 27274 32944 5019 26241 36791 2158 2018 35370
128 4 26621 28539 7672 35165 18702 4530 36601 20504 33695
129 4 34391 35909 25308 11618 35453 34626 4283 32486 14830
130 4 28777 32450 32888 25725 17563 5406 19623 32343 35593
131 4 10227 4817 13717 6698 20104 233 26028 22344 3907
132 4 31272 28479 11668 33412 3215 37015 20618 5334 35341
133 4 13519 17498 13330 6054 8575 18619 16451 2895 5753
134 4 16966 17504 35623 4937 19441 12929 29847 21185 13817
135 4 26725 23363 22220 11530 20865 26885 12209 27307 24196
136 4 40663 38252 15070 36008 4144 33117 17715 28168 10490
137 4 32016 18818 18641 19665 14126 30463 2853 37776 4505
138 4 28572 24866 6997 28461 31050 19331 21511 22585 14747
139 4 21384 18150 24720 18422 37460 11611 16329 23098 29039
140 4 22755 780 27082 12907 36618 23779 4407 38384 15045
141 4 21287 5484 10569 33120 8711 4340 4469 28014 4258
142 4 22884 24989 31907 14360 38454 16978 26151 19956 21723
143 4 20350 23439 1185 8 6047 22923 1379 21464 30557
144 4 29979 25454 26870 13363 12450 22435 23082 38680 29659
145 4 22810 14766 35860 29076 22553 30183 8656 2009 15503
146 4 25701 24603 5965 27283 35574 9729 30300 24057 34645
147 4 16942 8375 9423 24504 35577 22667 18945 930 24932
148 4 12879 7218 35274 4751 6931 29191 16713 1770 11693
149 4 18194 37768 25921 3690 19828 3836 37877 15353 6487
150 4 30687 32432 10519 30337 9568 10144 7684 29380 28227
151 4 22987 31249 28969 24110 7001 6914 9832 14351 18693
152 4 26632 15148 38436 38613 17980 12166 34010 22847 21572
153 4 17344 4233 5892 7266 1441 26341 34621 19975 1962
154 4 28761 28110 35073 13363 20989 26530 18263 27870 32902
155 4 26253 18329 19921 3153 7586 29310 23351 36718 28223
156 4 21330 2035 29849 34063 12180 15260 3073 19742 20804
157 4 12627 304 17762 14274 23151 14153 25792 13362 32256
158 4 23425 4838 9919 38270 21931 28025 17892 6953 30787
159 4 13821 3242 8058 9494 37836 26129 2058 7207 20594
160 4 28183 24673 4828 15212 20000 31868 14071 22192 1543
161 4 17149 129 17311 24892 10035 22619 11809 9525 30954
162 4 34433 29266 27584 21470 12584 26182 30628 37861 37496
163 4 20168 35522 35428 5623 13925 18063 8059 8021 10759
164 4 26761 37688 814 14521 25916 22382 36657 14615 14260
165 4 19369 7209 17288 3031 7618 17835 24595 36490 31833
166 4 25596 27242 11569 5120 20343 24300 24934 28659 14260
167 4 15361 4116 9886 21185 28531 609 23358 25295 2095
168 4 18868 9456 14858 8876 33816 25472 27180 19090 6550
169 4 24991 7225 35056 18114 36582 36038 32581 21929 20586
170 4 30285 23439 691 11720 6558 34865 38536 30928 6305
171 4 18456 3954 347 13741 37634 6740 37765 37086 23754
172 4 32076 37290 27185 18935 31413 14396 2663 36299 602
173 4 21430 28964 21244 8963 20885 31446 16308 2062 32721
174 4 30777 33924 15885 30977 12606 24171 37185 13520 1583
175 4 25280 10652 37137 27899 24429 10410 24865 35308 16499
176 4 22316 36836 14141 1433 2247 15890 30164 20228 15461
177 4 16911 11280 9900 4536 27317 6954 14222 33601 1277
178 4 27513 19066 7914 6055 22989 32856 9395 33736 34026
179 4 25865 26752 14179 8773 36354 15160 16218 35534 19751
180 4 22270 19333 30546 32490 1469 7053 25597 15358 18828
181 4 19207 3264 7589 15930 13011 34197 13460 10635 36098
182 4 14634 12 21378 18720 12698 1953 24720 28098 837
183 4 20896 31296 5817 15722 21384 17534 8230 5102 7443
184 4 24601 10054 12472 26129 6952 22019 20051 23804 35459
185 4 29333 34291 14453 5867 24431 26634 8391 30985 16833
186 4 19192 5402 30945 14646 16787 24690 5317 19237 27494
187 4 27045 24135 24413 28357 5394 8134 27796 29525 37996
188 4 33912 31197 2182 31099 27888 25594 9841 25153 8865
189 4 17962 16037 321 21554 15397 12001 559 10283 23920
190 4 22479 36783 31469 7767 24614 26502 11739 3879 34286
191 4 15997 14487 14912 21679 26424 8297 7781 8861 22010
192 4 24475 35846 21092 10963 16519 5942 36410 28833 38615
193 4 22002 37189 29990 771 14258 33478 15727 1904 18984
194 4 18908 14647 22587 31893 409 14769 28100 1718 18283
195 4 23292 4461 15621 19352 22486 35349 28793 18479 17360
196 4 14397 8177 13517 19672 36159 13238 24003 6905 17306
197 4 22125 31461 35087 21770 36418 12145 32540 8374 27050
198 4 37317 27198 1225 34753 15246 29386 23845 33056 3177
199 4 17772 18933 23068 25606 5036 7765 15471 6938 32481
200 4 25500 14883 18157 37861 2382 29609 5825 2647 27739
201 4 22916 9760 35735 17463 29832 12850 35651 36316 8261
202 4 29259 30959 9897 5464 38599 27257 29733 33853 32027
203 4 10481 14192 7666 1670 33376 6266 16636 12811 17972
204 4 35210 23502 176 32912 31067 35900 23203 25055 1884
205 4 28329 16495 34200 29503 7346 32839 16457 15594 14204
206 4 21494 10521 244 25273 1719 13190 2662 22664 31863
207 4 24243 25182 12171 19940 13147 11210 12421 24481 31585
208 4 23793 17304 15320 18354 30835 20868 9459 22784 23328
209 4 17173 10853 10011 10796 15380 34748 4772 849 14570
210 4 20834 19569 23568 24775 16761 19140 35064 5963 14297
211 4 25545 30516 27571 10136 30105 31913 1529 12585 17140
212 4 17626 13060 12581 3833 37584 16214 31886 25647 14297
213 4 33718 21412 23798 27107 28106 34975 4683 28902 31944
214 4 19706 10360 33450 17813 2382 37295 32699 221 10804
215 4 30898 34971 19369 19765 3841 35876 28651 12383 1740
216 4 21918 38337 16870 8064 24660 4359 34628 22300 10431
217 4 34875 23791 6160 22363 26970 37610 7506 32488 21566
218 4 29528 32622 7392 28165 374 13332 25757 24308 6154
219 4 25193 38256 25205 29416 14422 4959 37201 11346 27129
220 4 31053 4142 8360 32662 25597 29623 3676 37084 13266
221 4 26639 396 18313 33608 19590 34603 23106 20190 7199
222 4 15325 30162 3241 3122 17629 12442 24170 5360 17346
223 4 16211 242 19958 6712 27658 35412 24461 11673 21562
224 4 24845 20452 16550 7043 18350 27599 2765 27725 17922
225 4 18168 20648 16759 1951 26509 17295 30991 20668 25197
226 4 11428 357 21058 6248 19534 15752 25672 15739 27497
227 4 18625 442 5650 10996 33408 16581 28877 34066 9569
228 4 13512 4818 32860 2885 13416 6442 26957 30896 15094
229 4 34301 31172 38051 20795 2848 37104 25061 25268 26087
230 4 14738 1230 33494 31314 11366 8184 38396 8401 25039
231 4 19276 13887 29497 31374 11665 3654 9922 15339 28471
232 4 25621 28761 37229 28550 36255 4616 9961 23479 1417
233 4 17724 3539 27460 3971 26617 27358 23430 24215 2744
234 4 23460 16034 31079 13333 15726 27078 36886 21757 18331
235 4 26689 31320 18922 8985 12980 32657 9363 16002 18638
236 4 28418 24853 11324 3005 31168 30868 8709 36001 7733
237 4 18948 7702 24745 13893 21517 28357 15334 13211 10770
238 4 28018 17877 25624 25840 31881 32642 10822 17037 25860
239 4 23103 16639 22671 22304 10010 108 36111 37960 34381
240 4 26720 32568 31565 21884 29730 1283 21826 33334 13938
241 4 15058 21238 32104 380 17622 13795 22413 14783 21880
242 4 34102 22562 4659 20926 33794 34030 21652 36157 27505
243 4 27119 31516 365 7808 5513 21098 12322 29976 22625
244 4 16174 12190 16478 14929 31463 636 38708 26161 26989
245 4 18062 7962 22021 6206 27428 12072 29829 33969 27998
246 4 22401 28727 25970 26327 18010 5740 19498 13879 31472
247 4 16206 8067 28878 15181 27300 30749 4556 25 33175
248 4 19026 20045 29253 19064 36523 18514 11141 5798 5046
249 4 23169 27824 26916 13549 2169 34438 4894 1419 26159
250 4 15527 3388 28197 21102 36573 20432 5415 6835 21580
251 4 24098 23971 15101 21230 36827 25503 33443 9625 22008
252 4 22370 14070 13054 14464 16351 12816 24127 33219 23111
253 4 20502 26643 4870 1865 30774 12040 5779 27793 7131
254 4 33683 34212 2420 37662 9696 34320 3595 6085 23916
255 4 19992 4062 11443 9529 19855 38094 32813 14957 7775
256 4 23950 38120 3577 4325 2479 12158 6881 25232 15641
257 4 21667 12710 11772 24063 15354 28791 6800 6661 17083
258 4 12881 5982 19785 11035 12928 5 25789 25916 18479
259 4 18319 17219 36862 5770 13161 19393 10683 18682 14955
260 4 20866 13924 5837 13945 20658 33194 12874 8493 38547
261 4 22604 32044 20443 28666 19067 13889 35530 748 17292
262 4 21720 1409 32650 29540 25096 14554 27441 26900 22659
263 4 19313 22117 8389 11510 14613 58 6006 30693 14070
264 4 26154 33022 27468 33064 14604 7030 35575 14064 10837
265 4 29325 37695 27614 6798 25022 17064 35044 36195 36265
266 4 10548 5285 3228 8545 17641 16624 13244 4709 4780
267 4 34246 38549 24073 27665 16201 23664 11249 24278 25935
268 4 32649 34365 9690 29073 22419 32887 6299 12506 18256
269 4 26738 34665 19053 3888 4681 16024 34944 34550 38533
270 4 11883 11522 20142 887 9638 13837 8948 13367 9466
271 4 20781 9202 20025 29921 32657 11654 25333 18493 13967
272 4 22475 33202 23383 8317 29577 30714 16653 2685 31771
273 4 25023 34599 7926 6063 18840 5451 16878 37298 16760
274 4 25665 28650 27062 31661 18152 18149 9521 7090 11962
275 4 25817 34356 2813 23182 256 16776 24637 11744 25159
276 4 24496 34356 15604 12994 27755 9631 35009 24675 9152
277 4 25383 35725 38041 16445 11161 20706 1513 11737 24930
278 4 22390 10701 9 3426 9757 31972 37994 28535 30164
279 4 24742 16639 2109 6898 37735 29196 26675 29742 14704
280 4 26670 18467 16488 31858 33203 10122 15330 28454 24859
281 4 23837 14470 10296 22100 33227 6283 13549 36605 15286
282 4 5750 3171 30192 1169 36016 13670 34412 1159 4678
283 4 18116 4693 13894 13351 36696 11121 38326 31222 9005
284 4 30225 38584 35134 9234 20741 28093 27408 24842 653
285 4 16145 25716 4203 1597 37064 6302 7014 20202 8940
286 4 30905 22724 25731 32940 10925 38467 37936 8887 33304
287 4 23300 25164 9940 31635 16346 6828 8571 14041 9487
288 4 11223 5147 17196 389 22010 21603 18380 10274 16254
289 4 18018 25045 23422 4491 21692 19889 36159 10638 1051
290 4 27996 24398 22424 29875 748 10346 18813 28701 15139
291 4 31956 26838 12741 35013 25492 29907 25151 14765 21354
292 4 20326 23855 28458 7094 5581 17197 26132 19608 35764
293 4 13702 12035 26384 13767 17892 15052 36955 4821 17706
294 4 20999 7717 20993 13898 33974 30167 8671 18217 17162
295 4 15748 20681 35858 22856 26825 464 21153 8493 6077
296 4 14803 22303 21081 13014 7074 11162 4702 2865 5927
297 4 13117 13017 3895 13929 29321 4724 32192 12054 8931
298 4 13249 3866 12872 16813 8263 5975 11820 17511 31330
299 4 17635 26497 32423 8716 32894 18821 31893 4750 3794
300 4 26314 16737 1983 30296 25562 24318 10634 16364 23918
301 4 28668 26140 5173 35453 34906 5751 13891 28219 3248
302 4 34150 36490 30598 24791 31548 35904 2703 16650 5655
303 4 18752 34148 1135 14601 3674 4729 22895 9030 26177
304 4 27839 36153 31041 14761 37653 35539 28518 6346 14300
305 4 30536 30799 24538 17767 35372 24315 334 28908 29882
306 4 21324 2499 38608 25080 29631 17373 31876 26129 22975
307 4 23958 10253 33214 3834 5308 29272 19002 36501 38293
308 4 15694 5495 15502 19258 13579 3762 32339 23800 3212
309 4 30624 38479 31103 34817 18550 13655 12774 15130 27993
310 4 20314 5965 27414 2105 36561 29357 32168 30288 19429
311 4 16713 3897 30989 2843 5056 37587 16850 11385 16442
312 4 20130 12972 33461 10068 7850 37145 18709 6917 10487
313 4 28102 13659 35108 18697 2243 24139 15825 37179 6385
314 4 27054 3816 31270 31519 5789 23976 4005 30869 11492
315 4 8814 390 29254 21460 38514 2384 33502 5146 11390
316 4 22047 3514 17047 10227 8186 24593 38588 35158 36736
317 4 17192 2220 3964 31944 33899 3418 32876 19725 36789
318 4 20128 37788 3207 2646 34788 12320 29466 14340 28918
319 4 19543 1727 25559 21579 36981 31526 7219 10312 938
320 4 30801 34461 24178 25767 7564 21568 11082 20876 20144
321 4 6411 156 27781 5666 18853 13255 34420 2293 29510
322 4 12674 12687 15898 15223 31723 9168 26704 5170 25007
323 4 19193 14995 36137 13139 4098 8942 9684 26901 25820
324 4 17197 13055 22569 14492 33477 13454 22276 16324 37880
325 4 25699 1928 28753 19373 37498 37168 32196 27197 15798
326 4 9317 7702 19816 12224 5237 2109 10804 9023 10842
327 4 23044 267 37578 23260 30606 36876 29727 16411 11594
328 4 27650 27809 25901 32984 32252 25406 34282 5969 14669
329 4 27016 36746 25929 22494 5650 11183 6259 19633 35060
330 4 20356 24649 2849 5238 17533 1479 29784 36488 33775
331 4 30527 29930 37327 33122 19362 17446 18762 21260 23064
332 4 21273 674 20732 29824 37782 4014 37876 36399 22918
333 4 23758 2922 25461 15246 9356 29536 8333 31491 37237
334 4 10705 7170 9313 15199 1196 10615 5744 2700 1524
335 4 21808 8121 4487 21155 27517 6096 23090 37324 33402
336 4 22880 19429 9363 232 15657 18803 5047 37803 29170
337 4 24498 33142 9047 9089 30427 31348 30549 8083 8097
338 4 29305 31471 511 20885 8214 11437 17506 33893 20116
339 4 17780 3688 34428 14231 23997 36165 16240 5183 36406
340 4 36222 34954 1487 23067 7266 27404 24297 35316 6867
341 4 25037 15588 5581 30002 30495 5985 5186 31882 11409
342 4 18516 30919 20830 20755 18819 4919 1479 5130 21990
343 4 24866 35017 12667 27374 15242 6995 2569 13503 21816
344 4 24261 23976 4767 27006 7155 23867 11094 6022 36632
345 4 32016 27028 38549 26074 24301 31258 23443 22360 29380
346 4 28259 34387 3712 14046 26795 27987 35979 17779 31307
347 4 23193 22918 32374 16178 3075 24316 17279 13900 21992
348 4 25807 24638 30128 15804 30366 23717 31329 21867 26731
349 4 36248 35041 8028 19787 31516 35164 15781 30836 5071
350 4 15908 21074 27108 9529 20108 21861 16699 565 19589
351 4 28706 27756 36905 20384 867 17122 34498 30427 4533
352 4 22572 13046 30229 37501 18685 10773 21283 13920 27479
353 4 27082 11556 11544 6332 1582 36071 14753 36317 19532
354 4 17817 29751 37498 102 21538 25664 6351 3876 26920
355 4 22889 29418 16662 30403 8747 1660 5667 14818 8008
356 4 15385 3050 25015 4728 34199 28087 530 15420 15492
357 4 17768 21610 21099 12011 34105 15553 3768 10054 18005
358 4 22621 18464 23796 30189 5171 17740 14970 9012 11977
359 4 21087 23247 25255 15482 8912 27098 16632 4466 7607
360 4 16313 16399 21573 10492 17756 21580 31881 5907 32715
361 4 24497 36960 11 24075 37161 17447 3096 3176 33819
362 4 34454 22621 2576 35054 15520 26150 22029 31024 17824
363 4 24810 30581 10960 11661 15524 3674 5388 36787 918
364 4 32937 25078 7360 20069 26721 34918 33503 29728 27965
365 4 13432 12242 6191 4343 35290 1221 17778 26969 33744
366 4 18890 8373 13217 18956 15821 24927 8922 10712 25657
367 4 25863 18281 24560 26355 27491 28885 6645 12692 16418
368 4 21677 9725 18802 14806 13666 36995 9447 10732 37086
369 4 24714 18234 12315 30492 24758 2652 15290 31002 18355
370 4 26019 26840 9585 84 23201 29411 4758 30397 19545
371 4 25728 23796 8929 36761 28172 20592 14221 4612 25863
372 4 20594 7326 37871 37669 33496 1549 32478 22105 35001
373 4 29931 26886 11011 29919 30743 30962 35257 12005 5560
374 4 26133 25659 4972 28562 24619 2110 5474 30782 29388
375 4 23421 4366 6822 30644 3326 38677 3121 4383 10160
376 4 21619 11852 13898 32060 10579 2259 25458 25893 23488
377 4 26679 30066 291 19115 6950 9216 38129 30536 15883
378 4 12130 17768 14196 4344 9201 13494 84 4828 1703
379 4 20723 1018 10018 1402 2424 30327 23362 36331 22348
380 4 24788 38683 1902 15357 33479 11822 22360 16767 25737
381 4 22459 16444 22949 9214 29643 37293 27470 11913 1854
382 4 28647 11113 30824 31157 35917 26999 23528 26224 31815
383 4 19368 6024 31329 30154 12347 8398 9159 19984 21288
384 4 17274 7901 19468 1694 25140 26699 9698 21286 10422
385 4 20524 1260 22073 7888 6318 30090 12196 29178 15485
386 4 32783 38543 16961 37723 26837 3418 35404 29593 12555
387 4 29823 33230 35431 33181 28191 7457 1934 25543 36926
388 4 15780 12331 32438 7600 372 29595 13258 3077 7872
389 4 21294 28177 31877 17328 21925 11888 19874 13587 29289
390 4 19437 7365 24063 14307 23743 12972 6795 30147 15699
391 4 39717 34905 27041 37670 11155 31733 29302 28084 17226
392 4 35245 38085 3595 35965 9113 20297 31019 23137 7843
393 4 27120 26018 12726 35550 30201 24583 35281 4249 5643
394 4 22531 4246 17973 31270 10872 37392 30889 2196 27600
395 4 35186 20205 31537 22607 34039 37428 26933 37049 24551
396 4 18999 17599 26142 8290 33153 2892 6122 34551 12559
397 4 24229 38012 35614 2894 36260 16753 27152 23105 3188
398 4 24898 24670 24867 20785 19524 4213 19735 33326 27799
399 4 31475 33777 16685 4103 22078 33489 19596 33549 36516
400 4 24574 11228 14576 20470 31609 20703 6835 29515 21521
401 4 24444 28271 31125 17594 28472 5984 2251 29634 31089
402 4 16343 19686 139 26435 29673 6520 26190 1838 1192
403 4 25066 35192 36781 9876 1799 6479 224 32007 3178
404 4 31835 16238 24215 28547 6087 32427 1002 28905 34780
405 4 15963 7699 9984 24902 10729 17647 16297 2965 20661
406 4 18743 4015 27871 32964 8029 9899 16019 15601 14500
407 4 22569 18366 21058 24964 29092 24155 13691 7746 6403
408 4 22312 31156 23912 5298 16819 2604 18748 35318 10086
409 4 18890 32083 9242 19554 2020 2063 37160 9268 9244
410 4 32424 25802 12394 36674 3595 18281 7080 27323 8367
411 4 23433 8161 5231 23421 32771 11461 14670 35069 32045
412 4 15846 23321 11296 5700 33219 5924 31023 17876 11546
413 4 28242 23197 25603 4125 31492 31973 27569 34845 27517
414 4 25359 2278 8891 24450 36271 26892 14098 30911 5962
415 4 32640 34628 33899 20642 3266 23143 18685 30388 32575
416 4 21621 21888 29030 25254 16671 17048 34180 7882 37207
417 4 25255 7187 5815 30897 33641 17733 32817 28367 23014
418 4 26421 26049 28953 37530 3095 17080 16433 7414 22059
419 4 22622 8533 36456 15753 21084 15214 23586 35907 11124
420 4 22916 11419 27297 37701 34205 10591 33697 16676 33740
421 4 25772 345 144 36317 15423 12508 23786 36739 37214
422 4 27078 9073 24450 24046 7294 25807 29838 31335 28726
423 4 12772 5697 15253 14562 38552 14609 27817 7706 19731
424 4 15928 9941 10564 15052 25688 2489 2493 25614 37855
425 4 21667 4476 35390 37907 27615 875 28289 28966 7169
426 4 27825 32748 9113 8511 36863 30880 344 20612 34770
427 4 28919 23626 10513 31302 19978 27078 9172 14391 17299
428 4 36994 31075 25238 34131 769 36393 34825 21717 30918
429 4 21459 23730 6220 12304 7111 1817 6038 33680 36138
430 4 13970 12684 19746 26658 11717 1982 10209 5245 11036
431 4 27393 3307 12448 22689 23119 28919 17954 36398 10487
432 4 23580 19775 17190 24581 8695 6938 24021 27307 32337
433 4 33230 18233 23195 25708 1863 29748 2835 37080 32407
434 4 25306 8857 6467 25895 16279 12216 6108 37387 16387
435 4 20559 38608 20548 15929 1279 10181 9013 3815 10894
436 4 27960 29877 8502 29277 17679 22342 38589 11706 13363
437 4 32306 36099 31594 14262 19086 22736 10483 34590 669
438 4 23024 31147 31516 15487 35946 23456 28379 6657 3253
439 4 26624 14583 34986 21613 26459 34093 20669 18458 35547
440 4 27010 29654 27073 30207 1752 23149 30809 7024 10558
441 4 12973 10130 10749 20019 28894 9699 34917 3396 23611
442 4 11189 15622 27529 13900 27150 2996 13673 4780 31516
443 4 20879 38239 11530 2887 13228 26468 28572 2003 26589
444 4 5968 2305 33331 3876 23719 3876 20693 9838 11526
445 4 31945 30715 17945 18324 25081 31621 17249 25824 4073
446 4 16032 3015 24494 37647 8768 9812 4897 2969 18420
447 4 37944 35064 24152 31810 25393 26792 13885 32815 36894
448 4 36705 31956 27417 31220 15546 38134 2042 21043 27845
449 4 22632 34630 25564 25535 28284 6438 16288 8837 31374
450 4 15162 24395 23664 21263 1597 4810 36702 75 7332
451 4 29546 33679 28357 31038 11232 796 35253 32974 11345
452 4 14160 14662 5977 15286 24001 462 19325 16793 23578
453 4 33895 28990 16902 28017 7059 24273 36641 31705 10304
454 4 23826 37709 26842 9680 38708 14416 20623 17617 1826
455 4 9852 4700 19449 6974 3856 19100 13343 2066 31195
456 4 30329 31869 4582 33251 17338 6335 24928 29642 23932
457 4 25420 15469 28085 10652 18225 26316 23863 32298 15155
458 4 13840 9031 8893 5715 14470 12591 15263 18799 1817
459 4 11874 20889 30999 14374 29333 1266 35611 3051 3062
460 4 21963 34601 12252 32268 20453 2521 33762 3822 34922
461 4 24741 6883 31940 26458 33728 37351 12818 11779 6645
462 4 24957 12273 3931 35918 36260 835 1883 34167 13968
463 4 22532 24698 25199 10334 18882 37144 5944 2933 19442
464 4 8315 6494 32205 5534 14209 8787 32901 6903 9482
465 4 21863 11461 14270 34663 10991 7514 11608 19241 7242
466 4 26152 30587 32775 22012 25074 31466 7171 3110 6459
467 4 25052 15247 35241 11138 14149 21640 12395 35483 4468
468 4 23247 21450 3390 23645 3724 19223 30448 13174 26553
469 4 9921 13665 17171 5035 33056 3665 2623 10705 27346
470 4 22794 4836 34955 33676 9985 17436 3417 20035 13199
471 4 25109 16424 11545 15795 12405 32494 14382 18986 4420
472 4 18648 25496 26844 1837 13761 29811 15373 5018 2608
473 4 28850 34841 35856 34950 5396 2555 6492 23821 33064
474 4 22653 21574 19536 13861 24055 4585 21863 35491 33289
475 4 18682 14110 29325 30958 19827 13957 34330 3250 37834
476 4 18811 8368 1978 28737 2666 4226 3669 21373 36642
477 4 25106 11147 13825 15731 36322 25060 9810 31749 9124
478 4 26903 30921 36425 29126 22437 21225 27600 8406 20765
479 4 24862 30090 1809 14713 37356 24138 14098 13933 24382
480 4 22461 36494 24610 14505 22031 6930 10224 16941 18238
481 4 20356 25186 34306 13063 4306 5110 21324 24496 29324
482 4 20430 22313 36102 346 3318 24728 17372 20713 3446
483 4 20513 11430 3643 7916 5779 16691 21750 32342 25246
484 4 28970 29187 20259 26659 6857 32618 3270 8104 2588
485 4 13105 13479 8261 18449 33206 5575 32855 6181 35512
486 4 8188 6140 32899 6732 20283 9911 5615 4512 31512
487 4 19311 6846 16420 10568 3336 31196 14636 15763 9142
488 4 25263 9781 24544 35540 2971 11528 30415 27361 21503
489 4 33686 22433 10207 32176 5458 26396 4506 31283 23815
490 4 24354 14565 27668 30297 38544 14644 17736 21675 2333
491 4 24684 7756 9947 8315 22460 31331 33436 34878 18393
492 4 15657 7226 30093 12009 30264 29874 24822 3084 21962
493 4 3972 3538 16735 164 2459 3058 18297 6483 4739
494 4 27697 23328 17229 34337 2617 33501 8083 1158 16486
495 4 33145 24561 6581 33985 23934 29464 3991 22474 20073
496 4 15990 36566 26694 384 2667 8005 13354 8345 32041
497 4 17727 2697 13900 25171 31606 9136 23005 22086 22215
498 4 35302 36320 8881 24854 7402 35953 34893 20547 33209
499 4 26878 20498 9042 3254 31527 37016 26743 28826 32383
500 4 12687 1419 16248 22218 18341 13506 22480 5147 8118
