1 10 151874 33155 6637 21238 1441 15702 4204 28717 11406 16065 23274 29351 21982 5590 10402 3834 23852 897 1121 35294 30025
2 10 121712 18834 18172 10445 18785 15111 15519 17710 30961 11545 11465 12014 25405 2505 12904 33702 32978 12762 22108 17512 7305
3 10 124897 879 30578 32289 2268 6499 2681 25048 25313 10051 33946 18216 7610 12612 11512 5656 36506 14401 36973 30471 33367
4 10 165595 6497 8329 1911 22897 36130 2753 28275 24526 11315 9595 35387 18463 15240 17567 8455 26739 26850 31437 36934 28765
5 10 143836 33382 26794 8520 33552 10764 12853 31057 13549 3707 6757 8988 12746 33420 22100 26938 31667 10076 36741 12943 12446
6 10 180565 24045 8471 34844 15153 28632 19443 26615 35855 18751 26009 14028 37380 30692 22251 7741 29960 10452 32475 29907 18729
7 10 174564 8683 5315 4424 35042 35003 24719 22890 7118 28661 6195 14411 29187 28348 34324 8109 23411 36226 18421 31451 21575
8 10 119119 14180 18382 4992 29751 33630 29797 16038 14822 2015 4814 14057 10205 7905 16806 12575 34433 13759 35553 29748 25000
9 10 136716 26185 25526 32129 22301 7428 9364 25453 23156 19306 37931 9659 33007 16038 27008 6765 14505 22085 10841 5848 22387
10 10 196326 31209 27258 28472 15381 19250 37922 21028 7147 3457 21400 22363 8973 29981 17917 30109 36527 30283 15772 29256 2874
11 10 161235 26398 35484 5479 3091 27097 27113 34970 27463 18953 31927 24078 20855 6166 35800 25034 2592 7491 21628 25878 20642
12 10 124892 21377 6074 27329 7845 743 17414 8176 4770 8361 18958 7736 2711 20151 31337 6927 18086 21167 32687 34148 27499
13 10 150566 7246 17183 28814 14140 27238 9401 2834 36640 12805 12073 32033 8696 23868 4598 19040 33646 26126 16355 8204 27101
14 10 177458 23841 3395 28116 17137 408 22149 34484 23369 23206 34014 24117 14941 1505 17854 19374 25487 38438 9377 28334 13454
15 10 130196 3489 9971 269 12253 34936 36574 16761 12363 2631 5494 27762 35535 5764 11161 7118 2245 37415 37752 26600 23160
16 10 198278 28030 28864 7731 38708 26172 30474 22106 14647 28648 24457 34938 13780 13179 12853 22135 12204 26197 33080 38712 35911
17 10 166832 19794 5770 18104 30224 6255 13459 36144 23292 34090 21552 32881 34666 4859 14912 27971 18256 19327 12395 9116 7479
18 10 153210 13734 37631 15809 6739 15835 5820 4513 34987 20411 36967 24175 23018 14165 25466 35533 29662 15873 37012 31465 9604
19 10 196596 32057 37179 20403 16258 32339 4602 19182 11252 30599 35288 22115 29700 34090 13984 8546 26974 14218 30931 32197 1944
20 10 119544 8197 15749 34847 26874 21738 27993 23520 28486 6742 33939 32432 4461 3741 95 9667 16102 5239 2900 3308 9188
21 10 147603 36590 36360 2555 23015 37217 12914 7006 26619 5176 33283 38587 9004 27222 6204 8591 34935 8256 7633 13304 30270
22 10 159966 32344 9086 22811 15924 27222 30561 22903 36971 31287 610 7844 10829 9541 5223 22068 24221 5086 35189 18852 29058
23 10 133766 10165 21018 1288 23716 37469 33409 26507 22284 37310 21891 2610 33160 5029 17862 4141 7815 31670 735 11019 24354
24 10 171213 12603 3515 14754 15900 28155 20501 34159 9317 37438 4039 18426 30139 16751 37805 16788 35137 1779 24037 33164 14101
25 10 121738 2674 2867 15789 4973 9739 10981 30370 5179 37233 18189 5865 35809 7003 28496 6472 5469 8407 19555 28621 12369
26 10 156990 26848 34174 3719 20389 3376 8894 36229 22042 2094 27869 29600 16869 33695 14348 3658 21568 36542 147 20477 33880
27 10 141910 24635 17964 15264 7143 8897 10327 37980 25489 4704 2569 29151 32419 1060 16211 5111 36665 16591 23675 33995 17949
28 10 169417 17829 12815 36519 11937 32316 22046 180 9139 32645 28733 421 36753 15524 25227 18231 6024 22158 28393 35949 10007
29 10 175321 3284 34117 24335 37433 29875 20518 3914 17851 35602 25241 12120 26141 36557 99 26247 21317 37797 20054 9421 749
30 10 158541 37999 26825 16738 24763 1273 25246 1192 4566 28346 3611 9554 3175 24501 38360 24216 25076 19515 19955 34843 11141
31 10 142312 21053 2877 37478 18735 2200 28449 5073 18921 9155 15797 10792 11598 22943 34517 8994 20514 26554 37887 33648 4323
32 10 153292 14597 24443 2707 28672 33550 33848 3609 4702 19563 29847 33702 37768 17939 5206 23016 1411 34886 12034 8046 33216
33 10 127168 23603 12359 2961 29144 12334 16458 2623 6463 1351 14261 30969 517 23991 17395 26008 21697 17738 20895 17382 5414
34 10 135432 17828 30639 29387 5166 26967 33503 1108 32367 35586 24819 25720 31731 18899 15048 2592 38654 6676 30545 4528 17424
35 10 174451 24412 33447 9223 17281 23635 30884 30287 36449 9065 6388 28822 36065 21047 20675 19372 29247 38052 11160 14149 27853
36 10 106187 25262 8239 5550 29619 668 17660 3895 22452 20398 30337 11006 5437 3527 25418 6447 32816 25664 26092 30317 11308
37 10 166232 19538 19496 8136 12546 27149 24664 35249 3232 25207 15702 21728 3120 11440 5019 12473 2158 36696 18049 10175 35165
38 10 149051 34184 20504 5019 35909 13406 35453 4088 32486 23884 32450 5826 17563 33308 32343 3121 4817 24997 20104 38481 22344
39 10 162644 30155 11668 5302 37015 18096 35341 11499 13330 32660 18619 22263 5753 22158 35623 33777 12929 8867 13817 18529 22220
40 10 113414 17849 12209 11407 36698 462 36008 34570 17715 10546 19424 19896 19665 24588 2853 938 26208 13848 28461 7664 21511
41 10 177560 23967 18150 13994 37460 27103 23098 9675 780 11632 36618 14935 38384 23669 5484 28145 8711 34374 28014 34456 24989
42 10 174724 24354 16978 12563 21723 9525 1185 38706 22923 37335 30557 6744 26870 25351 22435 15632 29659 38558 35860 9638 30183
43 10 192076 36705 420 14111 27283 3140 30300 14657 20820 30339 24504 3137 18945 37784 25076 31496 4751 31783 16713 36944 21201
44 10 167195 12793 19828 34878 15353 32227 32432 28195 9568 28570 29380 10487 31249 9745 7001 31800 14351 20021 15148 278 17980
45 10 169929 4704 21572 30181 5892 31448 26341 4093 1962 25106 35073 25351 26530 20451 32902 20154 19921 35561 29310 15363 28223
46 10 223521 36679 34063 26534 3073 18972 30714 38410 14274 15563 25792 25352 16485 33876 38270 16783 17892 31761 27447 35472 9494
47 10 142022 12585 7207 18120 24673 33886 20000 6846 22192 37171 129 21403 10035 16095 9525 7760 29266 11130 12584 12532 37861
48 10 187006 32385 35428 33091 18063 30655 10759 10220 814 24193 22382 2057 14260 21102 17288 35683 17835 14119 31833 30253 11569
49 10 139221 18371 24934 10055 9265 34598 21185 10183 23358 13419 18958 29258 8876 4898 27180 19624 28971 31489 18114 2132 32581
50 10 201335 18128 23439 38023 6558 3849 30928 32409 3954 38367 37634 31974 37086 14960 37290 11529 31413 24318 36299 38112 28964
51 10 150316 29751 31446 22406 32721 13885 15885 7737 24171 1529 1583 33025 37137 10815 10410 13849 16499 17618 14141 37281 15890
52 10 96226 18486 11634 27434 4536 11397 14222 5113 1562 19648 6055 15725 9395 4978 17998 11962 8773 2360 16218 3180 20952
53 10 178275 8168 1469 31661 15358 19886 3264 31125 13011 4517 10635 2616 12 17336 12698 36761 28098 37877 31296 32897 21384
54 10 176439 30484 7443 36812 12472 12585 22019 18663 35459 710 14453 32847 26634 30323 16833 660 30945 24068 24690 33397 27494
55 10 132278 14579 28357 33320 27796 9189 17677 7517 31099 10826 9841 13561 9682 22677 21554 23317 559 28431 34038 1931 7767
56 10 121612 12212 3879 4428 14487 23802 26424 30417 8861 16704 35846 17622 16519 32772 28833 99 37189 8724 14258 5236 1904
57 10 129497 9580 22587 6821 14769 10614 18283 37478 15621 19362 35349 9921 17360 10023 13517 19042 13238 14711 17306 24320 35087
58 10 174940 2296 32540 30340 29814 11516 34753 23468 23845 5658 20786 19781 25606 33678 15471 31776 15849 23831 37861 36332 5825
59 10 161176 10975 9760 2979 29832 25864 36316 30453 30959 28817 38599 11457 33853 6687 14192 31048 33376 32448 12811 20742 23502
60 10 159265 5802 35900 15511 1884 36786 34200 9211 32839 22257 14204 25942 244 13441 13190 36052 31863 15306 12171 18774 11210
61 10 177888 14233 353 21410 18354 7879 9459 15930 14453 27861 10796 23334 4772 37865 30596 19145 24775 21953 35064 32751 3760
62 10 114605 11143 30105 6801 12585 21574 13060 26133 37584 22500 25647 24417 21412 14916 28106 3739 28902 6770 10360 5264 2382
63 10 164880 6015 10804 16901 19369 18949 35876 10063 1740 35109 16870 30650 4359 4086 10431 36768 6160 16351 37610 31208 21566
64 10 158874 6092 28165 38340 25757 14406 5778 458 29416 24292 37201 27368 7109 34572 32662 13117 3676 1630 20906 38318 33608
65 10 152982 4111 20190 31515 30162 35473 17629 26272 5360 21368 242 18756 27658 3302 11673 17152 20452 22164 18350 11115 27725
66 10 198688 30307 16759 36763 17295 7723 25197 17426 21058 32466 15752 13042 27497 36623 5650 27718 16581 9837 9569 36456 32860
67 10 189592 25298 26957 7818 34442 7542 20795 35866 25061 13446 7686 37484 31314 27348 38396 30313 22688 24827 31374 27049 9922
68 10 145085 10243 28761 1485 36255 34098 23479 37297 3539 11254 26617 11356 24215 35970 16034 7635 15726 11636 21757 20383 31320
69 10 206576 29729 32657 29351 18638 5732 11324 35709 30868 30005 7733 34639 24745 24821 28357 23380 10770 31980 25624 12874 32642
70 10 124975 21677 25820 22075 22304 28704 36111 754 12727 6146 21884 8984 21826 5380 4745 17476 380 21092 22413 23931 29048
71 10 168587 34055 33794 4684 36157 11209 31516 38349 5513 17616 29976 16089 12190 22236 31463 38078 26161 11725 7962 16693 27428
72 10 171931 8885 27998 28123 25970 12387 5740 19216 31472 23745 28878 23533 30749 34158 33175 17644 29253 19650 18514 27573 5046
73 10 179551 10890 13549 36545 4894 37295 15742 35326 21102 2141 5415 31879 19937 14743 21230 1887 33443 29089 730 24644 14464
74 10 173583 25898 33219 15603 26643 33844 30774 26674 27793 31583 34212 36294 9696 4394 6085 14798 4062 27271 19855 620 14957
75 10 177123 38596 3577 34389 12158 31833 15641 5459 11772 14651 28791 31914 17083 4791 19785 27679 5 12925 18479 19167 36862
76 10 187086 25553 10683 20032 19129 24790 13945 18056 12874 30221 15044 6670 28666 19647 35530 37966 31371 37305 29540 13618 27441
77 10 172548 16055 22117 30325 14613 38656 30693 24644 33022 11246 14604 31684 14064 27877 37695 11100 25022 21650 36195 2449 5285
78 10 183656 30169 16624 25470 4780 26414 24073 11049 23664 27465 25935 19495 9690 9641 32887 32415 18256 12627 19053 34826 16024
79 10 153797 4164 38344 27192 887 29076 8948 25347 17812 29512 29921 6057 25333 20221 34929 5512 8317 9137 16653 36029 11904
80 10 191582 30788 18840 33263 37298 21954 28650 11652 18152 20565 7090 26752 34356 35901 256 21938 11744 13555 34356 23110 27755
81 10 169022 3705 9152 26314 38041 22269 20706 37201 24930 9393 9 35288 31972 720 30164 32533 2109 31816 29196 12039 14704
82 10 142140 20247 31858 5511 15330 10260 25254 24244 22100 5487 13549 2109 8939 35543 1169 2698 34412 37555 4807 34021 13351
83 10 175592 27593 31222 29709 38584 3580 20741 10621 24842 38061 25716 34511 37064 32412 20202 29774 22724 12983 10925 247 8887
84 10 152301 9252 9940 7079 6828 30143 9487 24209 17196 38325 21603 20334 16254 20000 23422 34223 19889 2555 1051 4257 22424
85 10 169300 37966 18813 10013 16315 11876 35013 13222 25151 23949 7069 14859 7094 33133 26132 19106 34905 26679 13767 20822 36955
86 10 176434 21008 7717 17721 33974 8547 18217 21552 20681 2856 26825 38250 8493 32637 22303 17633 7074 27552 2865 32787 13017
87 10 138760 24785 4724 6522 8931 19282 12872 21901 5975 26894 31330 5926 32423 29998 18821 6821 3794 22904 1983 8418 24318
88 10 119976 22350 1305 12574 35453 3808 13891 10495 31620 2224 24791 7166 2703 22064 10687 4566 14601 35040 22895 29684 7166
89 10 92284 7673 37653 3175 6346 24414 30799 14176 35372 14399 28908 8832 2499 106 29631 21341 26129 15739 10253 5500 5308
90 10 139328 19712 38293 24237 15502 19456 3762 6375 3212 20582 31103 3897 13655 25940 27993 10806 27414 36609 29357 6546 19429
91 10 225732 34817 2843 33658 16850 27329 23031 25742 10068 30864 18709 31797 18409 25055 18697 36471 15825 1535 12166 34898 31519
92 10 178308 14738 30869 27222 390 9460 38514 36330 5146 27324 3514 21667 8186 14121 35158 1978 2220 34750 33899 35296 19725
93 10 171914 3086 3207 36068 12320 9248 28918 34310 25559 17135 31526 31495 938 28865 24178 12947 21568 27632 20144 14107 27781
94 10 179110 19861 34420 36421 13597 26027 15223 6991 26704 33544 1802 23719 13139 34616 9684 11813 33398 25659 14492 5237 22276
95 10 118980 834 1928 9961 37498 1546 27197 22916 7702 18898 5237 36605 9023 27872 267 1136 30606 1838 16411 27120 27809
96 10 132376 5730 25406 4432 14669 17153 25929 16220 11183 32455 35060 27845 2849 33476 1479 8930 33775 13637 37327 5592 17446
97 10 188952 17454 14136 38040 29824 932 37876 2315 25952 35792 15246 29358 8333 7223 18191 31544 15199 37518 5744 36014 10974
98 10 189452 34227 27517 32618 37324 5312 19429 29351 15657 19911 37803 9544 33142 29667 30427 7366 8083 30617 31471 38203 8214
99 10 142754 21208 20116 2623 34428 24483 36165 22474 36406 11390 1487 15647 27404 14417 6867 23961 5581 8712 5985 33528 11409
100 10 163463 7795 20755 19895 1479 33584 18909 3697 27374 23472 2569 25211 34996 14738 27006 31559 11094 32692 25069 11686 26074
101 10 104775 7456 22360 9334 34387 35002 26795 10727 17779 7407 22918 6340 3075 14398 13900 16722 24638 8586 30366 14997 21867
102 10 151100 33925 8028 18927 35164 22933 5071 3772 27108 29185 21861 22015 19589 25304 36905 18330 17122 4216 4533 10269 30229
103 10 169400 20029 21283 24794 20262 27158 6332 37132 14753 2397 31301 8963 102 17176 6351 34838 5724 9296 30403 29967 5667
104 10 161894 30706 3050 13699 34199 10627 15420 23222 21610 17615 34105 23161 10054 20709 18464 14918 5171 20974 9012 26737 23247
105 10 162541 23232 27098 22082 7607 15063 21573 28222 21580 6833 32715 25073 11 14639 17447 35618 33819 28755 2576 3660 26150
106 10 93756 7690 4924 8133 11661 23190 5388 1927 3206 13636 20069 11993 33503 8986 12525 26472 4343 3424 17778 11745 28223
107 10 118622 25497 15821 13787 10712 13057 18281 14154 27491 9829 12692 22296 9725 19912 13666 1719 10732 1628 18234 26399 24758
108 10 145288 23424 18355 9986 9585 38630 29411 33956 19545 26758 8929 1953 20592 24493 25863 15129 37871 1045 1549 6236 35001
109 10 170015 11828 29919 7971 35257 26709 18129 13055 28562 14095 5474 7932 28254 34348 30644 35388 3121 34331 1635 26862 32060
110 10 213012 36455 25893 15226 30066 38423 6950 29498 30536 22831 17768 24518 9201 25220 4828 37011 1018 28696 2424 8387 36331
111 10 155773 27777 1902 23357 11822 16354 25737 19938 22949 29500 37293 11244 1854 34012 30824 7557 26999 15186 31815 9792 31329
112 10 158676 26367 9159 18730 6239 30813 1694 13574 9698 17428 9599 37454 7888 32396 12196 9536 36836 171 37723 11877 35404
113 10 121449 26159 33230 3283 28191 31257 25543 1788 12331 6276 372 9119 3077 30842 28177 6837 21925 26826 13587 9425 7365
114 10 81231 24407 12972 31919 15699 3835 27041 1044 31733 9412 17226 11109 3595 2749 20297 7695 7843 6205 12726 3164 24583
115 10 151184 34465 26291 34468 31270 27842 30889 36518 33794 18509 22607 4675 26933 1665 3978 21115 8290 5561 6122 4163 3267
116 10 138752 3100 36260 21961 23105 35526 24670 13847 19524 34501 33326 10915 33777 22029 22078 5225 33549 2198 11228 24138 31609
117 10 186936 31879 21521 16350 31125 21120 5984 36463 31089 29183 139 12279 6520 12524 1192 6544 36781 28838 6479 38490 3178
118 10 214804 22476 28547 32627 1002 9809 22760 31015 24902 27985 16297 35749 14324 34699 32964 30685 16019 23113 7832 20348 24964
119 10 215004 14559 7746 32311 31156 14802 16819 36110 35318 28628 32083 29472 2020 36651 9268 29470 25802 26320 3595 20433 27323
120 10 129251 3858 5231 15293 11461 24044 32045 2036 11296 33014 5924 7691 11546 3923 25603 34589 31973 11145 27517 25971 8891
121 10 131525 2443 14098 7803 30495 4086 20642 35448 18685 8326 5645 16826 25254 22043 34180 30832 15859 31527 30897 5073 32817
122 10 129289 15700 26049 9761 3095 21634 7414 16655 8533 2258 21084 23500 35907 27590 11419 11417 34205 28123 16676 4974 345
123 10 88149 2397 12508 14928 37214 5987 24450 14668 25807 8876 28726 1083 15253 24152 14609 10897 19731 3537 10564 23662 2489
124 10 121800 13100 22032 34238 37907 11099 28289 9748 30973 5966 8511 1851 344 18102 5839 15088 31302 18736 9172 24323 17602
125 10 164163 13476 769 2321 21717 7796 23730 32494 7111 36897 33680 2576 12684 18968 11717 36732 5245 27678 3307 26266 23119
126 10 149775 20760 10487 7800 17190 14133 6938 14693 32337 19836 23195 13006 29748 35879 32407 15687 6467 12819 12216 32606 16387
127 10 130603 106 15929 37435 9013 34899 30324 8837 29277 21035 38589 27008 30206 2615 14262 19628 10483 4124 33961 7567 15487
128 10 139661 15258 6657 35461 14583 3728 26459 4621 18458 3167 29654 11641 1752 15565 7024 28156 10130 27965 28894 29015 3396
129 10 145204 4324 27529 24814 2996 25041 31516 17660 11530 35827 26468 10142 26589 6030 33331 34838 3876 18021 11526 4809 17945
130 10 144567 13633 17249 12890 24553 35699 37647 29946 4897 35745 9542 3650 31810 13321 13885 5899 17885 6758 31220 23168 2042
131 10 175692 10869 34630 13150 28284 32276 8837 7340 24395 15050 1597 33904 75 31382 33679 10357 11232 37918 32974 27369 14662
132 10 142680 23428 462 19389 23578 24368 16902 10697 24273 2073 10304 16584 26842 29034 14416 18091 1826 2946 19449 31740 19100
133 10 158346 36648 30205 6845 33251 21376 24928 9072 37881 23245 10652 20489 23863 6416 36291 29683 5715 24244 15263 19915 21503
134 10 177800 7715 29333 37448 3051 35652 34601 26462 20453 36193 3822 3792 6883 6774 33728 1363 11779 32069 12273 34783 36260
135 10 175296 36831 13968 10397 25199 28380 37144 32770 19442 27261 32205 33180 8787 5813 9482 13331 14270 4051 7514 27106 7242
136 10 169181 8127 22012 13640 7171 35604 7614 23467 11138 24565 12395 3231 23712 17264 23645 34990 30448 25540 32613 25049 5035
137 10 148340 35049 10705 11368 4836 3759 9985 21278 20035 25515 16424 27169 12405 6220 18986 34294 25496 11870 13761 8903 5018
138 10 117897 8820 35856 3764 2555 32222 33064 33296 19536 24853 4585 16851 33289 13552 29325 7756 13957 4384 37834 1874 1978
139 10 123738 36048 3669 17341 4310 27567 15731 2392 9810 6965 2896 7793 29126 16277 27600 30308 21306 8624 14713 1358 14098
140 10 143971 14332 36494 14104 22031 31784 16941 20476 25186 4408 4306 33604 24496 9390 22313 2612 3318 13986 20713 35268 11430
141 10 175008 30798 16691 16964 25246 200 20259 12055 32618 35444 2588 31433 8261 20265 5575 5859 35512 33761 32899 31982 9911
142 10 205916 34202 8348 31868 10568 35378 14636 22951 14927 28933 35540 35743 30415 11353 37769 16281 32176 33256 4506 7431 3419
143 10 147328 11046 38544 24070 21675 36381 7756 28767 22460 7383 34878 20321 7226 8621 30264 8840 3084 16752 3538 21979 2459
144 10 159950 20417 4739 7719 17229 4377 33501 30631 16486 15292 6581 4729 29464 34723 20073 18360 26694 38330 8005 25360 32041
145 10 147369 36017 25171 7108 23005 16628 28086 2394 24854 31312 34893 18167 7137 18216 3254 7187 26743 9888 8445 37295 22218
146 10 144308 25208 5147 30596 14505 20753 10176 6289 38137 35244 28314 1440 29594 17368 17355 15021 10556 7571 4685 20895 35835
147 10 152042 23792 24870 4109 25068 12028 8122 11696 3887 25667 9646 28564 8031 20883 12699 20225 15461 33559 22591 9530 30356
148 10 97622 2600 33373 12389 15274 1282 22390 19130 2882 5636 17451 14376 9320 27988 6840 5771 10112 12225 5379 20631 3780
149 10 135665 9812 36477 34854 3674 18331 25203 13330 6919 26165 3195 25423 35460 8066 37859 2866 520 20144 13654 10591 3106
150 10 182036 38556 4103 27611 15140 27169 23552 8938 18413 20668 37033 27322 9125 25377 12084 27662 4456 15970 8223 8273 3881
151 10 130620 10483 10335 24402 22093 4757 20884 6014 32740 15090 17258 25421 9083 24803 27619 23860 12643 9476 8425 18969 25758
152 10 157364 3368 21902 2554 7051 19500 16596 31923 37958 4108 18825 17329 37636 37052 9445 36165 10180 26185 9544 18522 19714
153 10 133760 8140 14735 345 31566 32172 3958 17983 27229 22972 17596 33715 38315 418 16125 14417 17128 21937 26962 15102 7743
154 10 130612 2157 37795 18685 2314 38102 7272 1079 20593 4450 20596 8913 12099 12706 18149 25375 1894 36960 18406 14838 21206
155 10 185755 33310 22537 38188 26706 23551 5552 27857 214 26576 30963 9033 34000 7536 36720 35487 12319 16364 35178 14292 30865
156 10 155451 17848 37847 13600 19542 23301 30661 6119 30995 16294 10787 25780 18742 10695 30212 27321 36066 19830 37073 33526 5774
157 10 145048 9234 37344 21819 26582 4928 8719 19606 25762 34802 24458 17284 22210 14678 9055 10401 30913 28750 29306 19808 1014
158 10 122465 7376 11778 20985 13561 23238 11673 13336 1123 21064 3651 11548 1938 34429 35461 18550 7791 556 22939 2000 26204
159 10 128156 8194 3166 13416 12157 31124 26351 14836 412 4987 27896 37184 17451 18566 4389 1003 26450 23465 3708 7420 1981
160 10 174296 8766 14134 29265 6705 36088 22875 26472 29393 5621 5314 17415 37330 12982 12497 16108 14633 34620 35761 30533 23947
161 10 150471 34267 9468 3452 10297 31212 1795 11215 18161 6437 34751 35408 5580 6440 37568 11358 15775 18287 19951 30013 37199
162 10 182440 36265 25468 13460 35705 30753 35298 34978 8437 22681 37188 1659 35557 27732 18746 15555 17090 11432 19020 33536 19850
163 10 127520 15839 38381 285 12491 26225 37095 21433 33672 6311 18636 5198 32562 20181 20227 17382 911 9519 11841 37027 17628
164 10 108483 20127 23750 16429 15351 5425 26305 19196 34887 19401 35371 20689 5068 17173 12528 13447 19991 1902 33527 1815 38425
165 10 166069 2695 38265 31245 6303 13093 19740 23083 15531 37356 23446 4603 5517 12872 15819 35775 4179 9966 5181 36899 36893
166 10 187992 36899 11517 13730 6301 20198 9553 28678 33443 14843 28772 23087 2939 35629 38127 32661 22762 26271 2874 2994 2127
167 10 206392 35439 38574 31675 34459 36318 34474 12577 37254 29464 21038 19458 26593 9088 31827 27520 35554 36909 19740 19543 12649
168 10 161888 4191 10288 24580 5439 8794 13800 19183 671 13472 14735 9398 33290 16901 18926 32511 18460 35092 18844 38238 25560
169 10 132867 523 9131 23327 32912 2246 23676 7853 12156 28322 18942 34141 6112 4418 20967 12340 34843 17471 27208 35443 32070
170 10 122399 20089 37831 24357 10413 7524 13629 3651 29650 36729 11676 17331 6033 11380 15334 19798 28640 303 2174 11837 359
171 10 166843 35441 29827 14714 35189 11961 23012 6385 37446 37849 24889 18465 22426 10357 9253 30886 5551 24686 29374 17810 10721
172 10 202850 16467 32947 37174 15547 28361 7067 20301 4152 29864 36835 28586 27361 38712 401 18842 30353 17796 2837 17460 10199
173 10 133661 18442 26938 3813 36362 33006 26732 1002 32596 1175 24357 6399 37726 30879 11283 23842 15966 37554 4273 10965 10564
174 10 181812 21513 7046 29865 14861 18193 9566 3858 26020 2503 19696 16375 36061 36846 25511 37003 34577 37887 14600 23223 27552
175 10 135385 18177 31531 12021 37040 34426 5504 8195 17511 24508 34614 22337 8474 20627 32572 9148 15300 10983 29916 8810 10505
176 10 128948 32134 24078 18955 28149 6168 37379 13054 7174 35696 21458 15926 7922 24466 33762 12300 6654 2111 31768 376 4650
177 10 175240 11200 3909 27328 15929 36019 4241 18256 28764 4553 22919 28030 29616 5726 38330 33344 23972 37549 19942 17045 1988
178 10 190092 1177 12786 29655 12902 18083 4345 24037 3177 33202 14726 27453 5773 33170 17468 3252 18997 34654 18891 32932 22863
179 10 163616 12368 37885 24738 20323 35626 21790 29406 15257 6420 12365 33734 38512 13487 11654 24156 17094 5547 22755 19038 24254
180 10 140704 37373 29687 14675 3300 9755 18 34327 31863 61 38425 9728 20596 5121 5559 24779 6935 23733 13717 16328 35951
181 10 148618 3134 26224 29081 37520 16665 8855 16390 29219 32661 22983 10824 13091 33411 35155 22005 34194 1907 10163 19695 11653
182 10 183408 30713 32368 36989 23470 4374 34421 14178 5456 31317 6917 8368 19856 28254 2638 38146 7103 12650 14042 24271 18978
183 10 124624 14904 14792 18437 37899 27474 15234 1435 9580 6811 19194 5023 17904 1559 16034 31206 34075 18605 13804 30327 27831
184 10 193760 31537 17011 12175 17396 23567 34460 18798 16941 26672 35373 36350 9794 1735 9835 21889 22306 37045 10979 32432 25006
185 10 135353 19444 21328 12699 9690 244 29915 20222 31232 30999 9140 12221 5417 23652 14204 18705 950 14122 30065 16884 16187
186 10 165177 19452 35109 34709 32761 29552 21199 29998 23040 17044 7897 25803 16334 13101 2715 706 18006 24609 12682 11498 12551
187 10 151592 28944 13507 10037 8055 11529 30865 7964 6430 23166 3204 10410 27725 19606 17742 8473 38656 34192 4973 35170 32508
188 10 122798 17908 27295 972 28097 2295 24506 8418 37641 16584 24873 3098 21617 31618 23295 8641 6541 32405 13735 31559 27117
189 10 135494 6047 37346 6722 29880 13440 32634 27720 29748 26631 16749 23078 27841 7449 9812 20632 11391 17726 12043 19923 31119
190 10 155938 6042 12537 5793 1919 10337 25280 16990 21478 37885 8524 30753 2466 15588 1245 16457 12261 22899 31884 32179 35829
191 10 184892 16407 7099 25493 26006 27903 3560 21799 4609 14529 13169 38152 35854 26827 23991 28582 19122 3170 36773 28253 36591
192 10 177472 1012 32002 32196 5320 25283 8717 20938 17540 19113 27573 18204 36616 19827 11425 21720 30930 35044 22085 28504 27032
193 10 186373 32511 14462 7416 21537 38554 22992 37214 26658 430 28317 13296 38149 16732 18288 32668 37886 26215 5911 27931 25776
194 10 154328 16682 19180 37848 2069 18023 21254 24007 27381 17840 31618 13748 30340 25140 4595 24577 6435 12179 6676 2867 7425
195 10 193919 32332 5498 30456 17396 26634 29115 18095 2668 36276 31594 27691 3151 16424 9122 22173 12515 7709 10179 24609 4685
196 10 202539 20045 22650 25645 90 29536 18424 34069 2617 36311 3937 15784 28646 32772 19210 27339 36538 8555 30394 23118 23405
197 10 145684 22470 30660 34291 26465 22504 22166 16391 2670 13219 26797 18809 25071 2269 23953 27110 30033 19370 3743 5672 1795
198 10 167950 5522 5667 14771 31373 37099 25932 32685 1457 8150 6866 28895 10339 20199 7155 2239 11760 31874 32030 28504 8202
199 10 133054 7556 32489 16335 3492 7022 8759 21845 16319 4239 12411 23813 2698 30826 18444 19465 10375 13944 17706 21273 34585
200 10 180736 37276 21972 22351 1486 13367 2093 18056 17763 29515 1664 8861 34962 30710 30670 12997 20050 30119 3165 22669 26849
201 10 177860 13604 3090 35867 37534 36608 19395 5008 34810 16732 23637 6103 24484 32041 21644 22024 7729 32450 15498 21888 34035
202 10 153297 38142 18618 6487 7434 18750 31102 24130 17370 18510 19225 27263 26939 12859 10411 14025 34954 19804 22347 11652 13618
203 10 162861 12656 16711 9533 1583 20982 47 12144 5942 30851 22075 34776 19423 10593 12433 6674 25869 31524 38062 33844 24603
204 10 126341 17804 6618 11193 9431 6504 3854 14197 8953 1540 9917 14350 25577 32389 31018 30235 17362 4302 20986 25413 18489
205 10 183328 37875 6071 26261 23170 27896 25038 34087 17241 8950 21091 27928 522 17231 6415 27537 14549 4784 34694 16611 35455
206 10 154758 15442 14006 35511 27479 31400 25727 35441 9653 7919 27743 21439 9328 9906 20069 2776 13424 21119 29493 12495 32984
207 10 231843 17196 14494 25467 33472 37293 2320 34781 34518 19759 24800 38285 8189 32591 19382 31221 8398 17193 16950 36018 9194
208 10 184413 1176 26876 8128 37654 27057 32192 32918 13472 18626 24576 30029 31540 6376 25852 36828 336 37515 10917 31864 16989
209 10 154702 34973 4528 9299 21154 31041 1613 20349 10392 35797 37767 27251 5205 26623 37749 5364 22290 777 28606 1904 14406
210 10 170574 37570 23077 28363 2847 8623 15846 31107 31683 27926 6742 22650 32557 17197 18960 15047 14294 4535 33866 20200 5076
211 10 153784 9782 25640 6878 20363 36162 36459 28089 1180 3816 33470 31056 20205 31990 36531 19232 18096 8494 26427 16732 5522
212 10 175205 26870 8680 1140 19078 38567 30375 24965 5386 9255 26215 29162 14343 17912 32794 33585 20424 4758 24588 32793 34715
213 10 136762 25212 27661 19092 21854 24892 20224 22591 34922 9499 37801 11599 5469 28478 14700 2980 27479 3894 23446 22716 1116
214 10 108762 20808 30631 16970 11966 13068 32673 20183 21649 4039 15693 15699 37426 11364 33774 18786 32619 8472 9746 6564 26591
215 10 170832 25837 3347 36455 36252 1516 22752 8546 36012 29691 13864 10526 38572 24068 32673 31260 31538 12128 32878 33514 10630
216 10 204495 19310 34151 30553 22206 33460 10440 37318 19040 11218 36071 9014 25229 35625 16608 34716 1818 29382 26599 15023 24539
217 10 169327 34156 27287 16604 4644 26735 13304 6178 3510 20710 18176 9777 10273 24996 38694 7711 7417 30695 8525 34097 31563
218 10 186428 38677 31712 1630 25591 26218 30516 25747 8917 28242 33185 36700 9061 23037 28441 30216 30765 2272 528 20296 7709
219 10 150040 36420 811 13270 35721 33666 8911 9111 37307 784 5234 21614 17433 7342 2292 19067 31564 27956 15973 18320 32937
220 10 133368 21792 8946 5158 38538 4652 3710 13505 15828 22396 23834 14011 19473 30045 23102 13046 27777 21314 4603 20792 33979
221 10 132043 37015 16684 30579 21943 12024 3939 27041 36284 621 38133 14969 11828 20505 34777 12798 23683 6669 14662 2833 8783
222 10 122208 14513 38443 21315 9814 34423 20724 10595 2859 6634 15026 11244 6937 6107 551 5188 18767 18990 3348 23751 4503
223 10 185966 30906 37130 35871 29815 7743 35540 28463 25871 26657 15469 8750 9548 36336 32156 17972 17725 32234 10640 7526 22584
224 10 175777 28374 36915 30984 38678 7084 9483 28191 13996 34948 36510 35006 26630 25405 6063 1665 22885 3226 13264 24839 25649
225 10 151216 4170 18779 22858 27905 21504 27137 8923 5125 16735 17176 14080 34420 18684 19677 26574 26550 29108 30498 26385 32704
226 10 131378 30402 29810 17500 7069 5960 9291 3954 21052 15937 32868 33693 6219 16822 17462 18975 6752 2521 19921 18459 12470
227 10 192840 36516 38005 12755 4852 34588 22604 37730 14830 4555 4151 1348 8972 31365 28815 27810 13148 25182 25977 29202 28310
228 10 199829 36525 31125 32761 10001 32176 31334 22369 3759 8185 29289 30045 9536 5722 21707 8156 23369 36017 24322 37831 30559
229 10 126960 30285 24054 34316 14409 3655 22031 32208 128 5850 17233 9149 7586 15485 34850 11582 11516 961 34333 15209 37853
230 10 125101 15211 23029 16805 20383 12641 26990 17254 12609 26 13133 23350 23246 11176 37051 30778 7689 26430 16828 2706 609
231 10 160917 22873 24563 25812 7999 10546 21706 17036 7152 32443 11127 29129 6596 16848 5493 35830 35985 8459 4668 2171 34110
232 10 144865 9215 7966 11712 28804 33676 36603 31125 2776 34865 5489 6307 21118 25938 12249 8488 22073 13935 23760 5821 27389
233 10 143033 16881 11655 37820 7083 17945 35403 4443 16752 16886 5816 34322 12580 184 12768 23213 12930 9747 20877 17351 25513
234 10 191211 27988 38074 13387 32281 13231 37120 37970 24066 33858 23428 3986 7821 38322 28005 25491 30886 13226 2603 31555 37053
235 10 132695 34382 3947 14928 7863 11910 30089 151 13768 22779 23160 35609 16875 9659 27170 9566 27686 25510 104 1375 9571
236 10 168437 22752 4320 9079 33318 30259 7094 35331 15247 37903 10532 33754 17140 2389 37807 25795 30761 5436 1630 7849 22573
237 10 190141 30192 6822 38385 15478 30235 5040 11944 30984 22130 19351 28852 2896 35863 24749 5 10778 20145 26027 19926 2494
238 10 165799 24413 18643 17568 36312 11682 5171 36312 9309 24170 34273 24018 3280 6344 6895 26707 3466 17689 11686 18346 30493
239 10 202684 33186 5027 30877 19465 15842 18662 35438 5788 31015 18729 14512 34782 20982 34195 25374 23783 30778 24316 15351 11745
240 10 160220 25217 22137 6094 7135 37125 18249 30301 10796 14195 3813 9614 9798 27877 23563 21593 29653 2057 1051 26203 6856
241 10 135292 23633 19842 18984 8145 15231 16912 11363 4841 3381 1737 10343 10554 8766 24154 15167 30044 26101 11503 36146 31454
242 10 176724 25045 15039 26804 2800 32649 23925 5416 17822 9316 28441 18576 5935 32399 19078 24275 15931 24723 18054 21703 25235
243 10 174933 29670 5706 30655 26005 5529 22282 30513 14591 34915 24910 19059 4997 15165 1560 16349 23010 1135 28993 35677 25461
244 10 187063 7574 38131 19482 2861 33942 12794 27590 8994 21502 33373 24139 17865 36009 3614 29103 16125 22473 3977 12015 15092
245 10 180157 21718 30247 19181 34565 1063 28819 23506 15948 1812 2401 34843 1900 32727 22676 37706 992 20178 31256 32463 7546
246 10 113143 36976 32348 1996 17657 8767 19038 3765 31819 24556 704 4328 37791 28232 10195 3174 27037 28968 37185 667 24450
247 10 151738 22319 20421 28529 480 21579 17518 867 8316 9499 21405 28108 33155 36366 36120 11221 16133 25496 5635 5689 8016
248 10 151757 26569 14189 24750 8432 8993 22965 28920 19378 5363 34821 7085 17791 7253 20357 17969 31017 34808 2634 27987 17073
249 10 168461 35403 27204 13685 24562 30408 8339 9290 7919 6821 4878 29644 11676 3680 23606 38266 12233 11218 3039 32162 17314
250 10 164484 16737 10157 17349 12942 21101 35504 12960 33765 11736 32750 38436 26051 35292 9830 28697 549 7060 4674 16238 33864
251 10 208797 15513 38712 32703 25054 34110 13541 28752 12297 8781 5085 35952 24907 33228 22789 17115 30277 33102 20676 21741 34580
252 10 171852 26396 25404 18553 16866 30597 16683 12806 23777 15668 5610 17940 20041 8629 17009 37179 6767 22157 23132 24891 9501
253 10 223216 15571 22337 31461 28203 35502 28179 28298 5373 13204 36133 35066 11645 36322 25769 27257 1262 37333 12313 19006 6746
254 10 136206 10842 570 14925 15977 36715 17291 14111 14723 29254 33223 18918 12107 23184 15526 7255 17345 6433 13991 8621 16910
255 10 131697 6803 27453 29746 18653 10286 10225 8873 14794 33383 18544 8752 7918 6665 32168 19678 19182 24550 33683 15886 35511
256 10 194448 36357 28398 19648 27223 35783 19489 6555 3653 5364 5946 13813 37126 19571 29066 34231 14590 37745 1946 33994 30588
257 10 185359 1587 10744 11864 34739 30194 22719 15400 17879 31690 5463 29289 17817 25765 1427 26972 5248 24369 6716 34569 20208
258 10 153280 529 17678 23298 8261 6714 22273 35626 10354 22629 9679 15811 20873 36126 14689 3588 33196 29017 34982 18263 34048
259 10 178770 22403 23916 18567 11957 16144 24908 35834 30743 31977 5523 20659 37206 21018 1835 8727 17174 18059 5202 30075 7936
260 10 129475 24285 11599 11089 14153 3110 4529 137 8834 23408 14145 6964 8674 13886 6462 15140 18171 30722 37391 33103 38189
261 10 142816 2551 19661 6854 27208 25010 19827 21132 23672 34169 244 19872 19616 15082 31308 7475 22573 12218 24227 34158 18837
262 10 181705 35114 30194 32560 36026 22413 31001 36239 21850 32124 31698 5194 29497 19125 31595 10422 12230 20289 13219 13652 28324
263 10 117664 778 21782 2791 16154 11357 30053 11571 18141 37472 835 22285 13593 14763 3475 21221 30468 510 28996 24333 31209
264 10 146173 23296 21960 15851 14429 14366 4291 31061 20922 14239 27684 12753 8858 19399 17989 25060 8591 24488 33890 2204 34740
265 10 199253 19686 18396 32388 894 10111 25206 30368 31759 21462 11235 25080 11727 34589 36392 20001 13115 21000 12913 34382 2199
266 10 128658 8644 23875 31357 6515 22231 17634 2033 19056 14282 5846 11308 22166 19377 16070 12916 7725 19702 11951 18973 29812
267 10 142999 31910 13719 36079 7864 20077 30629 2982 24105 26910 34257 25094 18568 11112 17548 163 36157 629 33001 23793 36858
268 10 167572 27188 26405 7414 9758 14257 17555 33007 22024 11517 25510 27914 36223 11981 19345 15880 5690 22173 31984 38134 25372
269 10 170164 13031 34797 17495 21431 32850 16937 11387 26176 16746 6728 15402 14879 20677 28517 26360 2871 22775 37194 35982 31723
270 10 176126 25633 34157 16666 17681 28996 17579 5567 9083 30072 6646 6225 31069 26231 21541 25250 17999 37276 37068 18242 942
271 10 145268 34876 32365 21547 37524 13416 30974 21640 14703 4531 2644 19093 1538 1271 2047 29526 8268 8176 34067 27509 25662
272 10 165959 7026 37451 35222 22995 15982 9416 15992 2755 33179 10106 1323 7117 34787 13581 14930 18930 12036 21502 36972 34314
273 10 148568 36754 34931 37872 30645 3115 31454 34423 6748 31263 28018 12423 5173 233 28085 3930 32175 15903 3380 9795 15493
274 10 198062 28951 3005 12468 4976 5727 21645 37456 31644 33915 28189 34539 30949 32790 36113 9445 36544 37120 16814 15167 21511
275 10 207056 13706 10895 21717 11002 21448 2387 37733 30517 30485 37279 37807 27170 31608 32115 19286 7360 15052 6842 29978 14005
276 10 138961 21763 7573 7262 30132 31124 34547 3889 21252 17337 35965 12477 1142 16286 27748 8083 37852 31121 19316 24360 16842
277 10 173524 1031 17755 15054 9189 22116 19350 34671 10769 11109 13204 17626 22662 37621 548 7111 37 32072 31256 38495 16280
278 10 173369 13451 36790 19409 31948 34520 24964 9605 22770 21188 582 38582 33722 27262 27768 13155 32841 1661 30513 37879 33293
279 10 147194 36434 9029 36779 745 3045 36441 14022 9441 8177 32406 28275 27624 9548 16798 265 26486 16716 34688 30732 260
280 10 159905 27900 11837 15755 37829 25310 6797 5863 35536 34992 38057 12948 25247 4358 21215 31308 23505 10423 36844 31025 32551
281 10 206869 12257 9370 20809 16168 33967 76 34710 26692 12668 4560 31866 14524 36259 33158 14460 13172 34613 34460 26978 14892
282 10 147120 19879 19552 13874 26157 26784 36119 25251 37891 36087 37956 34946 26582 3067 6697 408 35867 20168 22057 3436 12783
283 10 159868 29409 28526 30285 3214 23197 26147 14851 31078 26450 1058 13072 25036 18695 13367 15836 11770 21725 30184 6315 15234
284 10 217203 18037 37398 26197 13801 29807 6142 24291 1168 3545 8334 31450 1123 38231 31369 34209 15573 35358 37104 30379 8190
285 10 138215 23858 37742 3529 12307 32910 13796 20263 3778 14406 29915 14601 5790 4694 8345 24129 4068 24410 14018 9969 22402
286 10 152262 26373 2783 21296 4173 3899 32506 26636 32832 17556 22417 30575 28893 31160 15442 3692 13036 19298 17153 9843 21620
287 10 199808 16621 14274 26327 17591 30810 10375 28964 27565 38065 19335 4435 3940 34303 23819 38636 21841 28337 36112 3262 18421
288 10 151696 28975 11299 14233 30436 34547 25404 15073 23864 7517 26787 29024 4429 1454 34945 22071 27642 18243 23932 18484 16852
289 10 172348 34129 16098 17228 32260 15554 32069 30789 28921 36534 19046 25099 16785 7420 26030 3548 10764 7561 19775 37574 20053
290 10 212944 32218 8894 21789 25059 35202 31627 33591 33536 32054 2463 30355 16675 33082 11051 7033 12849 22921 17284 17935 18778
291 10 129725 15744 37060 29456 27978 18751 28003 630 14019 8926 11800 28519 19944 23342 16913 11109 110 12482 2411 13198 30661
292 10 204101 33452 35484 24995 38259 28654 24946 33714 21373 26171 26337 32574 15518 271 31566 16349 38667 29176 13447 29771 7525
293 10 139879 1961 12268 3853 19805 33121 4488 18877 90 14579 35390 13931 38171 17458 10090 6721 19848 36717 6916 27631 17522
294 10 162364 14147 19837 30489 16676 37493 2897 15029 29511 24302 19 23368 38125 2650 29822 12000 11403 20317 35455 23160 5260
295 10 131624 9590 7809 9926 28639 22559 31418 6603 19512 37965 381 9121 33444 19304 37730 27991 36432 6206 16059 15266 35769
296 10 143074 1364 27615 34903 9181 25754 33598 10715 32208 20907 32112 16484 7743 6025 33813 19312 5886 18765 29249 24614 22221
297 10 164484 35917 2137 15096 25859 37647 2516 12275 16295 16816 25769 8023 13375 32478 16351 22709 32568 9810 16540 14834 20643
298 10 196117 34377 4675 15587 23904 26645 33068 11646 7876 35406 31126 14209 33169 15508 13249 28196 357 31288 13336 32285 1233
299 10 172225 10946 19023 35502 1554 7945 16465 16474 30148 36976 20245 13188 32187 30300 22113 652 20270 30411 8740 32888 24249
300 10 140620 33019 33649 29889 20228 13212 8063 7654 23166 8493 3419 741 7692 15273 31676 23259 13254 24848 7078 19387 5943
301 10 176000 15386 18422 16967 5910 33942 19017 30700 2991 26277 34091 32013 33313 3894 20633 36288 30496 4845 14773 19688 305
302 10 139612 9788 2964 144 8013 34124 22920 27966 34856 19389 16017 17591 12773 28672 14694 30849 34682 1159 18010 4833 32415
303 10 130931 23567 17900 15345 6510 22674 37059 14322 22024 25864 38174 21293 18893 661 6126 24682 30445 4862 16834 10394 28656
304 10 162515 6670 15025 24435 20966 34716 5205 19674 30645 21039 30669 18015 18189 1696 38625 33315 29124 17206 3440 26378 33007
305 10 152534 26403 26891 19148 26630 18506 2490 9249 24154 12991 27614 13943 7576 26230 33324 23922 35164 14138 15865 26138 14092
306 10 127761 14617 21787 5302 5785 13829 27276 28189 17449 18651 8030 32079 9982 24880 10226 5268 21456 9266 14729 7621 33487
307 10 170472 7965 878 34775 7589 9469 35741 23613 29021 33082 8657 12363 23696 28261 26653 35487 16207 9746 1405 18330 15945
308 10 180252 36488 9770 20443 16718 22763 4044 26763 31648 34932 3525 10223 8948 15164 1303 23484 36954 15372 7643 19683 28985
309 10 158928 23445 29592 37827 24213 24528 31829 9816 7662 7091 19567 33810 29638 5580 14546 30005 37333 7129 22357 19429 27411
310 10 171083 18269 26010 11220 16157 33556 23884 17788 16240 32710 27531 5446 16776 30057 19365 23703 36952 26915 31488 14190 9835
311 10 153355 10736 3682 4628 20586 23883 33588 11431 37686 11475 11609 21824 21797 37628 9923 29715 35662 33916 24331 6458 3358
312 10 119276 1682 21989 8487 19812 4194 2227 35850 26732 9210 35415 29491 15487 11611 21631 35563 20492 7121 6117 5886 23755
313 10 158253 28909 23905 9078 517 2748 29829 31343 4550 15216 34352 15845 24492 12896 2913 36314 13075 7213 12348 38255 23803
314 10 163325 454 33799 36290 17894 30778 24745 27379 21268 37788 27396 8509 32122 12776 36250 11276 6240 8204 14626 30703 1450
315 10 165797 13536 17154 26332 8690 19943 31029 19952 21427 18568 1020 24514 29863 34295 38432 7062 24204 19083 25635 23962 29117
316 10 127347 26927 14159 6461 18106 16003 11665 38032 5151 16725 165 7167 549 2370 14272 19735 32650 23569 18666 2195 22917
317 10 143296 25816 21470 13679 352 7663 33137 6201 30410 30210 14009 26910 30817 35009 38103 20732 12726 8707 5792 4193 24252
318 10 134105 27419 4016 13885 28928 14351 38474 706 17301 2840 6557 20793 22253 3966 8334 35037 7542 33705 38484 14930 28528
319 10 184836 13705 33902 37382 15947 19514 35180 28678 11331 6023 37039 30988 27828 16585 29774 9140 33318 36928 15225 32102 2530
320 10 171943 17827 617 29406 11383 33142 36269 28001 7268 32574 20151 13034 26134 13564 25882 16135 18342 21623 28868 9623 2397
321 10 163723 8593 33437 38114 11433 1838 1564 35945 29883 16556 1072 19644 26988 27201 28326 27496 25337 24076 7315 5191 29170
322 10 149664 37077 8404 17543 36 12804 23699 33810 17180 15428 2978 208 29003 22893 1343 31416 35209 7450 19622 8451 18178
323 10 160685 25704 23595 38546 2748 11792 1875 27798 33699 25445 10986 18266 16099 18181 7419 24260 12793 10164 5007 701 18342
324 10 142201 26356 22808 11979 20719 8232 36194 30432 32957 37749 26586 19087 7172 1030 19190 6953 12671 24657 26733 11277 2563
325 10 94812 20004 30479 13984 19457 16821 31328 16698 9846 7432 11792 635 18311 1006 2802 11381 8897 8934 2911 21621 129
326 10 132080 22529 1522 26844 11630 8848 13723 5911 252 23464 37814 14368 24663 38677 13710 4727 29500 15131 28146 4602 38487
327 10 140051 6676 1802 37685 21350 5755 7626 37961 15095 13801 21561 6619 21426 19171 35788 14825 16353 21028 28730 11543 29993
328 10 121481 2621 36718 34771 356 22471 21061 27876 11732 23322 8401 16083 25363 11403 21320 1005 24051 10035 16589 2265 22468
329 10 194376 32912 21784 18899 32812 24994 12275 1385 21787 27205 27298 2928 13915 38097 32025 35649 37824 26017 6916 34885 1580
330 10 164410 25823 17609 24153 18147 5112 25292 31716 7023 30814 8003 10724 17626 10808 22911 12980 25485 37017 6214 16366 20790
331 10 141780 1319 18218 25387 8464 20296 14481 10781 28582 28692 18061 8787 11980 25451 32594 4033 21771 26822 37955 25657 10530
332 10 210216 29817 31107 29414 37820 35147 33598 33761 18394 13710 27131 34788 8374 3414 16853 36722 28520 13345 11139 32653 11125
333 10 138303 5136 25711 11152 37777 28289 25213 9877 13586 21551 3462 26848 27422 1145 31788 11764 1575 26122 15805 30995 24838
334 10 99691 3567 14552 12925 31615 2526 8473 20837 5941 16559 10689 21965 22978 18710 23580 11784 2643 3043 1533 12698 13089
335 10 130032 3673 25848 13368 12471 16273 11960 19041 34513 19030 30034 20822 32506 5910 1043 20388 27180 35145 20328 8890 3697
336 10 109704 8787 2651 33392 34941 18946 21451 3078 25462 15978 13147 25422 4048 15751 21803 7392 29645 1310 700 7074 29881
337 10 177740 30047 12522 33927 5671 38570 31892 6450 29870 9562 2871 21848 13381 25517 37297 571 20916 33631 28066 22052 11661
338 10 115235 9949 29935 19052 373 26393 21201 3902 31500 994 11930 14478 17216 7243 24790 23953 6455 19162 22068 18918 16056
339 10 163801 36715 27199 1435 32565 25205 11892 18313 12990 6022 16549 15035 12116 32068 27875 35245 16705 10151 24557 24563 11077
340 10 162040 27288 13655 20981 15543 34750 2543 16773 25105 28063 18791 467 26 15334 38160 25505 35610 29274 15589 4115 13118
341 10 209416 28681 13786 21175 6026 34947 25663 13176 19563 31942 5572 28890 25779 21113 23705 20861 282 35521 26179 25465 14506
342 10 214156 37246 20040 20902 13406 25859 18747 37139 6946 30193 37139 28558 34668 21090 7248 38419 32015 23067 5051 5222 9949
343 10 175114 28333 8460 35499 27317 3926 17764 9102 9276 17913 1092 9925 37368 20522 10848 32888 12974 29858 20868 30927 38210
344 10 113666 8374 25987 8646 20202 1847 28667 12640 15162 12572 30294 14936 22963 19704 5018 18847 16326 17015 19529 27502 36314
345 10 136724 19808 20088 32518 7623 15983 23994 26103 23978 6428 7279 18391 3954 10109 13995 23597 14159 13696 18348 4272 24238
346 10 157660 19597 4959 8404 5611 12486 35608 34548 6759 9289 13132 37587 19749 8967 2446 37809 30175 18180 33035 10209 9794
347 10 134426 13595 822 27546 2963 27370 35297 1340 8560 5194 10036 36091 35367 9505 28482 18281 15243 27713 23226 1398 9514
348 10 116887 20572 37863 892 28396 23559 19094 5123 4170 19699 4944 13239 11407 3971 22750 31509 1852 7062 19999 20483 4240
349 10 205241 33899 29942 16458 12025 22828 9627 35800 27263 31980 19806 24496 32183 31290 14492 33696 12257 23269 19311 2836 10080
350 10 149478 4601 4788 32207 19346 11660 29669 3613 28940 30641 32253 29892 37877 13234 32111 35365 21336 17157 33484 8478 25889
351 10 164163 6672 22350 34939 33624 16069 8404 16621 25899 36598 7472 37226 8634 6178 4617 34419 17003 12530 36054 3952 37609
352 10 160595 21225 22169 35711 34535 8350 2786 29510 27639 15778 26967 7020 26140 32849 31479 2661 35886 32062 7937 15578 29525
353 10 168529 20445 8387 29547 30377 22279 15954 858 8170 10680 25555 32514 20838 33646 12065 25891 21060 32224 5221 2578 25766
354 10 119930 16899 3198 1500 8478 14994 19318 24920 38579 8837 21769 9416 24996 16955 24305 27915 30941 7599 24745 20878 12506
355 10 138844 20111 30991 9183 25863 13035 34488 9013 35667 12787 499 32322 5382 36781 2058 16238 13763 6505 19143 17580 23926
356 10 136076 22808 29910 10079 26184 6245 3227 26099 24341 10643 866 30105 22273 29469 15256 5775 29283 10695 2779 18177 32443
357 10 143621 14213 11990 5121 27596 11245 8298 24997 33460 9148 33906 23273 3890 31365 9749 7514 28694 26689 36214 25962 20938
358 10 156386 6269 25048 31468 18255 8074 22715 35694 36019 9922 23604 19835 23197 30579 21516 17267 20191 28305 28193 8070 33778
359 10 135989 26367 8170 16609 24789 24644 30434 1159 9384 28464 13926 25101 2744 13298 9668 28104 13343 545 34272 5696 25835
360 10 137897 4755 36849 5697 30992 27027 6379 12638 9476 7945 19704 29466 4994 4411 36962 28334 36067 20792 201 31307 37441
361 10 91546 7783 20817 5477 2005 8995 3683 704 29902 13868 16721 18361 33945 4623 23743 5223 8761 20275 31433 29124 27965
362 10 160224 17054 30630 28331 27811 18804 26727 16234 4005 19100 13483 17589 33764 13802 26472 6877 944 37784 22220 24706 38159
363 10 130377 5232 26667 32215 31861 24161 14714 14999 37641 11579 38305 18790 20309 33777 5767 3326 33944 18574 21067 319 25653
364 10 150952 17795 15121 2173 35799 30574 25881 21693 26972 19406 8349 25946 18751 162 27314 10347 37902 26798 2871 33797 29086
365 10 98339 10799 4702 20156 25117 21506 36220 3147 8056 11314 9949 14158 17302 9084 25938 7904 25924 14583 22441 10273 37346
366 10 154455 22516 2593 20300 18755 22803 35707 6021 27411 36424 32294 22637 37178 3104 5251 20014 4025 6054 25788 33196 16340
367 10 187608 19061 25085 5814 6525 21550 1126 32453 28817 29903 12921 34897 32250 25609 34417 32911 26095 20872 33649 11441 34036
368 10 188581 34353 1888 30571 16193 3147 25013 15756 20862 33071 6223 6431 27161 36259 36425 31083 17031 14240 32004 30816 5417
369 10 108896 20778 5846 9527 21790 4473 22161 24083 31136 34806 17859 28475 6264 238 37365 8011 18678 3963 17547 1766 25831
370 10 96310 26716 13119 1899 7187 11675 11600 7884 7028 37455 3296 19538 37258 911 4480 3686 2744 3539 25893 7085 37068
371 10 114584 21139 31865 2591 21009 7120 4078 1087 7743 32955 25149 33120 8179 18055 28578 7874 17069 18133 34186 1157 9675
372 10 170046 26690 11696 30983 37174 26049 10442 13022 32569 8153 1066 37919 20502 9222 23877 9398 3894 29593 20277 21529 8931
373 10 147084 4191 20477 34957 24282 1061 26501 10478 32012 38566 6962 1471 19815 22121 6143 25348 16413 8338 13942 37324 8792
374 10 115528 24984 13151 7972 21768 16582 293 29542 37431 16164 21232 2741 38003 9220 18674 2895 28420 3802 13296 30508 37804
375 10 163443 28761 28143 17021 4768 38116 24731 122 4379 24015 36743 13284 33333 18433 716 26678 817 35468 25896 2406 1845
376 10 172967 9356 6334 20608 38350 17885 4384 31857 29204 26694 37821 34497 27670 24716 23307 28599 29408 8000 5798 13997 15921
377 10 189747 32533 26726 13519 25313 23140 5986 24304 32886 37203 5508 9257 8027 13098 14192 37974 2568 30638 1705 15518 2613
378 10 200519 36626 20048 26144 12651 27406 1006 37757 11726 35340 1106 10990 34923 36048 26468 9841 35859 28845 16449 1652 19433
379 10 109900 14233 32008 18593 12435 16307 29187 2920 15949 1725 16430 19618 9670 20537 3924 94 20215 38377 7808 4971 23682
380 10 164605 27677 22889 17624 14593 5964 14199 32370 1475 20092 26965 9762 20216 33838 22274 27279 16748 18577 20106 12574 33610
381 10 202432 24579 19635 7556 38620 2130 28597 35148 36858 19971 15759 33557 25912 36417 14647 28675 968 32743 7152 32265 27915
382 10 173369 13746 5853 19233 6646 16351 99 7236 23985 16554 11014 8141 480 37030 8682 34448 37064 34885 10076 29088 31885
383 10 140356 27527 5622 13084 16492 22092 25140 8792 3094 3424 22858 22454 11198 20571 31834 20261 12537 13721 33588 23520 33100
384 10 115051 3990 11074 16160 6143 13738 28581 20116 19564 1427 27054 2178 12039 34187 18059 14154 19533 9590 23686 28274 14039
385 10 143764 22924 2264 2497 870 31717 8419 36725 10846 7776 3599 23988 33379 11057 19449 30623 2868 1347 35271 11051 25526
386 10 147666 31060 15549 17523 11836 32702 7608 12076 8901 6238 35418 6502 22869 8538 2460 21303 9567 17674 20719 30967 18464
387 10 105988 14272 8672 15001 10856 8623 5041 384 19330 16525 18410 24996 17695 6885 16001 28358 7360 7270 13542 10171 18659
388 10 176747 17204 21340 15253 28737 13327 12107 23118 24404 19510 37318 4038 5460 33571 4900 25231 3392 31098 10627 38584 31324
389 10 141314 886 14315 38631 34471 27147 16764 13453 29306 541 31407 19175 18230 906 30369 21576 23016 37759 9583 16569 33927
390 10 156244 9398 6675 28324 32682 32840 29961 27689 34059 6038 19556 8826 38131 25907 10027 25224 26109 10636 21194 20424 17279
391 10 125073 20958 25198 2260 32895 5877 2936 10354 23610 35186 33655 4396 3071 10592 22537 2533 27792 29518 12648 34668 31952
392 10 161396 3347 32616 25645 30554 15932 29598 24717 16748 3089 7821 9093 9484 31502 35888 37819 23151 33717 32569 16884 14315
393 10 105947 1439 8291 21389 9093 1309 20591 17891 30745 7710 26202 1880 24822 25845 19652 7344 24633 9186 10781 38441 9902
394 10 173000 35676 28350 1798 29558 24448 14432 6598 36484 9154 18487 21934 23439 37426 972 35691 1499 33212 20739 10314 1419
395 10 158628 24154 30763 17859 29209 7550 26337 10166 6663 22871 16262 19808 6766 26758 14116 15941 3560 15454 33628 37725 33916
396 10 190834 37306 26511 14895 29291 33 37959 28284 6423 38651 11759 8249 10502 23983 7538 34268 5047 29376 11974 23498 12908
397 10 152026 19559 35161 35455 32654 3078 29645 15791 2798 32783 34122 18232 31374 4256 27427 24006 26574 119 20586 36754 19638
398 10 135392 10675 5850 14737 6479 1658 31991 284 8664 20996 23948 32486 19261 10972 1553 36118 9173 8529 23651 32786 162
399 10 197967 37239 27827 22208 11111 11514 33035 33340 15421 28903 7910 21764 19150 7964 23694 11176 34475 38057 9575 35294 9227
400 10 139526 11706 5446 24924 18075 1046 20910 17402 35956 19324 16057 25278 3363 34013 18673 30 5616 35563 36471 5122 30693
401 10 127364 16877 17411 6421 23371 5523 35646 38219 28437 7195 10080 12918 19012 34525 6157 893 13188 2723 36241 33912 16081
402 10 155328 8519 16653 17684 17139 36143 4472 10448 5599 26022 21608 20817 21194 8712 20858 9180 18219 26857 31963 29778 36468
403 10 189648 26628 22803 15163 37063 33378 33238 12125 7719 27906 28135 26660 37582 19398 1257 15284 5745 27231 28770 33288 11744
404 10 125257 2628 27485 25475 38199 14202 8035 8607 24035 13840 32422 10237 33383 2473 37025 34033 12506 23679 30156 21398 5518
405 10 144365 26095 5020 52 19239 27177 37239 26416 24732 15332 2577 23613 222 21020 32812 13579 2120 624 3247 26549 7762
406 10 176912 9136 26630 10041 26998 37575 1561 18610 21891 15029 9185 37537 19173 36088 18854 1648 9933 34010 27602 21466 6299
407 10 109643 2119 9753 32985 4099 16372 21029 23604 4664 3247 10737 114 35312 10295 8545 25314 13062 595 1592 22409 14299
408 10 129132 18643 32551 26386 13118 17129 20714 6095 38549 16089 5095 7169 16589 31344 8695 2889 22946 7856 18096 27815 19804
409 10 178367 21495 16324 29377 20170 19135 7871 23404 3853 26759 8625 13797 36516 12532 15775 27547 27864 16951 399 31962 11593
410 10 178277 27096 15413 1410 13396 27739 31119 19085 37808 36981 3081 29757 28654 20103 26137 32805 23975 17450 1063 10421 26538
411 10 126109 17347 27929 19312 7137 379 5122 35569 9992 27469 18250 35374 4291 3364 33827 15556 18008 777 11862 2490 3232
412 10 145306 20729 19643 10326 32057 26055 20040 16033 11791 15558 27847 4067 2227 31551 1615 26670 33092 30527 4456 117 38701
413 10 161549 28443 100 2919 32345 38671 28364 33471 20795 5320 12971 12828 37850 6235 18487 13325 21625 32995 1762 27730 25191
414 10 174072 7259 23840 19894 1530 21546 13729 30629 1163 15751 17320 11556 6486 33663 27331 26746 38011 32097 8680 18450 19557
415 10 174115 28025 25803 12051 20639 35578 7574 11673 21867 20334 11744 29940 27317 11434 3430 12999 25752 24505 18511 31105 19712
416 10 151058 10126 15414 10704 27284 38557 6429 35864 17832 18243 14509 4355 31420 15918 9243 15886 36893 25856 30816 13314 3401
417 10 141292 25602 13630 10896 1050 30511 29236 10134 15277 34328 27815 4931 20935 3509 35684 19334 31658 26596 37977 10775 9304
418 10 163284 32690 19350 38172 34414 9731 17531 19874 33895 36959 31495 23429 890 28373 14035 9720 1454 3058 19970 2100 9325
419 10 132395 11708 6226 36677 12064 23528 22256 11450 23419 18970 38359 20244 306 13491 21623 6319 25108 16666 36980 6441 13937
420 10 147970 29147 24285 11377 17410 21873 22878 23154 1281 5987 30552 20861 22173 37228 36975 22182 14259 4424 3871 8730 6389
421 10 207208 16511 31706 8545 16687 32867 30909 36236 27070 36234 34559 29207 27728 25587 12686 38570 9753 19957 30844 15296 18045
422 10 142542 13522 8164 35574 38449 28151 18680 15739 21670 1214 804 7085 24047 31000 2122 30117 10620 11451 27395 4325 30908
423 10 166789 28695 6831 20131 18463 34995 16604 18475 28974 22200 4374 18498 11878 26302 26753 7392 8344 8717 34174 23082 36422
424 10 172367 34887 34648 14412 33753 24516 10093 29010 9651 22299 31367 33821 30599 27079 4837 1165 13142 2430 23939 25840 16660
425 10 182741 20176 2011 29593 26758 20410 37700 11974 14746 32227 21379 27787 30936 17014 16919 14957 28655 36660 19278 17629 11654
426 10 158027 865 14035 3786 24561 22605 12801 32808 15335 2344 25539 36092 18285 4951 1761 25232 32508 31458 5116 37393 16079
427 10 109386 16073 2047 16056 24617 3112 8102 14519 9873 33362 18101 1589 17570 22302 34280 16021 26868 11302 18612 2397 15606
428 10 142514 1711 7966 32178 27326 18673 7781 30986 9344 4384 23853 25198 13198 24770 32087 7160 6405 26406 25219 6677 17663
429 10 167391 2260 24144 23685 27406 37490 7066 36271 1733 12382 34227 21219 13550 25269 18697 19823 30097 15001 32315 15839 28636
430 10 155296 26082 11520 12341 35264 9455 11255 16153 31837 20763 16102 18045 8587 32017 32993 25339 19360 25795 1445 8130 32141
431 10 134199 10655 17808 2701 9239 27167 20443 26937 33820 27598 10474 1777 31411 15411 38487 746 5410 27061 31640 27696 2034
432 10 163900 33490 32751 12464 35188 31662 2470 36613 5763 16658 32400 8907 1329 7934 20549 30881 31857 6832 28444 19435 11531
433 10 134776 8400 10752 9125 19461 16575 3206 7325 30746 38140 29069 7103 10877 19710 4573 8359 32744 38243 12572 15491 10431
434 10 161217 193 10200 28880 12066 19770 16968 33827 33700 30309 20611 19343 10606 21866 29976 13756 31912 1495 10891 32083 33586
435 10 117313 3142 6752 33809 23288 14544 14044 7539 11971 236 23619 6016 3026 31794 2068 36749 13478 10158 31622 2655 17142
436 10 197120 35460 10710 14904 8542 34500 36528 32966 13390 14702 38087 15921 27001 38059 34463 24478 21982 2615 29861 32796 10997
437 10 140413 22016 27082 7418 13845 4429 37705 20560 8770 14808 37897 34388 14167 317 38126 34830 30921 13230 6090 23521 27832
438 10 199317 36727 1298 20900 2054 9666 32088 32758 16881 24542 34694 32481 24528 24493 16113 10254 29964 19294 22633 38032 22295
439 10 163767 11161 14442 32949 33846 416 674 32816 22267 34153 37141 10531 28542 27527 6966 19088 34892 14538 15464 21530 7107
440 10 158780 22795 36564 17979 3887 36351 1014 11954 24383 22153 36405 19841 23966 5380 21084 20155 17637 6684 17507 35183 30402
441 10 180596 16750 25389 30338 23448 19831 36534 30545 20062 37592 37622 28674 38146 33306 16979 1386 31664 6918 21093 20406 33652
442 10 170812 16376 9889 2907 19766 28881 27545 38001 13825 33454 25569 20220 8967 2613 19681 33188 9018 3172 6180 34704 6600
443 10 147440 22015 5147 29772 18906 4873 32941 33501 21169 9255 27697 20372 25279 10247 32675 28103 3406 25181 18127 982 2139
444 10 150129 14528 22038 35977 27153 34057 10629 30389 23222 26397 16720 10632 33558 2752 11809 3242 20643 8820 30915 20868 7289
445 10 195859 37704 11990 14485 35179 38540 8300 1780 5546 22981 31737 34184 22469 19994 26351 37636 17132 7900 4809 29620 20511
446 10 119948 8885 29508 16643 16763 12475 26567 17416 11492 5485 20894 8077 6568 12337 5996 16676 15489 20332 29527 31610 23675
447 10 146810 4611 15633 11210 38707 12215 6490 29002 12615 13172 37916 4627 24373 30006 1706 19623 853 32136 13100 26911 18401
448 10 215697 25316 5050 35209 31264 11437 14430 34063 14862 37594 33796 38527 19709 28252 13281 24938 12264 11323 27751 22963 29180
449 10 137728 36368 33482 36272 37144 10232 33603 26648 36585 21845 28906 6732 12105 1588 16671 5985 4346 11854 26003 14637 38407
450 10 158843 19439 13657 5615 38648 18668 1681 38141 232 30991 27006 8547 37568 31532 29483 12055 28304 12391 7815 21175 19556
451 10 138933 27674 13359 1549 33051 5939 37224 25101 26315 13502 37561 25576 38521 36251 19760 2062 8964 8973 37814 27040 16732
452 10 170444 8950 12157 13734 36971 8532 5248 14781 8052 25263 37501 32388 16879 13655 12861 31439 8972 37776 3692 26538 1253
453 10 147577 13971 25911 28782 26526 18177 30079 30911 24077 19794 20646 37534 23536 1320 8140 10311 25894 21242 19236 2430 32997
454 10 184384 34295 17569 34868 25965 24265 3952 7014 8098 10830 24615 37819 35803 32934 29035 1712 14271 30275 14853 16469 14365
455 10 204481 36481 11642 29029 1881 21563 5714 31668 18903 35220 5768 1446 12066 17190 7407 38599 29402 22835 13653 21571 7431
456 10 168116 34292 11879 32752 38476 21658 6506 33758 12921 22707 27435 11154 13530 21535 6683 2634 24662 20408 7689 9248 33077
457 10 148140 32407 30453 22542 4179 15540 30570 970 26869 32266 18914 24348 30513 36792 34732 4206 27979 11350 1317 4755 24144
458 10 159048 1536 26914 21943 31672 4229 25538 11608 172 35814 20023 15406 3614 27248 21084 18691 29595 37649 3584 24686 20616
459 10 146252 27071 7806 25000 35788 22509 16071 15709 13247 13971 26913 10715 9948 25491 38685 17029 4971 7151 8651 18170 18242
460 10 134340 4987 26986 24187 7851 24543 21623 8215 38469 4233 6380 31094 31349 20282 342 27282 26315 22637 28459 466 4447
461 10 178974 20200 2152 6011 12469 37650 25259 19618 23071 29373 24666 33805 13860 25982 9670 6798 38322 33556 19468 10725 10203
462 10 149291 11179 28011 31091 37467 15920 16196 33180 15027 26779 8675 1638 25394 4182 14658 28791 18651 29994 17839 3860 5799
463 10 194880 6674 18779 32027 9021 19514 4646 35140 17502 23520 23936 37213 20813 9609 32871 29653 27894 24617 23280 25634 12315
464 10 168632 17468 37299 22629 28833 35810 7843 31651 16226 27422 12941 7750 11311 12449 31674 25096 37902 21154 19529 9361 18771
465 10 136960 25026 30672 13861 13098 38214 5000 15477 10173 20117 35044 9545 5247 13180 21917 3494 17693 28280 21997 4006 30620
466 10 213080 6768 35294 32466 2214 30192 5104 25206 19463 27023 29037 36126 10364 35930 32585 21904 27401 19650 25584 31086 10341
467 10 150606 23603 11663 28192 36623 2515 37948 19597 25037 308 1078 18997 11417 17759 22490 28836 380 33992 24669 14459 4235
468 10 124803 901 7365 10130 28039 5019 36842 8168 2254 31230 28672 3238 27602 36393 27060 11706 6840 21566 32093 27653 31325
469 10 112990 25640 19598 10579 32069 19938 30893 29898 8731 10695 25176 10489 2766 19810 24241 2915 1186 8899 9641 2375 14413
470 10 146356 5705 18494 25137 1903 8370 779 15722 7596 1672 3346 30196 18067 28617 37326 38229 20014 6128 16004 23169 17142
471 10 165322 6682 31253 36323 14544 38541 18226 13064 21011 34938 2558 8250 7750 943 38189 22385 21698 21945 17703 23582 7542
472 10 139491 30746 36614 29995 38386 35305 794 22661 4983 12974 14609 8964 11863 13604 12721 17218 19018 1459 34146 1438 11369
473 10 127307 2515 17538 29699 33538 1994 26959 10983 6666 7314 36382 32988 1948 8307 18501 32655 20693 24687 21700 7992 22178
474 10 144436 36098 20044 22239 7455 15474 3167 14145 21563 22579 6255 18211 10687 9912 33680 17954 1126 8811 29112 15122 22427
475 10 174896 33193 34714 33490 29409 14859 23581 7922 19285 36764 20016 2523 21392 28812 1400 34113 13534 10820 15346 16124 23538
476 10 192467 1320 33667 24929 20336 38288 25328 36503 16070 23047 19006 27941 17256 15798 15664 2222 38288 33768 12742 36768 21649
477 10 132381 26461 35971 7103 5542 1150 24293 17819 14247 11234 30240 28603 2880 13033 7417 38164 8946 15209 13611 6701 22937
478 10 134479 2198 23103 21628 7540 24397 29888 5748 5120 19695 23056 1001 14219 25913 16049 25506 29595 25429 28939 16584 38057
479 10 90601 9864 13985 18615 166 5653 25892 13656 10526 32566 25900 5778 25004 329 8659 2557 27031 21334 19598 2900 30115
480 10 154736 17301 5018 15058 31364 279 7571 17003 6285 37767 37932 35645 17604 1319 4885 20810 613 19667 16048 28572 12229
481 10 157110 11806 24536 22467 9044 7956 24219 3161 12872 29861 29135 20750 9908 35954 5945 18951 34775 23657 19175 21825 8102
482 10 187194 21186 34212 25987 12976 22703 11460 36256 10176 12946 6210 28403 23909 10344 13002 20185 33002 25772 17790 30211 24377
483 10 146715 38171 37547 30097 4604 11195 4317 7203 25675 17303 22374 32228 26056 12692 7962 24816 35760 4773 38704 4916 11894
484 10 146211 27798 26090 21894 24650 17945 8441 27386 27093 3615 13244 17715 30503 46 23485 18261 24388 19017 25655 29087 22992
485 10 176350 30239 14967 28009 11874 18343 10724 26989 14051 21259 15254 13846 9428 21954 20790 31098 18064 22233 7350 6468 36603
486 10 178429 26554 11483 37281 4296 35335 21286 23258 23492 20752 10296 19231 31704 18261 30993 8696 17949 13036 5573 20633 23486
487 10 129385 15288 9950 4543 18137 21539 2563 16719 12637 5979 1655 19945 26771 34073 19252 7773 7610 18268 38523 17605 14433
488 10 166028 16330 9556 19261 12898 35896 7495 36123 14825 19054 2245 15329 18624 25804 36522 29447 19308 1827 34706 8465 5645
489 10 150407 6897 9842 36943 8783 3263 11318 30895 8670 36069 1787 20943 17498 12095 36125 22996 13019 11945 10749 5963 7008
490 10 129960 18541 32761 9213 1505 13814 6613 32817 15066 3278 38542 19579 14480 21230 1245 8710 4072 12138 36379 23131 22541
491 10 169949 14827 7242 18627 16733 30670 5273 36895 3097 3207 13857 22881 18484 31359 21032 10053 13468 25938 16278 17980 16987
492 10 152712 37770 9057 23997 37062 17156 37263 10959 3745 11979 13641 11103 38686 20037 11678 2282 18930 29162 7728 26445 12007
493 10 126118 26806 22189 27994 37129 17243 599 8181 38578 31745 31347 21818 18067 5494 10595 15209 6270 2085 29593 1073 35351
494 10 167465 28107 35654 35034 3780 13799 8005 26568 6526 911 7728 17566 22080 29603 2602 5365 22536 24786 19240 27593 31709
495 10 110630 17772 28411 16551 1452 28063 4393 4951 6485 23149 27202 11243 6205 15532 29765 5319 36776 9424 26973 6284 21331
496 10 167740 33512 25810 11992 2015 26746 1344 465 32952 24167 22045 36281 7762 32027 6738 38141 18975 99 30319 6246 26770
497 10 143754 22903 12559 10995 3411 20745 9099 36248 11062 6188 32506 17613 29362 4200 11255 8607 8038 18816 29582 33378 31472
498 10 155276 17639 38431 28005 25114 31232 21465 6664 30094 34703 3886 33807 23119 8454 33003 9651 25417 11271 5243 12670 15761
499 10 124742 15816 29071 14660 31596 31880 9048 3853 34599 38284 24923 1917 10808 1782 17092 17027 29931 27453 15745 3256 35030
500 10 152854 996 23628 24524 19456 23738 21529 35088 20136 32456 11871 14832 9197 18671 20835 3218 36752 24264 16928 13281 34951
