1 15 223049 33155 6637 21238 1441 15702 4204 28717 11406 16065 23274 29351 21982 5590 10402 3834 23852 897 1121 35294 30025 17550 25524 20542 7735 19929 3445 23195 3415 7753 19574
2 15 203983 12014 25405 2505 12904 33702 32978 12762 22108 17512 7305 15445 24761 8136 36240 36446 32080 36033 11344 13401 6271 4768 9064 31104 13213 27202 21248 2208 36912 1741 22731
3 15 228076 18012 7671 30385 16520 15817 13350 35961 25130 14188 27114 29119 37242 20251 28745 21147 29053 11975 27379 7277 17321 9949 5332 17726 30194 20690 27950 17876 7657 14722 35007
4 15 189607 31957 4151 25968 18233 16614 26394 7047 3917 1973 1824 26268 14669 7943 3870 13859 10082 2622 12099 2812 19963 21808 24686 2197 8022 30920 30973 8936 28262 36085 8807
5 15 203748 19985 30031 8820 34290 8818 3711 5196 15824 17314 10053 22778 24303 32455 10366 23957 30605 7908 2488 34889 7263 3726 30319 14180 18382 4992 29751 33630 29797 16038 14822
6 15 249536 28455 24657 21159 30809 27769 26139 37044 24955 18287 8966 14158 33943 26185 25526 32129 22301 7428 9364 25453 23156 19306 37931 9659 33007 16038 27008 6765 14505 22085 10841
7 15 265340 32255 36111 31209 27258 28472 15381 19250 37922 21028 7147 3457 21400 22363 8973 29981 17917 30109 36527 30283 15772 29256 2874 3558 25656 3230 6404 35623 14954 11601 7079
8 15 272174 18953 31927 24078 20855 6166 35800 25034 2592 7491 21628 25878 20642 30101 24413 32640 20448 30869 11126 21300 3234 33944 6449 19756 31834 36003 1986 7377 15534 20628 33177
9 15 269395 34148 27499 23150 23773 21531 9159 24574 15699 29313 34417 2074 19265 26641 2393 30018 5805 34116 31193 5068 19251 22359 17026 11613 14873 10917 10598 34113 38306 27109 4230
10 15 286392 15345 9058 4700 36389 23773 24067 20860 1622 13227 35926 29337 12738 25260 35225 27289 38445 25554 3778 38575 21953 13875 36083 32144 10952 16275 32950 36628 31596 35148 1299
11 15 199441 962 15154 15554 10684 31318 30983 4067 12542 38513 16608 3980 10066 30628 3776 1439 25535 38463 16579 8775 12517 734 2 30716 20752 19794 5770 18104 30224 6255 13459
12 15 188882 1440 4624 8795 5833 14261 33855 20448 10743 6351 19387 30160 29598 10473 5427 13734 37631 15809 6739 15835 5820 4513 34987 20411 36967 24175 23018 14165 25466 35533 29662
13 15 278912 32370 7249 29914 20284 32057 37179 20403 16258 32339 4602 19182 11252 30599 35288 22115 29700 34090 13984 8546 26974 14218 30931 32197 1944 5805 16050 22965 14529 11840 34748
14 15 175568 23520 28486 6742 33939 32432 4461 3741 95 9667 16102 5239 2900 3308 9188 11213 15959 2354 32514 15699 7739 25800 12229 12095 403 5431 14547 29710 11465 32510 7712
15 15 211219 8256 7633 13304 30270 2886 15247 29628 3546 22790 2269 8153 16046 1743 21831 38104 37871 27885 5422 33491 10553 14493 30705 3525 17991 9656 28549 24879 37426 25231 1245
16 15 223340 5305 33299 16430 5141 16823 15499 5554 26621 20852 23857 30899 17463 37979 20369 14360 26111 21274 23960 18517 10559 2937 4555 8983 1276 10700 20288 31479 21963 37084 21926
17 15 207631 3577 5450 14677 19513 24613 36040 26467 22925 31927 28975 24957 8344 18380 1481 5102 32849 13160 31711 21050 32242 3390 30307 11854 10093 29818 17717 26848 34174 3719 20389
18 15 236472 24656 2485 9441 36620 7294 9114 28578 5019 12986 35056 29888 2172 23986 18237 37070 14526 24635 17964 15264 7143 8897 10327 37980 25489 4704 2569 29151 32419 1060 16211
19 15 218016 7149 22123 3963 4719 33969 9492 17829 12815 36519 11937 32316 22046 180 9139 32645 28733 421 36753 15524 25227 18231 6024 22158 28393 35949 10007 11071 31404 4597 11347
20 15 275496 29875 20518 3914 17851 35602 25241 12120 26141 36557 99 26247 21317 37797 20054 9421 749 8739 31688 11889 27392 13951 242 13468 9609 34148 23494 35103 38360 35539 22183
21 15 244924 24216 25076 19515 19955 34843 11141 10274 35807 35837 23996 19979 10842 10265 27624 19793 918 22917 22713 27116 22325 4197 5163 18200 27591 827 30041 34391 24117 23786 36007
22 15 203764 10042 18119 4866 20299 34012 12598 8867 31519 946 19089 33508 23005 37303 28911 26680 4579 5498 15111 18188 35753 6678 26380 17375 36091 27250 37363 23340 7745 152 14723
23 15 221422 21319 18567 17017 37476 17819 11127 33300 20886 5160 9327 324 11747 21398 37606 34276 3128 20715 12994 35478 19815 3559 36122 32748 32038 8390 34186 863 14083 24412 33447
24 15 249250 33961 15079 38140 8427 37294 29649 5031 9892 32598 17667 37815 19342 12682 662 23500 24565 23763 17770 25262 8239 5550 29619 668 17660 3895 22452 20398 30337 11006 5437
25 15 258628 32385 32267 36288 13050 4325 8397 22485 6034 19538 19496 8136 12546 27149 24664 35249 3232 25207 15702 21728 3120 11440 5019 12473 2158 36696 18049 10175 35165 20012 36601
26 15 211627 5019 35909 13406 35453 4088 32486 23884 32450 5826 17563 33308 32343 3121 4817 24997 20104 38481 22344 34807 28479 27046 3215 1699 5334 3373 17498 25384 8575 20095 2895
27 15 221522 22158 35623 33777 12929 8867 13817 18529 22220 27184 26885 26505 24196 2016 15070 2706 33117 20999 10490 19290 18641 19049 30463 35861 4505 12506 6997 10253 19331 17203 14747
28 15 199729 20564 18422 1254 16329 15616 7254 37934 12907 2096 4407 330 32516 33230 33120 30003 4469 10700 31165 13725 14360 260 26151 18758 29189 15275 8 32667 1379 17250 31970
29 15 189344 11844 12450 16279 38680 9055 14766 2854 22553 8531 2009 23211 24603 32749 35574 28985 24057 4069 8375 29291 35577 16047 930 13782 7218 3440 6931 9523 1770 27021 37768
30 15 209864 35024 3836 837 6487 35242 10519 8377 10144 31030 28227 11437 28969 14604 6914 28882 18693 1264 38436 101 12166 4704 21572 30181 5892 31448 26341 4093 1962 25106 35073
31 15 289184 17725 18263 10844 18560 20385 3153 31128 23351 1996 12194 36679 34063 26534 3073 18972 30714 38410 14274 15563 25792 25352 16485 33876 38270 16783 17892 31761 27447 35472 9494
32 15 214830 12585 7207 18120 24673 33886 20000 6846 22192 37171 129 21403 10035 16095 9525 7760 29266 11130 12584 12532 37861 1218 35522 3286 13925 20651 8021 27955 37688 37900 25916
33 15 243514 2057 14260 21102 17288 35683 17835 14119 31833 30253 11569 33594 24300 13780 14260 29449 9886 17529 609 15356 2095 19756 14858 29838 25472 11534 6550 9743 35056 20600 36038
34 15 172591 16785 34022 15275 11720 32156 38536 7786 16092 34760 13741 1080 37765 1628 5996 1424 18935 7301 2663 2415 24357 9750 8963 17829 16308 36652 24829 4790 30977 26108 37185
35 15 277858 37131 10652 1577 24429 28304 35308 22215 36836 24573 2247 22824 20228 23253 11280 28814 27317 31760 33601 37437 19066 30800 22989 5858 33736 4688 26752 24535 36354 23554 35534
36 15 217298 17762 30546 6224 7053 13117 18828 10211 7589 22784 34197 25254 36098 3219 21378 19994 1953 13994 837 17528 5817 22992 17534 30484 7443 36812 12472 12585 22019 18663 35459
37 15 211654 4423 5867 14283 8391 7729 38054 33312 14646 21927 5317 19477 12907 14579 28357 33320 27796 9189 17677 7517 31099 10826 9841 13561 9682 22677 21554 23317 559 28431 34038
38 15 191595 7245 24614 12212 3879 4428 14487 23802 26424 30417 8861 16704 35846 17622 16519 32772 28833 99 37189 8724 14258 5236 1904 19730 14647 16127 409 23945 1718 20431 4461
39 15 180296 19362 35349 9921 17360 10023 13517 19042 13238 14711 17306 24320 35087 16944 12145 6174 27050 8900 1225 3961 29386 14869 3177 17928 23068 13108 7765 23243 32481 22865 18157
40 15 191891 36332 5825 36067 20808 28954 17463 8882 35651 2398 898 7755 5464 115 29733 4861 6130 24522 1670 5338 16636 25903 23260 15212 32912 7647 23203 13659 1928 22219 29503
41 15 232792 5875 15594 24510 10521 38470 1719 25524 22664 6851 25182 26543 13147 27504 24481 7129 17304 23394 30835 17846 22784 15386 10853 28703 15380 3966 849 24144 19569 15146 16761
42 15 263371 3650 14297 34954 27571 28578 31913 37185 17140 14782 12581 34881 16214 6828 14297 36198 23798 11607 34975 34031 31944 23754 33450 20901 37295 6015 10804 16901 19369 18949 35876
43 15 198971 26331 3605 377 8064 14054 34628 16414 1946 14923 22363 11744 7506 6226 8343 6092 28165 38340 25757 14406 5778 458 29416 24292 37201 27368 7109 34572 32662 13117 3676
44 15 240994 25448 396 20401 19590 4111 20190 31515 30162 35473 17629 26272 5360 21368 242 18756 27658 3302 11673 17152 20452 22164 18350 11115 27725 20792 20648 21955 26509 21419 20668
45 15 236595 17426 21058 32466 15752 13042 27497 36623 5650 27718 16581 9837 9569 36456 32860 35829 6442 11757 15094 4272 38051 17919 37104 13653 26087 31028 33494 7400 8184 318 25039
46 15 226507 24827 31374 27049 9922 23375 36225 9953 28550 2459 9961 15235 32495 35175 3971 12097 23430 14499 25966 22680 13333 22988 36886 16957 32232 7394 8985 25734 9363 22712 32982
47 15 223072 27390 31168 7846 36001 30981 7702 13969 21517 10357 13211 27944 17877 13090 31881 6072 17037 12854 16639 16043 10010 38606 37960 4333 32568 7149 29730 37431 33334 24776 21238
48 15 249908 38334 13795 16301 21880 9666 4659 17788 34030 17062 27505 6206 365 30906 21098 26392 22625 23166 16478 23785 636 6 26989 33258 22021 32508 12072 8885 27998 28123 25970
49 15 279107 20704 19498 24835 14969 30647 15181 11414 4556 38689 21070 18669 19064 2191 11141 32916 23109 10890 13549 36545 4894 37295 15742 35326 21102 2141 5415 31879 19937 14743 21230
50 15 270905 13211 9625 16706 14070 25660 16351 25898 33219 15603 26643 33844 30774 26674 27793 31583 34212 36294 9696 4394 6085 14798 4062 27271 19855 620 14957 30939 38120 35137 2479
51 15 250644 31833 15641 5459 11772 14651 28791 31914 17083 4791 19785 27679 5 12925 18479 19167 36862 32944 19393 28031 14955 19585 5837 24769 33194 25840 38547 23670 20443 10048 13889
52 15 220484 37966 31371 37305 29540 13618 27441 11814 27623 16597 11510 24101 6006 8021 22016 5692 33064 24110 35575 24650 20986 1019 6798 13692 35044 2519 19292 33429 8545 21073 13244
53 15 234152 33934 38549 14641 16201 15050 24278 12779 34365 29024 22419 5827 12506 20458 34665 19661 4681 22690 34550 181 11522 18572 9638 24877 13367 29248 9202 18689 32657 27060 18493
54 15 237631 3785 23383 30397 30714 22061 31771 26810 7926 32651 5451 21836 16760 30446 27062 7053 18149 29193 11962 16104 2813 15532 16776 14077 25159 17669 15604 25720 9631 3705 9152
55 15 179641 2989 16445 27553 1513 26977 29321 28013 3426 28957 37994 10179 6181 22075 6898 979 26675 8972 27511 20247 31858 5511 15330 10260 25254 24244 22100 5487 13549 2109 8939
56 15 253858 8522 36016 25044 1159 34036 4693 24820 36696 27593 31222 29709 38584 3580 20741 10621 24842 38061 25716 34511 37064 32412 20202 29774 22724 12983 10925 247 8887 5410 25164
57 15 224938 7079 6828 30143 9487 24209 17196 38325 21603 20334 16254 20000 23422 34223 19889 2555 1051 4257 22424 8839 10346 19901 15139 22399 12741 3701 29907 13563 21354 31645 28458
58 15 287685 33133 26132 19106 34905 26679 13767 20822 36955 33893 23092 30997 13898 4740 8671 20497 34563 18033 22856 11889 21153 30221 18353 16411 13014 31640 4702 35849 22876 25697 13929
59 15 293480 33990 12054 29783 3866 25842 8263 32739 17511 7384 26497 6291 32894 19893 4750 34920 16737 36731 25562 14396 16364 14796 26140 33541 34906 32963 28219 35466 36490 8116 31548
60 15 274264 36011 5655 28027 1135 24113 4729 15819 26177 31548 31041 23953 35539 10196 14300 14338 24538 20947 24315 38380 29882 12213 38608 13634 17373 6838 22975 31933 33214 34880 29272
61 15 252161 2213 14477 33219 19258 25135 32339 14914 18132 235 34817 20164 12774 23584 27908 32749 2105 2153 32168 8426 8983 34817 2843 33658 16850 27329 23031 25742 10068 30864 18709
62 15 247253 28227 13659 3606 2243 14575 37179 32329 3816 7444 5789 14738 30869 27222 390 9460 38514 36330 5146 27324 3514 21667 8186 14121 35158 1978 2220 34750 33899 35296 19725
63 15 250282 3086 3207 36068 12320 9248 28918 34310 25559 17135 31526 31495 938 28865 24178 12947 21568 27632 20144 14107 27781 33048 13255 4294 29510 25117 15898 23491 9168 12010 25007
64 15 268792 23719 13139 34616 9684 11813 33398 25659 14492 5237 22276 22390 30981 36786 19373 1216 32196 11517 20760 31012 12224 33477 10804 29691 28692 38447 23260 8108 29727 22303 10717
65 15 223166 12813 32252 13308 5969 24045 36746 12785 5650 27531 19633 3654 24649 35865 17533 37235 36488 4939 29930 1387 19362 21268 21260 15650 674 17982 37782 34700 36399 15796 2922
66 15 282515 23468 29536 30381 37237 20523 9313 23515 10615 32970 1524 27740 4487 17559 6096 15624 33402 13892 9363 38482 18803 33667 29170 11879 9047 29625 31348 8165 8097 25654 511
67 15 208279 30500 17506 4821 36091 35026 14231 14717 16240 33531 27324 3760 23067 31448 24297 3398 14753 23126 30002 8219 5186 6832 23829 7795 20755 19895 1479 33584 18909 3697 27374
68 15 172504 31719 13503 16898 23976 33947 7155 14847 6022 2082 27028 165 24301 7456 22360 9334 34387 35002 26795 10727 17779 7407 22918 6340 3075 14398 13900 16722 24638 8586 30366
69 15 212591 7385 26731 33925 8028 18927 35164 22933 5071 3772 27108 29185 21861 22015 19589 25304 36905 18330 17122 4216 4533 10269 30229 1213 10773 17431 27479 18452 11544 32382 36071
70 15 235337 2397 31301 8963 102 17176 6351 34838 5724 9296 30403 29967 5667 23896 17073 35664 4728 4515 530 23294 31562 17104 12011 4609 3768 28660 21782 20250 30189 33543 14970
71 15 256355 26737 23247 13459 8912 11616 4466 31107 16399 17141 17756 17134 5907 5999 36960 38703 37161 21267 3176 4895 22621 36138 15520 12564 31024 20890 30581 27754 15524 35040 36787
72 15 259265 35508 7360 18645 34918 5211 27965 26189 6191 34371 1221 20936 33744 10491 13217 19758 24927 29792 25657 12227 24560 12359 28885 32069 16418 13351 18802 23908 36995 29267 37086
73 15 189709 20480 30492 13956 15290 7712 28728 11874 84 15513 4758 8317 11956 14918 36761 10542 14221 34102 23585 31388 37669 5218 32478 16609 38349 11828 29919 7971 35257 26709 18129
74 15 315322 33742 24619 36604 30782 9326 4366 31892 3326 37 4383 28554 11852 24816 10579 36455 25893 15226 30066 38423 6950 29498 30536 22831 17768 24518 9201 25220 4828 37011 1018
75 15 254376 37312 30327 15352 22348 27777 1902 23357 11822 16354 25737 19938 22949 29500 37293 11244 1854 34012 30824 7557 26999 15186 31815 9792 31329 8560 8398 29555 21288 32475 19468
76 15 217307 13574 9698 17428 9599 37454 7888 32396 12196 9536 36836 171 37723 11877 35404 9121 14858 5484 33181 10523 1934 13171 10729 26383 7600 38342 13258 35637 21873 10537 17328
77 15 254511 26826 13587 9425 7365 14651 23743 25742 30147 23015 34905 11673 11155 6981 28084 21488 38085 35119 9113 18417 23137 30871 26018 25988 30201 14131 4249 33071 4246 20741 10872
78 15 260352 7825 27600 4920 31537 16107 37428 11781 24551 34736 26142 30424 2892 32592 12559 35447 35614 35820 16753 11562 3188 13262 24867 17929 4213 18979 27799 19445 16685 34611 33489
79 15 196729 5165 22767 27486 20470 7105 6835 9199 22364 10443 17594 10242 2251 9080 9531 19028 26435 9041 26190 36876 32170 3522 9876 36915 224 6707 17850 22476 28547 32627 1002
80 15 276676 3934 7699 28730 10729 21067 2965 18053 4015 10843 8029 28815 15601 24214 18366 17656 29092 14559 7746 32311 31156 14802 16819 36110 35318 28628 32083 29472 2020 36651 9268
81 15 213310 32520 12394 2040 18281 31634 8367 3858 5231 15293 11461 24044 32045 2036 11296 33014 5924 7691 11546 3923 25603 34589 31973 11145 27517 25971 8891 14264 26892 24616 5962
82 15 235768 4086 20642 35448 18685 8326 5645 16826 25254 22043 34180 30832 15859 31527 30897 5073 32817 10347 18245 12665 37530 35619 16433 31300 5349 30181 15753 17630 23586 2807 27023
83 15 223785 11417 34205 28123 16676 4974 345 38570 15423 26206 36739 1500 9073 14264 7294 12907 31335 9988 5697 23461 38552 24105 7706 18983 9941 28150 25688 36225 25614 859 4476
84 15 238035 807 875 10425 7169 7741 9113 30203 30880 38370 34770 32875 10513 7412 27078 29542 17299 21112 25238 4583 36393 3889 30918 36305 6220 26410 1817 32676 36138 15194 19746
85 15 229472 26997 10209 33469 35377 35407 22689 15595 17954 2316 30914 18939 24581 30019 24021 11407 18878 20481 25708 36851 2835 1634 23027 29857 25895 22435 6108 1327 16770 106 15929
86 15 216404 28533 3815 27820 29877 30212 17679 16372 11706 25351 36099 7120 19086 15978 34590 38045 31147 7198 35946 15258 6657 35461 14583 3728 26459 4621 18458 3167 29654 11641 1752
87 15 192921 7905 10558 8859 10749 18695 9699 3797 23611 4324 27529 24814 2996 25041 31516 17660 11530 35827 26468 10142 26589 6030 33331 34838 3876 18021 11526 4809 17945 20390 31621
88 15 224459 12890 24553 35699 37647 29946 4897 35745 9542 3650 31810 13321 13885 5899 17885 6758 31220 23168 2042 17671 34037 4084 25535 10430 16288 29877 19399 14319 21263 37117 36702
89 15 295800 31382 33679 10357 11232 37918 32974 27369 14662 32737 24001 38252 16793 15136 28990 21812 7059 14441 31705 28410 37709 11872 38708 24298 17617 36888 4700 19265 3856 19614 2066
90 15 176697 8509 4582 5463 6335 13786 23932 833 28085 28062 26316 14851 15155 2423 8893 32999 12591 23451 1817 17211 30999 24340 1266 3103 3062 34443 12252 6446 2521 4952 34922
91 15 263846 31831 26458 4986 12818 26935 21931 26441 35918 2454 1883 4547 28317 14016 10334 19832 5944 35781 11453 32220 5534 24505 32901 31811 25383 27253 34663 27723 11608 19473 22540
92 15 228578 5939 25074 7248 3110 32255 15247 3473 14149 17074 35483 34246 21450 35324 3724 19491 13174 12161 13665 21543 33056 35049 10705 11368 4836 3759 9985 21278 20035 25515 16424
93 15 224612 22919 32494 24332 4420 25925 26844 36877 29811 23341 2608 8820 35856 3764 2555 32222 33064 33296 19536 24853 4585 16851 33289 13552 29325 7756 13957 4384 37834 1874 1978
94 15 186926 36048 3669 17341 4310 27567 15731 2392 9810 6965 2896 7793 29126 16277 27600 30308 21306 8624 14713 1358 14098 24781 15055 2220 14505 16683 10224 21773 29651 13528 13063
95 15 238966 33604 24496 9390 22313 2612 3318 13986 20713 35268 11430 35071 5779 22023 32342 13468 29187 18455 6857 6096 8104 36126 13479 30453 33206 33139 6181 3202 6140 5815 20283
96 15 248057 33099 31512 30366 16420 28146 31196 24078 9142 23787 24544 3174 11528 8299 21503 945 10207 6538 26396 34208 23815 35295 27668 8417 14644 20978 2333 22343 9947 30399 31331
97 15 284378 3836 23352 31488 12009 8450 24822 35630 24061 35176 164 36255 18297 32231 30995 15386 34337 36097 8083 37556 23422 14153 33985 14780 3991 16240 20354 2148 384 36047 13354
98 15 206940 6673 2697 24814 31606 29578 22086 16499 36320 29833 7402 2761 20547 5505 20498 29672 31527 1698 28826 6331 1419 22466 18341 25208 5147 30596 14505 20753 10176 6289 38137
99 15 236967 35731 37274 5633 21346 15165 23693 22421 31143 23651 17819 13085 24904 23792 24870 4109 25068 12028 8122 11696 3887 25667 9646 28564 8031 20883 12699 20225 15461 33559 22591
100 15 160519 24740 24967 2600 33373 12389 15274 1282 22390 19130 2882 5636 17451 14376 9320 27988 6840 5771 10112 12225 5379 20631 3780 3093 1953 2237 5157 35040 38183 13511 1414
101 15 243987 26165 3195 25423 35460 8066 37859 2866 520 20144 13654 10591 3106 25923 6583 34611 21411 23574 6355 15162 25889 20301 22966 1681 26372 29589 4606 26630 38643 34258 34349
102 15 219900 8273 3881 6581 17547 28379 7269 16621 20889 17830 16340 5974 21415 21456 11433 29631 9984 11095 36673 26071 15785 30289 25499 12956 35346 37471 36160 518 19214 21730 6791
103 15 182528 756 9737 19889 6820 1078 15943 29269 28881 28534 32538 29170 37516 19000 30574 4934 38369 18770 6542 557 20731 30636 15742 10508 4999 23138 38296 4760 24297 7161 16777
104 15 267232 11752 36469 30971 36557 668 20029 33077 612 32206 37635 30843 34264 26181 29801 16512 26008 9199 13339 6987 1754 12255 23876 28340 15119 33310 22537 38188 26706 23551 5552
105 15 258596 37773 12138 37324 29681 12050 31178 9249 3227 33066 22350 16821 24422 36004 2868 17848 37847 13600 19542 23301 30661 6119 30995 16294 10787 25780 18742 10695 30212 27321 36066
106 15 232116 16257 5188 34164 27657 9234 37344 21819 26582 4928 8719 19606 25762 34802 24458 17284 22210 14678 9055 10401 30913 28750 29306 19808 1014 6325 2062 26936 13509 25153 15370
107 15 247081 13336 1123 21064 3651 11548 1938 34429 35461 18550 7791 556 22939 2000 26204 28193 9744 35548 35546 26557 37812 12363 16758 38302 33521 10818 9210 21263 18368 34325 33123
108 15 221984 23465 3708 7420 1981 30924 31020 24580 28326 32009 9137 15839 21043 9321 23930 33400 28491 1384 4268 26217 25081 24081 6187 2953 27897 14767 4447 17416 35262 13705 7502
109 15 181899 36919 33193 20553 16555 3963 23586 33134 34497 1146 11172 22939 6910 18763 3188 1515 2449 4307 25254 1270 7961 6507 3736 15409 16033 36226 37055 9687 10982 15036 23159
110 15 249108 21624 32202 19694 2404 18864 22875 6486 38429 33902 12489 34981 17281 7140 32403 29487 33516 30232 18533 12310 21332 9331 29195 20509 1687 30269 7758 20127 23750 16429 15351
111 15 192294 21478 19518 13931 19313 15685 18025 21769 21541 11994 25267 19244 36812 1923 36899 9397 10868 2695 38265 31245 6303 13093 19740 23083 15531 37356 23446 4603 5517 12872 15819
112 15 292604 32810 28748 33076 1815 37071 29717 36899 11517 13730 6301 20198 9553 28678 33443 14843 28772 23087 2939 35629 38127 32661 22762 26271 2874 2994 2127 27668 8879 140 23243
113 15 282756 36318 34474 12577 37254 29464 21038 19458 26593 9088 31827 27520 35554 36909 19740 19543 12649 8507 15067 28426 31377 33275 15755 24914 10518 38043 3668 23979 13783 5424 37350
114 15 267558 32511 18460 35092 18844 38238 25560 37152 19983 29583 21069 5802 10709 15038 25147 26558 37085 19772 13203 32602 35925 17747 5923 3871 24305 11506 11754 6644 18625 22332 14357
115 15 323840 28301 36751 25085 4188 9064 16650 27038 1021 32681 29760 23380 31769 10074 4186 36540 2003 38355 3273 25853 24000 14516 26753 32554 32329 36964 865 37845 20249 26550 28357
116 15 284488 29461 37400 33163 34641 9340 35008 27993 22247 27302 1540 26296 10353 32377 18413 24399 8850 5402 10128 25560 2 2436 19872 27963 20918 34013 21254 31464 36606 18442 26938
117 15 247901 7811 5708 35564 37712 23844 37539 20070 32315 32752 7835 32648 14872 6976 1160 26026 27749 31879 29551 21513 7046 29865 14861 18193 9566 3858 26020 2503 19696 16375 36061
118 15 198599 20607 1711 16867 827 18134 15491 9596 24906 18177 31531 12021 37040 34426 5504 8195 17511 24508 34614 22337 8474 20627 32572 9148 15300 10983 29916 8810 10505 13813 30760
119 15 208893 18955 28149 6168 37379 13054 7174 35696 21458 15926 7922 24466 33762 12300 6654 2111 31768 376 4650 14257 6586 34805 34916 22785 23991 34473 28752 9950 15225 15795 6789
120 15 305164 5726 38330 33344 23972 37549 19942 17045 1988 32579 6933 25928 12530 25812 36772 34369 825 35537 19715 23988 28200 32941 27264 21246 2638 19717 24120 19823 14290 15851 26346
121 15 212676 829 25501 18391 35708 16924 31814 23457 20599 26349 33125 202 20417 27060 19297 21620 9173 15959 35243 14460 1341 37140 24039 13720 28959 20540 4387 9462 38653 19732 28986
122 15 198631 18118 5376 33155 6872 31779 4966 24997 32099 2763 35580 19818 9633 319 22049 7354 22324 19967 6053 18310 27890 7787 5303 13474 16709 6853 36807 7726 19019 35869 7731
123 15 204240 16391 1725 18402 34340 24319 24536 4757 7397 10427 30346 36267 10460 5962 568 36532 26064 9480 14443 23702 19343 14904 14792 18437 37899 27474 15234 1435 9580 6811 19194
124 15 278819 33575 37155 26098 7508 10573 20109 21085 8387 14993 5555 31537 17011 12175 17396 23567 34460 18798 16941 26672 35373 36350 9794 1735 9835 21889 22306 37045 10979 32432 25006
125 15 189937 19444 21328 12699 9690 244 29915 20222 31232 30999 9140 12221 5417 23652 14204 18705 950 14122 30065 16884 16187 25483 18915 3605 6459 5953 9092 17515 5152 15674 4235
126 15 226516 25803 16334 13101 2715 706 18006 24609 12682 11498 12551 10159 24321 25207 33658 30659 37051 7849 25953 32284 20953 35510 3031 10989 13729 20972 1912 58 17044 33741 24701
127 15 197982 28048 37126 11419 2074 10617 609 14208 26329 1073 3579 13841 14633 17097 32176 15419 26613 32173 3881 24979 2271 11597 32667 15601 31992 26906 25274 5116 10994 19384 12083
128 15 217024 21965 36416 10873 967 28902 24660 27323 12043 26671 8611 7595 32672 395 32921 18271 28377 33950 21724 6705 829 26728 7961 3025 23126 37950 22257 42 15815 20886 6535
129 15 234729 2885 22307 23909 13221 36168 10811 21312 16915 4397 24185 32653 562 9681 11887 32505 10132 14504 35544 19100 10461 16869 21177 1012 32002 32196 5320 25283 8717 20938 17540
130 15 277196 5114 20510 18035 18887 26452 16994 34862 3670 30884 10210 26112 10491 32511 14462 7416 21537 38554 22992 37214 26658 430 28317 13296 38149 16732 18288 32668 37886 26215 5911
131 15 237148 36585 22396 16682 19180 37848 2069 18023 21254 24007 27381 17840 31618 13748 30340 25140 4595 24577 6435 12179 6676 2867 7425 2806 23727 33216 18079 21318 38659 9599 6634
132 15 259816 36276 31594 27691 3151 16424 9122 22173 12515 7709 10179 24609 4685 12288 1321 16064 22570 38624 29576 20290 37969 36097 10209 34777 8111 10068 33588 19504 29499 2176 33609
133 15 221249 23118 23405 19817 37052 8054 5421 12249 1084 16548 15094 36044 24405 11917 10899 13643 13745 14761 18703 8681 9600 34971 14947 36919 33192 5019 23943 23995 1615 10826 6029
134 15 251354 37257 3732 31848 36645 28375 13853 31559 37764 26954 29857 6684 27454 30512 31158 4240 22379 10357 31692 34277 16869 23173 34475 2011 14901 4245 7888 9458 19249 33243 24770
135 15 152028 21008 12884 4129 1438 9136 16363 2006 25347 4883 20658 18696 9199 7249 29853 3380 8004 17784 25717 3425 8595 9657 16045 2603 34505 13604 3090 35867 37534 36608 19395
136 15 248718 20832 21982 17518 32611 19132 6673 25199 16690 16297 6264 38553 16826 13201 8288 38142 18618 6487 7434 18750 31102 24130 17370 18510 19225 27263 26939 12859 10411 14025 34954
137 15 243720 33917 27062 3137 9238 12656 16711 9533 1583 20982 47 12144 5942 30851 22075 34776 19423 10593 12433 6674 25869 31524 38062 33844 24603 2640 16951 32096 38288 29283 31253
138 15 240062 14197 8953 1540 9917 14350 25577 32389 31018 30235 17362 4302 20986 25413 18489 6202 14930 32643 31038 15544 5086 13676 41 21473 33991 17623 38694 38192 1354 32299 19992
139 15 198440 4784 34694 16611 35455 16927 14310 24708 2386 11235 17059 12987 33604 29061 19138 10971 36524 29386 19816 18645 294 25290 26691 9221 1179 5730 21518 301 13247 32194 1421
140 15 257047 36394 28 4196 6921 13914 34647 30525 19897 19332 23329 30316 6009 21764 22265 29520 37538 1334 30586 25506 11657 11831 5796 38182 20088 24735 8685 32152 32338 1608 1886
141 15 329513 38378 36372 27797 36397 21725 3741 25633 29415 20944 7673 25246 18365 34779 2917 29894 11463 19826 12091 14751 33350 22033 37937 37204 36810 27749 8719 37570 23077 28363 2847
142 15 238497 28005 7607 15164 10788 1364 16064 38316 21517 20069 23667 3953 34179 25068 18514 18410 2602 9782 25640 6878 20363 36162 36459 28089 1180 3816 33470 31056 20205 31990 36531
143 15 234998 13551 30220 20931 21982 5170 14128 26870 8680 1140 19078 38567 30375 24965 5386 9255 26215 29162 14343 17912 32794 33585 20424 4758 24588 32793 34715 24036 37433 11053 18489
144 15 185399 24892 20224 22591 34922 9499 37801 11599 5469 28478 14700 2980 27479 3894 23446 22716 1116 22854 31787 8083 19373 26748 34597 6041 9127 17065 7854 23021 15201 1288 29571
145 15 148004 18786 32619 8472 9746 6564 26591 8126 29251 35367 18115 2462 30316 15962 7882 2702 34370 24850 21968 142 7545 6041 5383 7176 31135 5836 483 28084 19404 14436 8161
146 15 219601 16508 16639 28274 38541 19674 36037 2643 15476 13485 3718 22106 8839 36896 27093 12115 10924 14175 4558 16355 22110 37918 11979 1017 32536 7768 18004 37381 28937 8187 13718
147 15 264231 20 5659 31297 20619 30189 15307 7151 37 35747 37084 14094 12496 3237 12967 38556 10472 26873 2014 24044 15677 7967 8498 16521 36442 32869 18418 25304 7664 36420 811
148 15 241557 11525 5048 33304 29603 37870 37930 13784 17100 27232 31372 12059 19647 11219 10758 38538 20394 34902 25935 21792 8946 5158 38538 4652 3710 13505 15828 22396 23834 14011 19473
149 15 225858 23447 25668 32147 17400 38503 17922 21444 27871 37015 16684 30579 21943 12024 3939 27041 36284 621 38133 14969 11828 20505 34777 12798 23683 6669 14662 2833 8783 1728 433
150 15 159250 21315 9814 34423 20724 10595 2859 6634 15026 11244 6937 6107 551 5188 18767 18990 3348 23751 4503 11071 38285 1584 18030 8899 25973 3174 2747 12843 6302 23245 24321
151 15 221896 36336 32156 17972 17725 32234 10640 7526 22584 26236 11769 1799 27544 36 5826 29231 24409 24718 32553 2204 33473 12084 29939 32651 31826 15829 34868 25450 9054 13065 34544
152 15 176256 19935 23844 10809 11872 11577 5373 33589 2292 21538 24317 4294 30848 19037 21444 12164 12761 8216 2706 6010 8312 18711 21214 3910 32754 18064 34760 12908 22777 19558 5021
153 15 272525 32495 1041 21252 5725 31962 8712 18793 33048 26244 2198 23435 25959 3158 4126 38078 984 13141 34159 38050 37366 26593 7349 3464 10904 17552 13532 23724 9512 22716 31719
154 15 247274 24589 5953 4268 6538 13245 16345 32400 30529 30974 8669 28020 32992 2568 30558 7919 2697 28733 883 30063 14588 30285 24054 34316 14409 3655 22031 32208 128 5850 17233
155 15 203901 11301 23229 37360 27132 13617 37753 4120 23505 32102 33098 15211 23029 16805 20383 12641 26990 17254 12609 26 13133 23350 23246 11176 37051 30778 7689 26430 16828 2706 609
156 15 241592 22873 24563 25812 7999 10546 21706 17036 7152 32443 11127 29129 6596 16848 5493 35830 35985 8459 4668 2171 34110 22136 7252 30748 23916 9910 4157 2111 4606 35938 32647
157 15 230375 6307 21118 25938 12249 8488 22073 13935 23760 5821 27389 14918 7678 27059 7422 31631 16062 3311 36577 21962 2380 32898 21565 26134 5899 25946 38137 25784 5896 17837 32007
158 15 175677 10549 20502 640 8858 6433 8350 1594 38299 14648 658 15286 34459 30893 34245 10709 10911 7828 6443 36111 35806 1661 4332 27780 23786 29341 26804 23780 38563 2344 15935
159 15 249679 15554 19962 21839 33571 11544 28651 11028 13607 38610 723 29143 15962 26098 29635 22871 8455 21290 3383 25234 811 25601 4960 17901 36325 20323 12919 24625 33278 438 30865
160 15 260060 16141 8522 38500 329 27463 8479 24273 26770 16360 16584 6887 9862 32998 2851 6114 38709 28010 18569 3196 18788 35159 831 24413 18643 17568 36312 11682 5171 36312 9309
161 15 251058 14022 14696 6568 32370 38123 12007 14606 21025 2099 20368 401 32493 33186 5027 30877 19465 15842 18662 35438 5788 31015 18729 14512 34782 20982 34195 25374 23783 30778 24316
162 15 242420 7174 792 25217 22137 6094 7135 37125 18249 30301 10796 14195 3813 9614 9798 27877 23563 21593 29653 2057 1051 26203 6856 24333 37064 18872 34535 30569 7588 21802 26859
163 15 253086 3381 1737 10343 10554 8766 24154 15167 30044 26101 11503 36146 31454 35713 2932 23675 18186 35914 15979 14789 21532 20892 14593 10273 37823 32779 18288 19636 6852 22783 16899
164 15 294940 21703 25235 37108 5484 33008 10631 12709 37716 16432 22483 24123 34574 13804 37766 33717 25637 37154 20596 15704 37339 9721 9973 13253 31140 29155 19232 35037 4772 36047 11124
165 15 278010 29720 35685 5341 32951 20849 4427 35100 20871 22589 25661 34737 26376 23622 16996 9180 19533 28104 37651 27425 15208 35823 36902 15463 3871 3806 5987 29737 1008 26017 18536
166 15 271290 7458 20414 31168 1738 19325 36718 18367 29947 36671 34949 33833 14158 2488 34386 8255 10482 10687 35540 38077 9746 24558 38047 35799 26726 22319 20421 28529 480 21579 17518
167 15 189524 7000 29215 30647 10606 17531 2348 27973 27493 6611 13218 8656 33025 11585 14467 26569 14189 24750 8432 8993 22965 28920 19378 5363 34821 7085 17791 7253 20357 17969 31017
168 15 242020 5634 10727 24183 35122 35403 27204 13685 24562 30408 8339 9290 7919 6821 4878 29644 11676 3680 23606 38266 12233 11218 3039 32162 17314 7802 29647 28557 19011 25772 15733
169 15 228400 12960 33765 11736 32750 38436 26051 35292 9830 28697 549 7060 4674 16238 33864 6469 27309 2 24058 13660 5509 25173 7145 26417 20129 33629 13265 13807 15294 15925 32323
170 15 245020 33102 20676 21741 34580 2968 2929 13310 36032 21848 30885 22031 38360 14937 21451 33104 32362 18673 37430 21705 23722 31947 21007 15582 8484 29213 23143 6499 7253 19615 3212
171 15 246301 10535 4650 33341 7864 2581 7879 27069 2838 12945 30504 37452 15028 26401 28684 31968 27872 16108 23789 36168 1999 2377 24603 9290 9460 21912 19796 9883 15530 29847 31459
172 15 209492 21369 31566 24723 26903 21804 31911 13618 8968 27774 28428 18293 29841 1633 5331 21444 29962 1277 32049 9438 19036 14112 14164 6139 22828 24237 21162 36357 28398 19648 27223
173 15 237364 23066 32159 6063 33350 24845 24901 37283 19143 15213 4483 31108 969 10649 4720 2690 24293 1587 10744 11864 34739 30194 22719 15400 17879 31690 5463 29289 17817 25765 1427
174 15 181772 3113 14345 15482 4145 712 16773 529 17678 23298 8261 6714 22273 35626 10354 22629 9679 15811 20873 36126 14689 3588 33196 29017 34982 18263 34048 1509 2720 14798 22559
175 15 304418 16144 24908 35834 30743 31977 5523 20659 37206 21018 1835 8727 17174 18059 5202 30075 7936 27680 15310 27115 26110 24561 26622 34185 11724 29880 22071 24569 33214 30040 14541
176 15 253448 15140 18171 30722 37391 33103 38189 32507 34166 19053 18186 11506 28881 18887 31517 15042 9978 38470 31234 19098 26734 7406 9275 16141 16433 14487 11989 19877 3600 25372 6154
177 15 155514 2688 34312 7713 14850 16864 11783 7016 2496 9217 28670 7119 26857 26484 1323 25495 2765 10390 37936 10351 35923 33313 27357 14815 27143 7219 1242 9256 16429 6453 23951
178 15 230864 35239 25031 8246 9647 9718 17094 7505 15418 11754 22863 3007 24348 36286 7653 12431 24475 27918 25961 34284 19315 22312 13654 26793 14226 30512 36510 2889 8106 19686 18396
179 15 190555 4152 28603 17125 8346 9417 17252 17773 13634 18671 4125 17469 18713 22395 17714 33145 4332 8192 16736 8644 23875 31357 6515 22231 17634 2033 19056 14282 5846 11308 22166
180 15 234648 25428 25798 36636 19012 19986 19741 2289 38175 31910 13719 36079 7864 20077 30629 2982 24105 26910 34257 25094 18568 11112 17548 163 36157 629 33001 23793 36858 30223 20616
181 15 240212 7414 9758 14257 17555 33007 22024 11517 25510 27914 36223 11981 19345 15880 5690 22173 31984 38134 25372 30487 31851 3917 26843 17283 10069 21777 9841 12538 18906 31986 21659
182 15 251649 20677 28517 26360 2871 22775 37194 35982 31723 15393 15401 4557 35547 21033 12515 21135 12458 29631 33049 32068 2331 7645 11668 17173 25499 20715 31042 1646 36713 37772 3838
183 15 218174 6349 1834 1190 19997 7740 15472 24011 30785 36070 19548 37176 13843 36667 29590 30446 20887 4647 35003 13052 31688 16112 3492 6690 22732 17661 22722 9781 5535 25126 37391
184 15 223533 31597 20469 25133 24558 19784 36290 17212 10472 4400 1960 11929 842 34256 35599 16895 4291 32125 7451 2706 26291 15131 38481 24776 34784 4033 22811 26081 28919 13359 32259
185 15 232322 3188 26246 5331 32987 12515 1258 34465 4799 3277 4175 9797 5924 28056 29269 36846 1594 12343 23547 19496 1387 13706 10895 21717 11002 21448 2387 37733 30517 30485 37279
186 15 244489 23144 7106 35462 19428 28365 23662 37079 8736 7860 17369 21763 7573 7262 30132 31124 34547 3889 21252 17337 35965 12477 1142 16286 27748 8083 37852 31121 19316 24360 16842
187 15 208247 1031 17755 15054 9189 22116 19350 34671 10769 11109 13204 17626 22662 37621 548 7111 37 32072 31256 38495 16280 5019 9374 1924 26915 6766 26100 13750 10016 15944 4560
188 15 228349 38582 33722 27262 27768 13155 32841 1661 30513 37879 33293 12130 21700 29685 17703 37969 24230 2273 21477 29273 34911 6308 8147 11090 38149 21916 3878 12228 16473 4026 2456
189 15 224699 28751 20732 26877 11117 885 21475 31917 9829 3178 38349 657 2521 13467 23375 17499 38275 15209 3011 1870 14900 6163 26457 38102 17905 37062 4747 33200 4004 26037 26046
190 15 223789 34154 9785 24190 34357 5556 12828 25542 16742 4254 26737 23822 18835 18894 24840 1138 11930 24921 13463 11150 2627 29319 3768 13052 35647 22995 38306 25558 18546 15192 35278
191 15 271688 25931 9305 3907 8429 3779 15517 15741 23863 27881 12264 25756 25642 27719 20019 29731 22878 23398 16989 28150 32399 29285 17739 18037 37398 26197 13801 29807 6142 24291 1168
192 15 229416 19277 7264 35098 483 12192 4505 15876 3356 32469 8335 9059 23792 23858 37742 3529 12307 32910 13796 20263 3778 14406 29915 14601 5790 4694 8345 24129 4068 24410 14018
193 15 215448 198 7211 26373 2783 21296 4173 3899 32506 26636 32832 17556 22417 30575 28893 31160 15442 3692 13036 19298 17153 9843 21620 4883 30290 24440 35101 21123 33121 28339 361
194 15 231369 38065 19335 4435 3940 34303 23819 38636 21841 28337 36112 3262 18421 17268 11172 27415 90 8278 17850 13310 20170 14850 29701 11927 31396 34285 6788 3769 14841 11072 18665
195 15 211004 18484 16852 7144 20633 22616 8473 6454 19452 6645 10195 9793 17789 19668 2610 21929 1591 12684 5633 27950 17875 18939 26563 18661 6496 15859 16925 26058 3512 30871 5123
196 15 209223 5178 19988 36251 28202 22039 19181 27663 6491 25865 36008 21430 23886 19936 22970 15383 9258 10112 19963 24134 38084 1891 29788 13861 10195 16128 15372 9389 27605 12269 26232
197 15 266748 36303 38000 8053 5262 19927 13719 21225 10060 22391 5000 8056 12543 26003 6140 38311 38443 36958 22365 36038 9538 37815 8943 3421 29900 1961 12268 3853 19805 33121 4488
198 15 211905 10551 24135 9622 24783 26260 21256 11396 31993 3740 1997 12691 11083 31144 25959 14147 19837 30489 16676 37493 2897 15029 29511 24302 19 23368 38125 2650 29822 12000 11403
199 15 186296 21455 15554 1698 27922 9590 7809 9926 28639 22559 31418 6603 19512 37965 381 9121 33444 19304 37730 27991 36432 6206 16059 15266 35769 4555 17341 11099 31250 29533 28757
200 15 253155 10715 32208 20907 32112 16484 7743 6025 33813 19312 5886 18765 29249 24614 22221 30926 21110 36577 38024 12855 13450 36198 24867 22419 37696 12945 146 25339 32182 22363 1771
201 15 268780 9810 16540 14834 20643 33216 6938 34039 19824 14810 10346 5646 25415 30838 23128 7588 32571 5545 35168 25465 32851 38357 13836 25378 11507 37481 27768 19998 3212 32971 30769
202 15 214388 22249 15856 8566 1055 18469 9489 6527 20320 16601 38527 18444 29165 29974 15642 14465 5695 18463 8825 33374 25502 14838 31060 15885 30221 7611 37973 12225 23441 30295 15455
203 15 284374 25460 19377 31636 14689 32771 23328 15853 21747 35227 4772 30156 8014 34331 12437 37512 6701 4878 34820 32171 2426 6693 33869 25203 19026 33645 12273 9788 2964 144 8013
204 15 239693 29829 10748 22263 19325 28685 21123 10941 10042 37223 7865 24549 37555 3943 33881 18458 2896 23567 17900 15345 6510 22674 37059 14322 22024 25864 38174 21293 18893 661 6126
205 15 232272 19017 33852 10006 28320 26580 497 6670 15025 24435 20966 34716 5205 19674 30645 21039 30669 18015 18189 1696 38625 33315 29124 17206 3440 26378 33007 19770 19306 11823 20725
206 15 232430 18506 2490 9249 24154 12991 27614 13943 7576 26230 33324 23922 35164 14138 15865 26138 14092 3446 21756 16927 20886 32929 9287 11438 34829 21265 36217 30684 9417 28732 30782
207 15 222521 5268 21456 9266 14729 7621 33487 3396 35170 37836 489 31125 26876 2973 27236 9693 1685 30057 19 15018 13289 12061 38584 22507 37775 37309 54 22769 2226 31253 18271
208 15 257582 21996 14491 34670 38341 7066 34249 35189 29427 29766 8945 37411 35838 1760 32762 31071 25633 9729 15269 8149 887 10159 14186 16901 28898 24106 31623 15626 4904 38379 33134
209 15 239400 24168 32378 1381 5068 16357 23611 11303 20445 29429 27494 13882 5158 31004 20926 12612 6004 24926 33268 30937 8657 17002 15011 18665 11799 19846 24524 37002 10850 10736 3682
210 15 196992 29175 14831 12937 27283 14707 27239 22402 16890 27810 1086 12179 8999 1121 4798 18605 32256 18390 27902 1682 21989 8487 19812 4194 2227 35850 26732 9210 35415 29491 15487
211 15 266578 36747 3151 38493 31593 28035 32828 2343 16946 28909 23905 9078 517 2748 29829 31343 4550 15216 34352 15845 24492 12896 2913 36314 13075 7213 12348 38255 23803 29788 17687
212 15 262647 36290 17894 30778 24745 27379 21268 37788 27396 8509 32122 12776 36250 11276 6240 8204 14626 30703 1450 10356 24809 21560 16836 30024 10095 7685 1685 17287 4870 37694 30175
213 15 285366 34295 38432 7062 24204 19083 25635 23962 29117 23466 9548 24555 17616 20608 1081 27049 20060 33563 31954 38549 32499 38165 36277 24442 29412 6064 13154 20048 34570 15797 12898
214 15 225385 17244 19659 38362 14933 5577 11446 8304 11234 24705 19419 7897 23100 611 16447 25988 433 32922 8256 14462 11295 36061 24829 34656 24363 7133 38008 12581 35874 15229 17921
215 15 264902 16461 27850 30380 13059 31172 35099 230 14518 10186 25009 30136 1332 16248 19200 25945 10036 16783 32691 30444 7726 12405 22129 31918 29574 25981 1786 26595 6612 26244 9525
216 15 210378 12206 9308 9862 5572 18220 10713 29767 6140 17083 25680 23231 25150 8608 22579 23664 17091 8422 29091 10864 10302 8593 33437 38114 11433 1838 1564 35945 29883 16556 1072
217 15 236441 20485 11513 32764 11218 167 14638 38638 33523 16418 23562 37077 8404 17543 36 12804 23699 33810 17180 15428 2978 208 29003 22893 1343 31416 35209 7450 19622 8451 18178
218 15 214557 25704 23595 38546 2748 11792 1875 27798 33699 25445 10986 18266 16099 18181 7419 24260 12793 10164 5007 701 18342 25162 34194 15906 9172 17995 26315 2520 15959 5757 21815
219 15 235717 19087 7172 1030 19190 6953 12671 24657 26733 11277 2563 19040 16513 8235 25332 19257 30117 7386 36751 28868 1495 26922 8439 20403 31861 35912 12480 29817 32700 35803 7570
220 15 199463 21869 11282 37192 31570 27084 36916 24991 20830 38462 37151 900 11066 14051 19359 25004 20258 9214 12481 10568 10901 227 32038 243 1029 16705 32959 3640 753 19179 24913
221 15 214297 17153 14753 17288 14486 2926 17249 22361 29579 9984 24875 8721 36093 12461 3943 8975 16243 25112 10838 26666 15392 34037 22631 9122 27311 18043 37709 29545 28679 25478 36449
222 15 252986 16246 5802 2082 19815 33423 13720 10288 37329 36585 11509 19261 35786 27964 617 22064 3065 7805 12697 25807 3829 27904 15895 25823 17609 24153 18147 5112 25292 31716 7023
223 15 192069 2220 27990 31095 27906 16674 25734 2264 1697 1894 22348 34372 4556 1319 18218 25387 8464 20296 14481 10781 28582 28692 18061 8787 11980 25451 32594 4033 21771 26822 37955
224 15 274412 29413 22572 29817 31107 29414 37820 35147 33598 33761 18394 13710 27131 34788 8374 3414 16853 36722 28520 13345 11139 32653 11125 23390 2061 13003 7414 937 37360 13501 9155
225 15 251298 21551 3462 26848 27422 1145 31788 11764 1575 26122 15805 30995 24838 6457 4747 24162 7418 7099 35767 30241 32947 32773 8358 28025 28060 15736 15693 15134 16418 36071 29798
226 15 208279 12698 13089 25601 5522 12866 8504 26243 6165 26754 2682 4201 31452 8680 33580 6208 27699 37671 16794 11534 26688 18386 33651 35017 29927 12758 5322 4383 19768 17349 35636
227 15 212380 13252 15404 25567 24986 34666 32546 16911 31702 9069 2593 38014 6899 8833 8667 3804 4787 15335 144 31680 32264 32518 29152 4415 16866 10443 13197 9264 38143 11704 5083
228 15 225500 10648 12721 27053 28765 5102 19662 8349 12321 23745 34812 16047 37720 26207 24236 8682 31471 30087 14761 22734 19552 22631 19796 17235 34820 36715 27199 1435 32565 25205 11892
229 15 211753 36276 32692 12398 23679 29285 6646 9274 3469 663 28563 4762 14151 2873 14631 27288 13655 20981 15543 34750 2543 16773 25105 28063 18791 467 26 15334 38160 25505 35610
230 15 309857 22929 34599 24271 8795 28681 13786 21175 6026 34947 25663 13176 19563 31942 5572 28890 25779 21113 23705 20861 282 35521 26179 25465 14506 34369 3618 18674 26656 25308 13769
231 15 284098 37139 6946 30193 37139 28558 34668 21090 7248 38419 32015 23067 5051 5222 9949 12562 13870 30254 1475 11397 29000 20950 27840 29438 16781 37622 23168 1346 23929 27866 26583
232 15 221437 29858 20868 30927 38210 3250 10479 12727 29395 18512 26824 10047 4115 23552 10258 8420 12462 15751 30423 33696 34205 22388 29486 19185 24223 2400 18906 9313 6196 36771 22731
233 15 292113 14720 19388 14736 25260 31435 4028 34760 31236 24719 25436 24555 16934 20366 12686 14476 19117 37821 30310 29396 26228 37031 4166 37378 29425 6097 1127 33843 29747 3809 905
234 15 206481 8539 7545 5679 21590 28920 25119 31365 11168 14862 11344 1159 37374 35222 33520 1124 2623 12856 29209 31348 20433 23445 11001 33634 37316 8485 26591 20572 37863 892 28396
235 15 293013 32794 33591 25312 19015 13143 25475 27496 34743 11785 7205 1468 31652 32202 18231 25316 25354 33899 29942 16458 12025 22828 9627 35800 27263 31980 19806 24496 32183 31290 14492
236 15 210628 279 15445 25338 35878 31149 19162 4601 4788 32207 19346 11660 29669 3613 28940 30641 32253 29892 37877 13234 32111 35365 21336 17157 33484 8478 25889 3307 9270 16364 13792
237 15 215904 16069 8404 16621 25899 36598 7472 37226 8634 6178 4617 34419 17003 12530 36054 3952 37609 14239 1362 16545 13422 4179 10193 35928 31519 11075 25754 11747 23450 12574 7806
238 15 255603 2661 35886 32062 7937 15578 29525 17538 38022 30327 20846 8337 33760 22760 1962 30544 13541 13159 11250 17876 33538 26649 34352 17654 6926 33493 15956 12948 21815 37918 37214
239 15 203919 30236 13869 19396 33467 135 24721 16945 38604 13718 10028 14409 26661 7773 35200 13969 23758 26208 18603 36864 29531 24772 25679 2084 29701 7099 25927 29695 6392 11596 1933
240 15 247291 36656 21981 24951 13259 19571 2997 14788 15906 22526 28635 4216 32469 11421 12615 25459 28071 17920 8609 10105 9245 29889 32939 25167 28019 24863 20537 27369 34523 14213 11990
241 15 200128 10446 27469 3589 13717 26658 29566 17736 15441 15061 7349 17163 31200 30386 12025 1138 12752 16721 1495 6269 25048 31468 18255 8074 22715 35694 36019 9922 23604 19835 23197
242 15 196671 36688 21447 14396 10409 1495 30644 12961 6744 26367 8170 16609 24789 24644 30434 1159 9384 28464 13926 25101 2744 13298 9668 28104 13343 545 34272 5696 25835 10312 30160
243 15 232180 5697 30992 27027 6379 12638 9476 7945 19704 29466 4994 4411 36962 28334 36067 20792 201 31307 37441 2167 10533 17897 11420 36709 2599 35031 11809 8812 4267 21993 32681
244 15 184948 4623 23743 5223 8761 20275 31433 29124 27965 9015 226 8084 30810 10903 25246 11987 16097 34709 25320 25231 25890 4950 19832 12242 33120 37770 10330 16494 22294 555 33482
245 15 185536 12047 13207 6853 9648 24000 472 1073 20665 409 5994 18405 22850 32947 18959 4770 19521 17647 2201 13061 20919 26475 36541 13974 8140 20602 17021 6490 19308 33168 12768
246 15 234626 19963 8708 11400 1059 812 5843 35843 21773 9628 27915 11651 18558 28541 17208 31007 35567 23476 27400 34827 24556 17589 29630 28796 30810 14078 24131 9135 28441 16537 35186
247 15 191440 19585 18414 9953 15911 3585 32693 11936 2290 4137 16077 13599 35610 15409 18700 1628 32660 24072 5518 26615 10427 19061 25085 5814 6525 21550 1126 32453 28817 29903 12921
248 15 266544 6211 13105 21094 5803 29550 17842 34636 27273 5962 4796 34353 1888 30571 16193 3147 25013 15756 20862 33071 6223 6431 27161 36259 36425 31083 17031 14240 32004 30816 5417
249 15 206262 20778 5846 9527 21790 4473 22161 24083 31136 34806 17859 28475 6264 238 37365 8011 18678 3963 17547 1766 25831 5786 17545 25595 29454 31527 3640 27114 7638 31686 4883
250 15 187579 19538 37258 911 4480 3686 2744 3539 25893 7085 37068 29145 12616 6849 8875 17705 594 34636 5806 30971 22056 13565 12522 30535 34089 10136 37069 21645 10029 4528 20270
251 15 276816 34327 15363 27018 31886 1540 6415 28272 35587 6145 13399 37648 4984 18212 25564 14837 31490 34820 18906 18437 13948 29783 34523 3454 3757 25407 37653 33805 28236 32316 148
252 15 279260 31752 29763 18899 8732 32571 211 22301 20968 24772 18642 29922 13730 34844 30742 24616 22132 27425 9172 15416 22550 388 35973 16994 29494 29626 35819 7030 34912 32520 8206
253 15 229368 910 9953 24110 21693 12870 598 19815 38592 23648 14699 17073 25430 18840 20281 38247 12036 35073 3246 9491 36308 6928 32005 9356 6334 20608 38350 17885 4384 31857 29204
254 15 227877 5962 4217 1747 13998 8085 10115 12843 30714 31005 24717 3539 30594 32533 26726 13519 25313 23140 5986 24304 32886 37203 5508 9257 8027 13098 14192 37974 2568 30638 1705
255 15 253861 7954 3197 36626 20048 26144 12651 27406 1006 37757 11726 35340 1106 10990 34923 36048 26468 9841 35859 28845 16449 1652 19433 16212 36050 6706 31383 26279 17593 9527 12779
256 15 205510 1725 16430 19618 9670 20537 3924 94 20215 38377 7808 4971 23682 1213 11515 15825 30325 24121 9912 24515 29510 37239 16482 11749 36486 18498 6794 16440 9138 21966 1393
257 15 204836 12574 33610 13916 31917 19079 24028 94 32380 10117 31767 1856 4861 22955 17782 12802 17648 24067 22051 37746 5571 31562 1043 10799 24968 16218 19481 26757 22363 15503 31478
258 15 224592 14729 7097 27700 8775 38234 10500 30032 38667 1650 16270 28638 35761 6829 11187 37602 25630 20891 16622 30955 29922 20612 35290 9039 16260 1050 18143 7172 18453 5607 24993
259 15 231160 5126 22043 5614 34724 34255 22554 5172 24976 35042 18598 25358 37287 26669 36536 13033 4527 24157 24560 21632 29124 7939 10440 27816 34086 22924 2264 2497 870 31717 8419
260 15 205904 11977 30938 19954 14726 3447 27657 9784 8091 22373 37367 23700 27663 30203 6503 31060 15549 17523 11836 32702 7608 12076 8901 6238 35418 6502 22869 8538 2460 21303 9567
261 15 191958 38678 7747 37620 15879 14272 8672 15001 10856 8623 5041 384 19330 16525 18410 24996 17695 6885 16001 28358 7360 7270 13542 10171 18659 3814 7323 17374 30646 9977 26143
262 15 246592 23118 24404 19510 37318 4038 5460 33571 4900 25231 3392 31098 10627 38584 31324 36954 12040 24399 5409 4243 27724 21950 21065 9408 17768 7307 31931 20484 31806 8345 16333
263 15 216797 37759 9583 16569 33927 22859 6673 32039 25735 6032 15644 8753 28387 4655 18420 19158 19360 583 9723 28687 30519 12605 34909 17520 7147 21435 17756 33661 36454 8682 32837
264 15 219816 35778 29215 15104 20047 5059 16415 35643 35556 16177 37113 10922 2417 26066 30357 6762 35367 21354 13069 31664 22782 6238 13997 15917 35625 3838 29621 23649 7212 20600 895
265 15 256803 15563 7647 6145 15871 24399 37275 16201 17325 28352 37405 30924 20823 17537 31004 36828 36834 36140 12869 22068 31370 30283 29528 7993 273 11097 38330 35676 28350 1798 29558
266 15 210953 16826 32116 8137 29560 1179 16780 32556 1288 549 3023 12765 5502 38012 28400 24502 14785 24154 30763 17859 29209 7550 26337 10166 6663 22871 16262 19808 6766 26758 14116
267 15 232752 5549 23260 13814 989 4347 16702 37306 26511 14895 29291 33 37959 28284 6423 38651 11759 8249 10502 23983 7538 34268 5047 29376 11974 23498 12908 25134 29597 3553 11667
268 15 243500 3078 29645 15791 2798 32783 34122 18232 31374 4256 27427 24006 26574 119 20586 36754 19638 33265 16608 32864 23137 32235 2663 6723 14734 30050 10556 14766 23816 19453 15921
269 15 252960 36118 9173 8529 23651 32786 162 30956 30594 10887 27152 27603 6396 5679 23029 23293 13378 30804 1592 19564 15424 15020 33794 4239 21476 29139 23744 29487 27008 12096 13790
270 15 225021 20639 11603 17804 16917 2758 3095 22657 1498 35351 6405 20041 17512 33098 15321 2243 22442 8021 21837 10826 32293 18026 33191 34707 495 22629 31519 11810 25796 20667 4189
271 15 237489 32557 32536 25526 19191 2473 24055 22633 30195 13798 21030 8518 2571 22001 28266 5622 12692 24124 17897 17563 30002 13686 29534 18762 11857 38059 8936 24912 36923 26628 22803
272 15 213444 14826 5336 28119 26589 12616 10808 15583 12054 33536 19316 13409 23430 30585 11483 21052 5426 22091 1048 2628 27485 25475 38199 14202 8035 8607 24035 13840 32422 10237 33383
273 15 215612 18684 4681 2257 15035 33355 17316 14304 3375 26095 5020 52 19239 27177 37239 26416 24732 15332 2577 23613 222 21020 32812 13579 2120 624 3247 26549 7762 20458 20406
274 15 289122 10041 26998 37575 1561 18610 21891 15029 9185 37537 19173 36088 18854 1648 9933 34010 27602 21466 6299 6111 19552 28961 2810 34615 30370 17685 9377 34050 18674 27977 31107
275 15 204582 10295 8545 25314 13062 595 1592 22409 14299 6132 15153 6163 35473 25596 4437 18000 18506 165 36106 33619 4865 22125 9229 30019 9525 15768 15788 20618 9727 18910 17219
276 15 255231 22390 37979 18544 22676 30843 12734 34861 30512 30089 8696 2198 36586 22939 731 10850 20504 38315 21910 27121 11618 1257 37304 25974 10975 29525 19629 18465 1733 5668 8957
277 15 206475 10060 35273 12577 36811 14739 50 37651 3743 12176 21367 19888 19402 20819 38335 1679 3145 625 11245 27690 3340 27120 35350 12097 23158 27258 37937 14911 36224 18804 9515
278 15 253360 10017 28388 30607 12659 25809 22681 15295 23156 27047 34647 18052 7163 35185 12044 13863 8187 4642 38597 27360 34343 28443 100 2919 32345 38671 28364 33471 20795 5320 12971
279 15 244155 12196 32479 25879 25389 17703 5719 16235 10984 15590 37213 7259 23840 19894 1530 21546 13729 30629 1163 15751 17320 11556 6486 33663 27331 26746 38011 32097 8680 18450 19557
280 15 259442 28025 25803 12051 20639 35578 7574 11673 21867 20334 11744 29940 27317 11434 3430 12999 25752 24505 18511 31105 19712 18762 9312 23300 788 11430 31678 32285 2558 20882 12692
281 15 177140 4355 31420 15918 9243 15886 36893 25856 30816 13314 3401 10933 22302 25084 26061 37664 27325 9478 3613 23437 5338 10899 14227 17779 30806 3030 28330 7056 21280 737 1227
282 15 252269 25693 19835 19364 31607 4300 35171 21183 2949 4819 21169 7219 6464 37824 5521 24679 36886 37260 88 18744 2176 29389 27006 36693 2037 15436 15186 1896 27264 30838 19744
283 15 231576 355 19072 38408 24970 17091 16253 13606 21063 1734 13897 24777 9567 23095 27337 10274 16841 37691 15560 18480 32727 25235 17853 36561 1486 23206 16532 16066 34290 2892 29984
284 15 260447 32325 22203 10474 30169 35963 5847 6463 2478 21238 2480 21355 9507 21426 13127 33640 144 21511 18757 11969 23418 16209 35776 13522 8164 35574 38449 28151 18680 15739 21670
285 15 237288 29587 31629 24696 7714 18006 8597 7519 27263 25723 34389 5675 13027 28695 6831 20131 18463 34995 16604 18475 28974 22200 4374 18498 11878 26302 26753 7392 8344 8717 34174
286 15 233846 26151 7140 34887 34648 14412 33753 24516 10093 29010 9651 22299 31367 33821 30599 27079 4837 1165 13142 2430 23939 25840 16660 1025 38121 36703 1609 11956 1571 1014 32444
287 15 271357 32227 21379 27787 30936 17014 16919 14957 28655 36660 19278 17629 11654 28036 14884 24679 8692 14153 8392 25913 21399 23379 4920 13175 25402 20429 25154 36953 25699 6206 38042
288 15 296370 37393 16079 27336 37197 36667 21742 14097 32399 30612 11098 28841 16030 20613 2058 21144 25912 4434 26908 11846 10927 20102 26477 23108 37003 33365 6536 32951 20041 27954 7728
289 15 210418 29370 37857 14861 32856 25516 20734 6627 12696 32309 8921 13495 9806 21051 36454 5003 15029 11688 1224 9467 2443 3593 26332 33426 17495 20504 13445 33537 18891 2576 23713
290 15 215686 6399 24383 10078 12632 3138 26373 36223 29259 17132 22561 31304 17951 24624 20669 31733 6697 20333 13375 36788 12919 8776 30584 2557 15865 10655 17808 2701 9239 27167 20443
291 15 260739 14600 11116 9294 36937 18779 23303 10830 37968 29443 11653 29517 11018 34852 31620 33490 32751 12464 35188 31662 2470 36613 5763 16658 32400 8907 1329 7934 20549 30881 31857
292 15 252983 26244 19279 29229 23243 8400 10752 9125 19461 16575 3206 7325 30746 38140 29069 7103 10877 19710 4573 8359 32744 38243 12572 15491 10431 37123 30748 28514 10144 26648 35946
293 15 279340 33827 33700 30309 20611 19343 10606 21866 29976 13756 31912 1495 10891 32083 33586 10267 2248 31962 33130 15426 23857 24670 10071 26743 8312 15095 23131 35688 15565 36646 6480
294 15 195202 10158 31622 2655 17142 26734 19693 28004 20402 30172 27617 2186 14630 25324 12324 627 30533 11713 20944 4251 312 16732 33515 8853 27610 27717 16698 17071 31296 31806 34285
295 15 227932 1009 12013 29944 20128 817 35957 24547 28133 588 13814 7793 15942 32624 11878 10882 1987 29296 17814 36198 29048 23649 5956 16782 14172 30106 6233 15475 14221 25205 28460
296 15 295490 8750 37970 16081 31572 16419 27553 31916 5765 27247 38298 27733 5898 30236 4561 33986 28183 13086 11187 16099 19626 38313 24176 35352 17184 33371 18586 22795 36564 17979 3887
297 15 300224 17432 26760 35389 16561 31176 18873 4768 33334 26706 18559 37643 32030 22758 3531 2372 18637 16750 25389 30338 23448 19831 36534 30545 20062 37592 37622 28674 38146 33306 16979
298 15 255404 3538 31796 37704 18308 13721 31178 16376 9889 2907 19766 28881 27545 38001 13825 33454 25569 20220 8967 2613 19681 33188 9018 3172 6180 34704 6600 17210 12846 33567 2740
299 15 186526 4873 32941 33501 21169 9255 27697 20372 25279 10247 32675 28103 3406 25181 18127 982 2139 1680 12154 16676 21455 11561 38505 28085 21018 15492 38201 21994 23850 5156 19505
300 15 235533 3242 20643 8820 30915 20868 7289 30484 36746 26724 30430 3535 32607 30414 103 33168 1563 6977 27537 16245 12681 12363 18544 21582 13811 33905 895 18203 29829 27887 22071
301 15 262787 21951 22654 12147 11601 27222 5463 17820 26079 32146 28920 32718 34587 23225 20779 9187 28022 15039 34103 17385 27504 24524 26499 16565 9712 22617 25542 31259 34087 24679 8708
302 15 253910 37008 24190 37861 14013 25614 3413 20313 13398 9129 3505 949 27277 14444 4651 12128 1120 14053 187 27887 10462 17275 13776 3231 27391 23961 15751 37167 20676 36368 33482
303 15 224466 4988 28482 20132 12066 18153 16869 3131 31982 10929 37126 20614 32729 38508 26860 16223 24077 26504 1713 19439 13657 5615 38648 18668 1681 38141 232 30991 27006 8547 37568
304 15 187300 835 26659 34267 26323 6993 17539 2999 38280 27674 13359 1549 33051 5939 37224 25101 26315 13502 37561 25576 38521 36251 19760 2062 8964 8973 37814 27040 16732 15364 34608
305 15 238072 13734 36971 8532 5248 14781 8052 25263 37501 32388 16879 13655 12861 31439 8972 37776 3692 26538 1253 27154 19818 12803 10650 12188 26450 8635 24482 14637 24877 18068 29697
306 15 200400 1320 8140 10311 25894 21242 19236 2430 32997 16583 20975 21145 25869 12749 24578 34762 33774 30616 35230 14099 8056 2911 32406 9679 34848 24443 35914 23861 35126 24349 2233
307 15 282030 27072 5041 36833 36637 33000 29916 19811 35872 32946 27349 26648 14270 31307 9237 9312 35037 25061 6888 31283 4422 14422 5962 6009 17056 11449 4956 27758 16007 19627 27560
308 15 189654 25184 27268 32031 17232 14052 883 31025 12690 5637 6307 3745 16172 30717 23174 18946 37744 20480 6448 974 14366 19570 1922 16117 34508 6598 27364 7155 33959 4837 34560
309 15 239081 6283 16771 6015 34485 33191 27106 24538 2900 31692 23308 29901 11466 2984 20023 18087 1065 21249 14028 20652 14523 27071 7806 25000 35788 22509 16071 15709 13247 13971 26913
310 15 202121 922 13223 38227 21685 278 31563 35625 20544 9674 17368 4987 26986 24187 7851 24543 21623 8215 38469 4233 6380 31094 31349 20282 342 27282 26315 22637 28459 466 4447
311 15 250576 20200 2152 6011 12469 37650 25259 19618 23071 29373 24666 33805 13860 25982 9670 6798 38322 33556 19468 10725 10203 31348 17184 10703 37066 1247 33193 22518 19261 23687 18373
312 15 193125 1638 25394 4182 14658 28791 18651 29994 17839 3860 5799 3258 1778 19935 6360 29693 34816 34068 31885 21212 32287 14778 12663 17901 33276 5843 8981 10820 32724 15434 19182
313 15 239670 36920 4564 1415 22745 9881 8701 30871 30787 22488 36960 25773 957 27403 12357 7040 26195 812 35744 19185 9070 19943 13688 24603 24853 19247 500 33205 23237 20802 18597
314 15 217020 3670 22613 33467 16531 16797 9194 21021 705 16717 4651 8094 31946 11126 6248 10016 8522 19775 13508 9131 11691 22847 2588 27675 2784 17873 16810 18813 19064 34253 7628
315 15 190192 28373 15111 6820 10522 25922 36199 27668 19117 20649 38406 10327 19717 26913 20955 29317 9878 22917 4722 2212 24255 12404 608 901 7365 10130 28039 5019 36842 8168 2254
316 15 228241 29864 35476 12973 2321 33141 27008 31739 17148 19635 11061 19087 1078 25640 19598 10579 32069 19938 30893 29898 8731 10695 25176 10489 2766 19810 24241 2915 1186 8899 9641
317 15 220383 22010 10812 5705 18494 25137 1903 8370 779 15722 7596 1672 3346 30196 18067 28617 37326 38229 20014 6128 16004 23169 17142 18405 4661 7461 30397 24170 20754 20488 38357
318 15 236069 34938 2558 8250 7750 943 38189 22385 21698 21945 17703 23582 7542 12320 20936 2100 30513 328 18299 37920 6186 33731 3739 24105 8064 26851 36588 25993 24903 19696 10504
319 15 192730 1438 11369 232 10330 21176 31998 5176 29197 11755 28934 32048 8178 2332 9859 36766 6062 20213 27120 18021 20230 17014 30997 16536 2616 29639 16475 23466 23240 5101 24569
320 15 253917 17151 31844 32459 32926 28027 16144 5034 145 37588 16991 9602 18795 16287 5521 8269 5224 35055 23855 22842 30792 24304 1950 5861 36191 16425 9902 36691 4601 21802 27894
321 15 211365 23368 4078 15176 37394 22792 13785 16026 426 35631 2211 33818 15667 14989 10773 28653 22916 17779 36492 8353 4946 12173 1946 735 25381 26461 35971 7103 5542 1150 24293
322 15 223541 34541 27480 11628 10111 22287 25681 20799 550 28671 23505 14117 32013 21298 12035 2198 23103 21628 7540 24397 29888 5748 5120 19695 23056 1001 14219 25913 16049 25506 29595
323 15 199331 35795 22130 37363 9340 9864 13985 18615 166 5653 25892 13656 10526 32566 25900 5778 25004 329 8659 2557 27031 21334 19598 2900 30115 21708 20724 33696 7162 7350 36450
324 15 266687 17003 6285 37767 37932 35645 17604 1319 4885 20810 613 19667 16048 28572 12229 17237 38582 14178 13043 29670 28024 14495 31194 25842 31891 9579 33005 28806 8714 32769 1689
325 15 239360 23657 19175 21825 8102 36655 27265 4502 17858 25738 28486 27254 32343 28538 18695 32504 10058 14805 28200 25712 31068 5712 14690 20924 31708 14337 543 8488 8617 8549 27519
326 15 257421 34397 30927 13039 22462 16340 33354 12658 34583 30752 9995 2954 15492 10 28701 26820 10916 27086 16820 36350 20769 7427 11328 10172 35099 33269 20999 35235 38668 35268 20453
327 15 211273 14326 32441 13059 12108 15722 8475 10340 10705 260 20371 350 11725 21515 17455 9604 24868 36011 16760 20477 7616 9056 16481 10883 32246 38654 17629 26554 11483 37281 4296
328 15 207856 17101 15456 17237 17962 35262 19483 24710 20453 10478 30018 1322 25678 21202 18081 14422 1034 15288 9950 4543 18137 21539 2563 16719 12637 5979 1655 19945 26771 34073 19252
329 15 238545 23472 20446 3192 21109 11393 21334 16330 9556 19261 12898 35896 7495 36123 14825 19054 2245 15329 18624 25804 36522 29447 19308 1827 34706 8465 5645 23717 5365 28872 14554
330 15 244552 3263 11318 30895 8670 36069 1787 20943 17498 12095 36125 22996 13019 11945 10749 5963 7008 38204 25115 5953 15610 37209 5640 32101 1727 23648 8345 172 19469 24234 10766
331 15 263493 8710 4072 12138 36379 23131 22541 13582 33309 31472 33274 21981 12818 33441 17629 35617 25981 24857 38251 20230 28622 17682 21991 25246 18463 22436 14189 21727 944 17117 14717
332 15 232181 1652 28380 1451 21165 34969 11947 25073 11118 28 12269 27036 27116 19784 26274 30986 17327 26707 11908 18016 10720 13848 21471 14512 30533 17795 6969 31245 16896 27125 33220
333 15 278077 28119 26235 32444 14806 9121 14093 3363 10607 30966 3680 38625 24915 36501 12146 34823 37803 15928 21148 12563 9111 28536 33349 38689 13928 11213 11121 8934 9335 17772 28411
334 15 252368 1443 10651 14541 33763 20090 15565 30110 27471 7565 23182 18086 33395 34901 29290 22430 32430 33131 37819 33512 25810 11992 2015 26746 1344 465 32952 24167 22045 36281 7762
335 15 209368 37335 573 3056 38615 6873 32468 29233 20019 22903 12559 10995 3411 20745 9099 36248 11062 6188 32506 17613 29362 4200 11255 8607 8038 18816 29582 33378 31472 5521 31672
336 15 216040 28005 25114 31232 21465 6664 30094 34703 3886 33807 23119 8454 33003 9651 25417 11271 5243 12670 15761 29260 12502 9643 15958 7118 36815 29666 36756 4115 21055 13791 9300
337 15 198262 1782 17092 17027 29931 27453 15745 3256 35030 26453 35202 15086 19650 19258 11332 17185 12752 18578 37022 26843 19621 29517 23520 17879 29829 1962 33372 21786 5372 3763 19982
338 15 201216 835 35534 67 8993 17831 31812 28246 6638 14969 23596 27579 6079 28092 33505 16426 14393 23759 15126 14043 26185 1898 34428 22773 8285 9464 28344 8398 6927 37141 20422
339 15 228449 7851 9964 259 9579 5941 17534 25469 26596 7369 33427 27639 31712 16445 19798 7788 11156 31333 7233 27674 17713 13274 29780 24362 8876 27313 18057 30900 32178 31945 29392
340 15 256506 22903 15296 18736 35670 2786 17435 34200 14267 1383 27593 12566 6985 14031 1767 35995 31758 30882 14200 26033 30925 35530 13789 31543 8993 4725 35593 19204 3010 30116 21199
341 15 225352 2497 6201 10981 33851 16293 22328 21192 15997 10860 35095 8585 7880 10772 130 11075 18595 32570 15847 38554 20362 18993 13614 22506 31671 11593 13022 35682 20424 29538 3955
342 15 298733 18111 16403 35480 3247 13574 26399 28634 2699 24558 13453 27872 2477 14715 7070 16938 31380 37806 2593 37236 2627 28004 23071 9392 32795 15052 11495 37626 817 28419 37133
343 15 199756 17419 15914 14761 37371 12661 20918 4119 37729 37531 16713 11553 8657 5102 34505 3805 14367 15943 33888 35504 27197 19214 26965 26352 10087 27067 29947 13186 25795 5479 32860
344 15 255243 28808 6993 36810 9971 6011 12769 16716 23463 16900 35750 24489 3947 31103 21900 29258 9943 22886 9940 13699 35669 12396 13720 15759 23627 18629 18057 27306 20172 18284 17566
345 15 225256 19512 24975 21717 19840 11231 34225 22237 25994 22981 9899 22883 8106 2423 10400 30496 18468 9179 240 25390 12861 16597 27699 12443 34652 34778 35375 25803 25227 3900 17283
346 15 271736 35566 31339 15543 36937 17425 25744 38536 32499 19743 8393 23976 37643 21327 22557 11352 13037 21400 18633 25912 33364 20588 28982 34121 11726 18613 4496 16595 13118 18973 11460
347 15 235068 25247 25894 17961 20092 8005 9910 11736 33565 25490 22888 20951 9961 4842 36408 15813 12060 29806 17688 4995 22550 32849 606 33243 31486 24155 11592 12084 28313 26659 33485
348 15 243188 27569 15084 25754 19076 6122 37607 38480 33699 32582 28283 10279 38167 16167 4019 21757 6465 622 35875 3997 26436 24976 17920 24669 33661 12148 28285 36431 13065 22432 899
349 15 182476 11093 38616 11168 26522 36272 16494 32042 27592 15530 32881 20220 3712 531 16797 14379 31555 1051 35946 5959 35274 13162 5729 25421 18288 11005 12869 26537 5593 3726 28115
350 15 146966 14762 30945 25057 21960 14335 22094 8805 11588 4356 31193 17899 32264 3876 10895 185 5569 13965 5461 551 29212 32908 37659 14967 6138 5402 17056 25522 21333 1118 7433
351 15 182682 7981 22104 28096 36080 21457 26406 5436 33827 31528 20421 18524 29419 995 5276 19393 32873 1168 10729 27056 24371 14304 16468 24670 34520 4741 37199 17825 23320 5179 15244
352 15 200151 13471 20628 38102 27902 9694 12930 270 28045 30309 532 12091 10687 38314 5396 11888 3056 31275 23142 1639 11775 3277 3643 31321 26309 16338 25091 5638 18545 6562 27519
353 15 244832 8108 29622 36217 14564 3803 32254 16593 905 21044 25194 5147 35998 19500 22775 19572 12709 19935 27223 37028 19454 13373 11662 4993 16685 37663 34849 31700 1148 31365 14482
354 15 193335 32251 15750 9044 2692 353 26164 9576 31910 5559 11389 22179 36072 38239 2695 27025 18991 11885 12867 20909 10424 2776 25047 10875 27665 9777 33952 18949 32783 22272 22964
355 15 281009 28947 4877 33199 6266 28906 10138 4063 10904 8636 15542 31647 2207 2469 25465 32817 11346 7743 24907 24411 281 33921 8935 26106 15730 24793 2867 25807 4787 37797 14339
356 15 208159 13261 22504 23770 18494 5527 34757 12197 20088 34349 34170 13518 4665 25935 19189 17718 27214 21894 1814 28756 1511 15692 27478 18833 34268 1451 16445 17097 25448 10201 5503
357 15 230043 20208 4080 21581 25649 15615 17887 35329 9212 17369 10507 680 22065 910 10304 12678 29501 28730 2769 25089 38488 21933 13924 11238 7130 35824 13762 3119 34926 37251 5007
358 15 246071 33408 38454 25809 17224 23964 12641 19623 12786 6628 2900 21529 26810 7679 2797 26901 37133 37562 18600 21835 2482 6974 8109 34153 34383 649 9177 28714 16662 12161 5590
359 15 206142 30554 30063 36938 30279 20590 33017 2343 29812 34863 5150 602 1428 33337 1568 5055 27327 15239 8645 3708 33396 26105 4647 17898 5813 16557 12712 5760 16372 8129 23378
360 15 222421 30817 27185 16908 5831 30813 10201 12227 25996 19665 28999 5104 30657 10887 36876 23959 27579 11908 38479 7296 8865 26299 35230 10790 27151 10421 33936 34438 27650 26495 27570
361 15 220593 833 21650 1114 11163 7649 30153 19263 33249 35140 3633 11696 27901 5484 2169 20396 924 36775 20942 11487 22917 34795 11487 32027 13342 29925 7004 3828 32159 25330 19413
362 15 271944 36145 19125 9546 7597 31081 32206 35623 11376 28548 20654 28727 25625 23655 16079 11687 20158 4763 10370 31116 8320 1110 35785 32902 20090 23256 36796 19453 12536 22318 37504
363 15 296763 21657 8724 23896 36132 34377 18517 31097 34527 31746 8481 17356 11697 18053 25432 29685 8721 17787 17994 25298 32731 28618 16384 14633 13299 23807 25797 33174 32562 19770 16637
364 15 260785 36822 19504 15220 21474 14271 29388 7641 17987 16425 18089 26395 25503 28634 12019 12985 27391 27846 339 8649 8667 34820 35545 30595 5891 5000 26980 27102 2118 33577 828
365 15 216881 10798 2534 11780 29385 12157 4320 3829 2320 25135 37530 20990 26167 34846 38540 16007 7095 651 17706 722 18750 20560 30465 22095 37319 33466 37294 36967 43 21099 29220
366 15 263808 31907 7396 20889 5555 22339 6495 24119 31813 12992 13755 20675 36210 12433 33847 21146 7663 32454 1188 37347 5869 13185 37916 28256 38038 19595 40 20649 1145 11775 10709
367 15 163023 18917 16349 51 10572 20000 10918 2328 32365 13704 8510 19927 13358 36783 6302 6742 17928 11617 3365 728 34826 2935 20515 8100 23216 18297 5847 37988 25209 5662 27634
368 15 235727 6600 13722 21924 28140 38263 32909 17463 25124 438 14168 35756 20041 9565 25800 27959 17782 14125 1531 1019 3604 35346 21441 10535 36943 25580 21825 21154 9240 28932 32259
369 15 222381 29312 38419 4116 11268 9332 819 29731 6752 5178 25941 10359 18559 23631 15524 30319 25418 15018 27128 35934 2918 14896 28189 32460 15365 21389 11627 8473 36348 7829 14645
370 15 261579 11770 28993 13580 2949 30703 6700 19155 2696 5109 27947 20762 36218 28287 22194 23131 20529 19205 10713 32557 37095 28768 18026 23021 3299 27758 31586 23201 6199 19967 11718
371 15 315781 17818 13493 29915 35175 36799 10929 5013 29565 30534 11692 28595 17430 23499 13048 15930 13360 37862 24216 34808 10431 20304 32919 32216 20918 37819 4397 11523 6941 32092 5203
372 15 293580 36104 21241 28955 15747 14285 2829 8958 24858 16165 6964 29183 36143 33523 36193 22358 4793 25212 4786 18125 31895 13129 14202 27639 5036 29961 14995 25282 24115 38097 16594
373 15 195816 21829 1801 1074 30467 37617 6631 14309 28450 3762 10118 24727 35150 2036 16739 3215 20293 14478 37194 10993 34652 16706 10318 2404 10027 38578 13883 32758 21201 20284 11625
374 15 222231 36408 35239 17794 12976 19503 23321 8313 6224 29332 28013 20177 35721 12336 15174 4577 18769 15054 36157 3513 23861 25594 6145 28160 21972 18226 23001 16122 10107 22680 24350
375 15 238896 31584 18362 8230 31188 6320 22687 18142 35182 24669 27199 2975 21722 35829 13327 33733 15904 32731 224 18417 32181 14480 17653 19104 12637 1551 33867 22576 10818 28280 9889
376 15 287599 27244 24835 37679 10352 23580 10677 12319 23253 37751 13385 29328 24377 20920 36518 19792 5338 29431 26584 20763 3178 12219 19225 31394 31298 3022 25269 36658 13626 17399 25594
377 15 289335 36464 31875 26754 14343 33942 17860 7514 10078 28126 37989 32944 18174 33662 17912 7869 20917 10934 10655 3419 9660 38391 34625 26569 26452 19111 6606 28877 1729 27093 38373
378 15 221584 27938 30774 24588 22283 112 33887 36170 6700 19939 13037 18342 14898 23660 29993 3222 8040 31101 25831 26237 38046 9802 6967 3613 30694 3333 9643 13313 26470 35611 7451
379 15 302847 20266 1518 9341 22251 1400 14890 19353 13110 27194 30270 29607 36960 36933 27435 30725 3454 33540 38397 36768 11240 29053 29728 33812 3117 10775 10415 29797 6664 29995 23635
380 15 204965 20070 20353 7377 27154 5303 4775 31650 37292 13852 27158 21925 8225 8904 6412 22630 10589 12798 4670 25082 33236 33513 24579 9626 25735 18205 365 7742 28115 17530 4636
381 15 181566 14383 32008 7966 36748 12988 22860 10317 9353 26620 3383 10223 11704 14032 24660 17397 26616 27814 12990 24385 15591 3190 6315 23478 27599 21257 24812 12900 677 8 29772
382 15 229468 7997 26809 24725 38499 36665 20042 9202 3735 19991 1293 32815 18331 18499 38622 18789 7904 10813 29422 36848 16830 9778 31148 23225 8618 28183 11307 4057 14920 5248 11958
383 15 264650 5475 2484 12550 14203 30082 10330 10444 8089 37207 26898 13213 15257 36887 27337 11350 14858 12378 20606 37917 29018 34196 32130 21253 36485 20164 24585 36664 20053 11033 13703
384 15 228708 5521 3944 16217 38176 2555 6268 18613 33713 23884 24962 5410 20060 33978 21560 14407 23191 10428 21646 29536 24450 35441 34358 38173 23592 28134 9933 6030 10244 17558 18363
385 15 155128 4100 30755 13909 14140 35064 12189 16588 4225 3363 17452 7776 974 568 25315 6826 1772 16889 24002 838 8131 23854 13865 17299 6128 18455 33977 1746 18427 26636 8115
386 15 228844 37756 8524 25929 23412 30099 33335 13608 31655 17741 28958 9742 36993 17675 35712 15348 20237 28653 13245 5958 15810 4169 6054 18187 35882 32623 21669 5521 36932 23047 19834
387 15 252119 10544 36041 25158 9267 31365 37785 26878 15494 6253 15064 8854 22752 12977 33833 27914 4330 13649 21673 25178 19712 34121 22116 27750 28875 7372 26024 25433 29764 31703 23609
388 15 283152 33945 7038 11884 17503 25169 3730 37686 19138 37934 4552 16928 16334 12013 37948 22785 30195 37773 24140 17591 1785 29431 12767 8869 32852 22538 27924 7975 19481 31419 5087
389 15 197347 37617 8294 32108 21930 9170 29928 9199 2755 5467 25083 34125 36690 1102 24201 4634 4868 35409 21705 21359 25935 14730 23065 2916 8770 139 23725 29359 1608 9350 13867
390 15 197850 28946 5581 17390 7058 7873 23561 13207 7531 1276 7292 38335 33919 796 13796 31885 6641 7722 26182 10230 29842 2761 30329 28982 27556 19197 10809 20145 5622 18568 10732
391 15 265888 27649 24037 34088 3099 16323 27776 23409 11288 12974 28615 34668 16227 33653 36525 21462 17934 6071 21741 22276 25887 15082 37744 35820 14268 9398 2967 8159 28591 31328 2620
392 15 207852 10922 24897 28595 28171 32748 8393 15811 24440 6112 11181 37370 2410 14682 26468 28142 11522 30361 24846 14951 18044 2545 7876 12087 37259 10191 10055 8163 13654 7136 37705
393 15 237728 31278 23174 23473 16485 9891 23222 9125 14937 1538 6931 24175 7505 23753 3387 28512 5141 2015 13520 28623 32452 7185 1252 13268 13879 36987 26905 20385 37759 36953 31898
394 15 240215 24832 22077 13650 21710 17943 18868 24826 32690 25252 20685 30163 32740 7852 31095 20322 23338 7712 8855 4851 22854 26312 38589 3723 319 35373 10512 22211 15609 35247 35953
395 15 265328 12382 26551 15911 29414 35033 2854 20208 19637 34096 15380 7364 6859 24586 16395 13683 14364 14899 22018 32901 32185 9918 32627 37451 17871 16084 37159 31661 1064 25483 28209
396 15 280016 25873 7677 34550 20908 21808 29167 4134 27803 21479 9293 38630 6217 8060 30909 37548 17920 18561 8667 24165 35455 24232 5118 20389 29280 17508 8588 31313 6738 21770 20835
397 15 228146 24163 25503 35106 1396 26427 1866 36394 31699 35421 8844 24447 37745 11042 28851 7032 17941 9213 29856 2813 8494 13602 16141 26340 8446 22209 11179 8561 12496 2413 17467
398 15 234563 973 34172 36978 12679 24978 1173 30229 7543 25733 7648 11866 29446 18988 24809 25302 26365 23689 35510 25398 7577 25730 28442 7314 23987 27603 37623 6172 21224 2251 23680
399 15 150268 13862 4718 3877 37569 11408 17398 5566 30346 13337 8087 31789 33392 14328 22846 3957 15631 7909 15080 26401 2551 11952 33727 3421 18220 29871 10384 9159 19399 999 17242
400 15 239324 3622 17802 22177 26932 15653 32398 29452 21085 295 1885 28014 30816 34688 24643 25781 23637 11989 4029 14530 38609 22935 5643 27935 16194 9161 35134 24034 30803 28889 24682
401 15 283012 35119 33303 34287 20042 11870 26167 23269 30275 38348 25382 23145 29041 15354 5975 27721 30791 31807 15766 16716 3262 9561 33857 25035 32296 34831 12193 8358 31980 18344 6129
402 15 247063 11717 22479 16256 7724 12304 29271 28250 36350 35749 2012 31495 16594 18198 26313 14268 35403 28177 28788 24519 6269 10394 12762 28737 31449 13911 31076 4807 4769 30047 14561
403 15 235265 5983 22097 35843 32478 35700 10422 14950 11240 3173 27775 34246 24376 34266 28085 15834 718 9896 7421 22937 15085 22387 35817 14662 2702 9882 7944 29838 30023 4485 17550
404 15 208859 34670 32240 20246 3699 18336 13792 21248 15618 29460 13950 29449 18457 3772 7628 1006 33051 23443 14463 8280 21262 37118 18746 2513 22248 9953 14288 20078 31558 1502 5926
405 15 246865 31345 35121 17986 9624 5663 14913 38488 25884 35547 31312 17137 33186 8744 854 8474 23137 22172 16495 34694 18465 26922 36536 11200 7712 31132 122 18452 15436 626 37829
406 15 240257 36578 29808 14128 16924 21894 14304 35765 35225 27792 4938 11394 30 25694 25794 14631 32421 12299 10564 16452 35319 17954 33916 5310 31357 1190 2244 31445 3498 27796 13710
407 15 218116 25908 14958 38085 5081 30114 36999 9914 31943 31909 26797 13661 4256 12400 33634 8051 3945 27220 8302 4336 33300 16490 3361 8657 20392 4195 21866 17486 30633 24219 614
408 15 158000 12781 477 6695 21875 23746 5623 31187 12784 17141 35 13322 28508 3648 38099 1789 12474 30321 18417 4708 2129 28408 31667 9249 37286 6842 4508 3050 4807 4613 4816
409 15 244800 18721 2666 38691 1555 16341 3820 26181 4901 8413 5001 10920 12320 6343 8844 33898 14205 19513 4874 7929 20291 33632 1502 27291 36286 29088 2737 10288 18010 18752 2116
410 15 269943 13231 4654 25798 17055 3902 6611 9087 34545 31284 2469 28264 18371 34387 29257 26306 10825 25258 15437 9913 6449 23764 34734 23990 3724 34923 14513 23886 9238 23436 34583
411 15 192781 11188 26462 9655 23069 4726 29852 18689 3987 3313 6739 10536 19126 29833 2210 20330 15287 2456 11151 33477 30838 21107 21183 25714 38648 8556 7834 34632 5883 6765 3898
412 15 321764 35596 20054 19155 20690 28390 10787 35464 18062 36482 25392 8353 32988 38250 36055 32960 25470 1925 21358 16124 15208 31182 26139 23972 37406 24946 9929 31094 6147 38313 11725
413 15 154222 25176 22912 1494 17672 1423 15769 4843 3970 21335 24955 21558 10939 31409 449 14267 7929 30026 26451 1903 27523 5628 18740 39 20657 8042 29130 20520 3564 5115 25157
414 15 240624 17951 12012 3065 29618 19800 33747 25049 2105 17520 29341 18132 36388 11162 28437 30661 27748 5002 29404 24428 29016 20120 32147 14865 38143 18432 16349 37066 22343 37528 2553
415 15 255632 38438 12130 20926 14856 36953 14653 6230 15151 11524 16242 1273 5295 15808 6269 7831 13844 19599 7706 33884 8626 7722 25156 34406 936 27748 5435 24216 31226 32983 37078
416 15 251751 36160 14621 38402 6058 11047 5073 34186 24499 37570 6530 20367 27575 5863 18157 5081 7382 8660 36699 26310 25407 28666 6087 33583 34863 14953 9137 9924 5084 3917 9533
417 15 275348 22537 38391 20640 12307 6367 31117 8618 16994 24307 24352 27367 23549 31171 10338 8655 2131 24965 33290 14937 33380 32120 2794 33786 21968 37946 27773 27313 28053 23456 7334
418 15 222920 604 26004 32532 24732 14742 37918 2905 35484 4783 24932 29364 3937 36440 16070 7174 5309 26933 665 21182 17815 2454 9859 1259 24149 36896 14311 29687 10993 31696 7526
419 15 206822 3041 14589 28573 34188 34699 14084 32156 36371 26161 32704 21738 4113 14794 18340 13998 37919 3494 10396 174 18819 32465 37673 3705 8010 9071 37407 32101 5082 2358 13164
420 15 220027 3147 7494 27852 16588 2106 30593 20231 18949 32386 15272 15916 16424 22737 36155 28093 36342 29349 30540 20353 9601 12035 23516 2572 25282 22485 31392 7629 15964 28143 107
421 15 198356 37173 13700 16008 34151 8864 10648 8578 571 16875 24737 11984 15486 20985 32409 18533 37681 14475 28684 17849 28032 23741 29830 22698 17311 11551 21067 16995 10413 1637 14126
422 15 256636 28024 20559 20533 25210 19147 31669 32014 13776 32123 24441 6713 26023 21057 23884 19999 1488 30981 17547 15685 6426 6828 6386 35578 30617 8979 3837 33850 3867 9285 31379
423 15 261122 32831 29300 10993 38316 10320 18022 16937 11519 12232 4781 24777 25990 37400 11139 27942 13043 16670 31397 31457 32331 19678 29028 24047 11610 30610 25157 30441 37954 68 35546
424 15 250989 35571 9857 32629 28289 5484 24637 20335 31787 25743 28395 36994 25789 29613 3595 14081 27749 3581 31369 27807 37886 30130 24698 4557 17508 17528 3157 3780 12284 25904 30806
425 15 192043 8587 35556 23213 17016 37977 23519 3638 22457 12964 32929 32321 5587 2331 31431 15893 15041 5709 38447 8989 165 25691 9225 32788 13215 9845 10035 3774 4332 16334 29319
426 15 216024 22806 31337 16947 30272 38437 32949 11476 38000 13174 32625 315 25017 13413 32836 12076 6226 27972 32402 13359 35741 38301 55 1078 3005 19753 9946 28093 9990 12831 27761
427 15 250013 33348 26280 32166 6621 24594 8532 9730 22629 19747 809 33539 17600 14547 3498 38568 20164 19158 37895 21853 31180 26969 11795 8539 7833 8993 20852 14790 16515 5976 35121
428 15 219913 4964 29477 27550 3551 23619 2408 30400 32153 6449 31496 27853 26726 15088 13615 12082 34123 2741 15206 12725 30170 9742 14835 18484 17534 22514 29194 28962 29793 31719 35290
429 15 240373 16068 32256 6632 10927 4903 18443 29750 17915 21970 26847 8333 6032 4566 37506 27356 19603 31927 13971 32832 26925 27952 20429 27071 3198 3020 38020 35387 14237 22700 22386
430 15 258545 13335 34892 31402 37666 25232 11744 33788 13404 20297 21595 16739 20188 21743 9350 13972 5538 27033 32599 12050 845 15384 21214 34021 26689 17861 76 31383 28644 8942 36299
431 15 193963 2694 5355 804 3722 7014 7331 9102 35193 4981 24498 6048 11386 35195 16984 37461 7263 4170 11848 15289 32852 28017 9055 32371 19043 22969 29798 35702 32146 637 17381
432 15 245092 23265 7717 32374 36070 14384 9291 26768 38050 22313 36470 196 36553 25131 18135 25438 37358 3345 24077 26816 11162 35362 7054 11312 1969 7825 9864 15899 23491 35937 2780
433 15 150856 36726 15563 2802 33574 13695 5608 5046 464 8075 22683 2067 35483 14705 5681 13680 30873 30336 16296 3761 24819 12265 25294 15589 22946 4110 5512 17381 26698 8333 3307
434 15 218645 36146 9964 7401 32161 38142 15017 32819 9808 10734 5606 10929 9273 5780 2733 13953 34663 3923 33873 17931 57 15255 8165 31818 15947 24560 12525 15900 12135 8016 28065
435 15 259136 9089 7996 32041 26670 36763 4467 16328 1264 32893 21531 34986 17881 15336 7222 13384 35988 32241 2801 13908 11198 20702 6476 21067 20183 2187 34035 24195 27649 18801 12820
436 15 266698 30471 24562 20918 5348 9321 6104 26086 32728 21618 12451 11553 31860 26358 25231 37584 30961 36695 34560 36779 35534 34648 33916 2718 5969 5909 10468 20892 17101 11823 5757
437 15 228249 16178 17273 37744 4786 2924 6929 8462 10610 34276 31691 4967 90 9816 20879 21019 11627 33205 35 3263 12181 22763 27189 29225 27363 3091 3705 26876 29074 31503 18042
438 15 273300 24288 30441 28891 20753 23266 16195 3551 2100 28053 32650 12447 12356 1811 5381 29509 23159 22430 20841 29256 5716 32469 36221 29337 24718 32371 21944 7550 35781 36397 38470
439 15 214218 21889 5076 22464 33221 23335 29161 5930 35286 29433 32718 13683 5857 22521 26909 8600 37825 35311 33753 36247 1482 35418 6270 838 27009 5058 15646 3103 17223 3943 1789
440 15 188215 2218 25255 29884 33705 35104 6703 22686 5898 4558 8276 16537 204 20363 14215 20047 14794 4092 36292 14979 15872 1035 31729 20379 23764 9310 23431 9514 26619 24563 29536
441 15 246911 38446 2706 12847 10386 28991 17699 1093 27672 10423 8835 27696 37568 12269 1295 16023 23017 10922 29907 35389 9285 12347 35277 22220 7922 35198 20168 28306 10137 16469 9319
442 15 214177 8919 9422 10237 19430 31250 9227 185 28324 15755 15176 29134 37270 7621 25405 23643 10374 19711 18858 18419 12923 3661 29182 11990 8242 19525 30502 31674 24636 35998 11966
443 15 230039 21294 30598 37075 2494 23356 22423 1666 28296 3065 34494 30464 325 37546 26887 17857 35158 11318 9228 26947 688 16401 29423 8044 14530 36367 15486 758 15262 15391 2107
444 15 190574 17078 15033 19749 30313 22090 37056 1485 33706 13746 3741 22077 4281 17125 4870 10767 30421 14401 31548 15530 15406 31543 24153 15944 22717 31584 36227 1768 18597 3331 28327
445 15 205834 34892 16657 2388 938 24260 11418 23899 25639 9267 18824 28927 3766 13245 14295 17255 3099 3889 28285 9284 27032 37135 33148 6876 33926 11188 33170 33292 4743 1496 35868
446 15 234924 6669 21188 19196 19306 28295 18012 9080 27073 27271 18119 31822 30260 5479 28411 20993 25906 30480 17817 21559 14649 18837 28903 14272 17876 27451 21232 18563 22146 13689 32836
447 15 185405 12993 29331 37739 1558 22809 35711 3823 3771 31873 30562 8890 35533 14259 33661 20945 37300 24270 34505 838 1982 7507 33436 1949 33913 26237 5402 9349 28717 8276 2676
448 15 265207 17181 13043 4137 11291 31406 15139 21982 32044 19952 21477 30390 303 9015 1993 38117 9971 17370 26480 12597 28373 32115 27752 25306 29441 30155 5827 8267 38121 33519 38390
449 15 260307 35050 35495 12011 22141 34706 33458 12443 12339 14657 31897 32689 21559 34230 28097 3656 4600 29956 31913 4541 5051 38684 14050 13204 13632 15138 28513 11545 15228 32874 30728
450 15 294944 8142 6593 30275 34666 21084 9479 29191 21086 27045 37588 32044 4763 33267 7519 36216 17570 21123 24855 27784 31680 33210 34676 32339 19022 4985 12189 19550 3073 12426 4752
451 15 210842 22885 34694 17927 29888 27763 21990 8130 4212 25294 31505 15796 928 20899 33375 2707 34715 16176 11687 5923 32250 28702 25700 28568 25332 2745 12715 26605 31911 13433 12184
452 15 175166 2204 20173 12565 15604 11154 10083 33600 11875 13126 21237 8950 30072 20301 35944 30203 15236 3233 22278 38402 3770 5811 1780 7510 4562 4102 20659 26459 27106 1338 36938
453 15 273891 35361 30392 34623 21307 19792 38090 14583 18037 30453 2795 27487 32076 1756 34662 29412 11899 18973 28602 33726 19232 26233 30059 26595 31287 23209 33881 18045 35619 2116 10310
454 15 247434 8128 10565 34696 4210 8267 13683 18550 17199 29536 3536 8418 9611 34874 3504 2487 20984 28341 24082 20565 10597 5826 29975 11220 25900 32283 5509 36060 18323 30042 26068
455 15 276219 22131 16995 34822 35026 2500 4492 20351 25113 17097 6538 35749 14275 34463 23292 24924 1276 18398 25181 23803 14380 31915 14790 25554 34042 17838 32199 15563 21088 20166 30670
456 15 304008 13525 17611 18109 6483 37787 7854 35089 15020 38587 323 20799 38626 1932 23599 35111 36605 37304 14981 23497 38665 31391 1264 5231 16545 37751 9626 34253 30042 9645 31148
457 15 223295 9244 13470 16775 5168 9012 16541 17213 28406 25495 17015 34177 15124 32137 21890 37295 25152 14756 8714 25026 12577 10511 7069 3923 12384 18905 35387 16011 26189 8639 32939
458 15 196647 5194 35046 18378 24397 9489 33001 27265 32024 32093 27992 10062 35208 26039 24832 14821 19542 10574 15993 29785 28941 10935 34251 35085 5518 6251 35093 6044 18607 3794 5459
459 15 299311 2205 14640 28925 10894 28976 10626 16541 19755 32581 13680 17006 3140 23917 13495 15233 12239 26333 35151 34425 27364 31079 27351 34893 6835 35260 167 13589 884 33176 10425
460 15 172516 31232 18884 14432 19410 10902 33316 22140 10860 17012 18532 7696 9789 2268 20810 13475 9225 21103 32553 15704 24359 3015 25987 24797 26436 8519 11943 21823 12273 1527 9427
461 15 166826 17415 5286 750 20703 1213 24305 18260 20680 25307 6743 6385 20422 15683 32345 11299 38026 5237 3725 34344 20819 28154 28048 8364 21456 13042 7792 18196 9841 4884 9414
462 15 219548 31214 10416 1266 35396 21370 17819 33089 35056 16022 13235 17803 10738 26893 26400 5981 2386 27458 9829 22640 26704 1021 4456 25412 18798 12129 34897 10553 10813 21584 11824
463 15 239309 25015 27870 2119 30421 2386 8568 33453 12729 10209 6610 2535 25898 31946 4076 16369 27085 38315 8210 6089 6858 35291 20883 29375 13351 13058 20863 22937 32796 30040 6229
464 15 260535 31825 14094 2301 4077 13305 9165 22649 26460 17494 26175 31958 1585 20906 10721 16775 17659 25942 20997 26561 7588 32975 17523 31212 38547 33249 16409 12431 26020 6086 18603
465 15 218758 31631 24189 7700 30727 37222 31068 1342 24423 11765 8277 18035 13962 23104 37586 28127 23539 25337 11631 959 30974 1473 24838 11644 10777 10720 728 37324 21108 27065 11014
466 15 302673 20098 7579 37531 30785 5617 29406 15793 20526 37892 28279 9242 4924 37174 30114 19953 22356 19200 21136 32128 16872 11296 21920 35209 5222 36247 22278 24356 20725 36606 34118
467 15 163352 23001 28406 16615 13753 23957 10234 34900 5867 434 24151 29076 27132 12118 21538 6334 28901 2299 1939 3463 2769 6169 15245 25293 1109 1623 10025 11721 19829 7188 38103
468 15 227428 33867 37966 13089 37688 4701 12559 14479 14539 31425 29227 11829 27977 34488 19271 8309 35799 3773 13872 22849 21977 37158 37539 12608 3074 10928 28441 17459 14775 27323 30048
469 15 191697 20366 27955 3734 29539 1493 14144 21716 34628 29378 3333 19965 21710 11151 1404 30196 12357 13088 6368 13773 549 38564 37521 8889 27197 4994 5909 10007 37716 12308 13236
470 15 290650 3751 21699 28921 17097 28524 15558 26305 4504 32184 1951 36350 10291 8548 22030 19302 29748 7262 7023 29307 35209 34523 19472 38537 13824 9513 38061 32987 22401 27299 30124
471 15 265972 20375 33471 36399 28775 36007 25101 6103 13664 35175 10202 2397 7313 27966 9065 29250 17621 37078 6009 7431 35169 1703 12026 32864 33644 29869 36811 14477 32009 15372 28443
472 15 267217 13014 21078 2631 27325 20232 30078 35204 10985 33905 21715 17874 27095 27891 17408 15500 26268 37234 26969 16517 4866 32419 7223 25340 2174 7964 10829 21166 20702 27131 14312
473 15 188335 28962 13932 23529 13406 5104 15791 19089 7054 9444 23733 11380 3289 22294 38612 3706 19058 11176 34409 9903 34198 24121 22177 28931 3965 12093 2378 14214 38485 11473 5546
474 15 263532 34436 36290 8491 10510 29222 14815 20488 30242 9394 8733 14315 18360 32643 12948 11365 29239 33717 13603 25347 2268 32375 24672 27116 22019 8316 27079 30327 11877 11864 8209
475 15 182240 26118 16524 21564 26477 15109 780 6470 33819 15473 34738 8835 5651 15189 21772 10069 33849 13429 24210 1328 14704 13306 29263 5778 18625 27260 29732 34661 5155 13211 17510
476 15 215860 16135 21947 18189 24846 11233 12844 30668 18062 33064 12418 11198 16948 15738 10938 18842 31305 645 15540 16890 13588 31999 13540 12560 7463 23002 27436 22600 27413 7063 35214
477 15 253139 22016 12330 10374 38625 37858 23053 37441 16825 22984 868 22222 850 16243 15569 28722 3529 12586 1878 17989 34585 24513 3391 38151 32894 16735 10153 2356 8968 6234 13267
478 15 215976 27408 15065 10874 12928 10531 38121 22424 11495 14688 25539 16469 29389 17306 16084 33522 3475 11066 2351 31518 11851 15098 3749 14501 30497 35345 23395 8445 229 776 8036
479 15 216064 7024 3589 15670 2374 38171 8934 12700 24643 16732 18572 24988 22328 25873 37642 34086 7697 3151 13874 30005 34458 5475 16553 22404 27564 15958 14523 16333 21429 1510 16875
480 15 220564 14609 18823 18979 12142 29962 5978 25281 29096 8936 5407 9366 16392 29738 31646 10579 31034 8486 4205 8550 18374 10400 13719 36576 25143 25807 307 28194 14647 10242 3644
481 15 266784 30393 38644 847 24471 30619 8745 18468 15770 36103 2316 14192 34510 36277 26659 10644 1900 3876 27791 34235 6577 3069 38641 22975 32730 37701 8 26630 27957 27452 15228
482 15 193392 24639 20673 11755 17692 10014 8290 21194 17188 9300 20973 1905 14490 8329 25009 2028 16105 34861 37759 15130 5898 20220 29737 12205 15043 21762 31611 33055 3155 15343 13531
483 15 180635 30802 23004 9977 35843 8871 3127 23503 15776 22476 16863 6621 33368 5747 4246 2917 38646 11383 5008 6953 5 7525 5239 21448 1236 26307 18265 18311 27732 22953 36114
484 15 188682 21031 14234 12065 345 15211 22098 14037 4531 19277 19835 20710 21730 9913 20053 9267 33322 35502 19148 11896 8723 16331 38415 31171 4494 5092 24474 385 32232 13965 15754
485 15 191640 3911 746 15266 6738 10508 2147 1790 20511 20051 14610 30357 18418 2744 6768 30391 27022 28570 14319 31670 27816 7725 31649 13201 31361 69 13075 10348 21770 32950 35547
486 15 255041 37428 32577 37438 19761 23875 7385 8905 21079 37323 12623 572 21722 441 26823 27974 24035 3091 24560 26484 13633 3891 8049 35275 1494 33828 28978 22321 4540 19956 91
487 15 253264 35865 25872 18310 22415 27457 15497 5535 21983 15676 34692 21434 23269 34897 25777 35591 28089 32983 22945 27493 36902 13979 37983 6769 479 29329 2345 1516 28370 9747 19650
488 15 236388 21050 26037 16962 28053 35547 25829 14183 14779 22992 12610 23240 9393 10024 26297 35116 32174 14041 34342 21959 2355 2948 14214 6365 33919 17445 24047 31868 12007 21746 25982
489 15 243932 25048 22778 4112 694 30355 15688 34235 38705 37285 32853 23531 242 14540 13351 32832 3388 20256 22219 16318 33864 18546 15715 9522 3057 13326 25490 13414 242 11595 880
490 15 265883 28777 18182 1047 6655 36029 3020 35264 3441 37144 11005 36099 11211 23355 25783 22074 20471 14047 24264 4248 14893 2436 36233 38060 10816 9222 37437 7466 15421 37086 5851
491 15 215259 14644 36914 6877 36142 38599 19968 17544 12427 9052 3268 33227 28238 1841 32705 28773 18906 6760 20935 3579 9648 19048 28866 30732 2243 5821 28694 16793 7387 35784 18581
492 15 277388 29259 31962 34123 26971 22051 8307 31050 32634 14478 21311 16017 35399 38300 3337 14530 20817 1068 22246 27923 29139 29347 27210 16660 36769 31508 34392 30905 26716 9517 35514
493 15 166160 2029 32047 16875 14628 26471 35815 2573 13009 18716 34657 6126 36082 23892 24184 25655 7979 7643 31147 9614 36602 171 23102 22294 22494 14209 17494 11763 37223 19670 1437
494 15 259832 11595 15937 37620 26058 25569 16184 26808 2055 26049 17231 31584 13232 28826 7433 5958 32877 14682 2355 4989 12267 33912 35633 4343 34533 30511 21674 25617 4821 16728 28716
495 15 265406 5432 31604 21169 25960 22287 11339 36643 37474 37716 12881 30517 19503 28671 29022 17381 11345 15179 35797 28080 9171 17289 10774 31933 7728 9211 15854 17229 23948 13021 5465
496 15 206165 29073 35414 13760 21246 2633 24677 20793 2158 33252 24268 20709 27913 25561 19870 6405 34080 17431 7081 14616 37299 2263 23299 1791 1244 27629 11893 18285 2182 23506 28704
497 15 207525 29087 27334 12107 7202 32885 37633 1802 21978 16726 10189 21854 7081 27367 3899 18895 27077 12956 15334 15044 26491 8843 1522 3018 8414 34459 12106 18031 228 6333 9418
498 15 245072 3483 13905 35523 11612 24760 24167 829 7962 561 15292 29093 6380 37951 18090 21841 24265 30103 30197 13825 19924 36102 8988 28658 32784 10597 19464 5759 27438 27256 6066
499 15 234186 16420 6098 18623 29897 30095 12450 36047 19377 7754 2534 5720 21295 12926 12077 27605 32529 23048 16893 15731 29642 9740 5646 28330 29731 20056 3427 7336 24190 33302 12262
500 15 299385 34529 30382 31372 30028 36149 8096 37491 17733 10290 5939 38425 1925 25997 167 34359 2061 1164 30722 21693 23034 36357 31072 9832 16082 8362 37285 29599 33847 18613 25611
