1 4 79049 33155 6637 21238 1441 15702 4204 28717 11406
2 4 74736 34083 9363 36377 33124 21036 34880 1925 37817
3 4 72360 37593 1079 8689 19880 13190 28269 30979 23603
4 4 57204 23195 3415 7753 19574 27249 1225 13309 20103
5 4 63536 33702 32978 12762 22108 17512 7305 15445 24761
6 4 59109 32289 2268 6499 2681 25048 25313 10051 33946
7 4 59535 29650 26102 25501 33058 17466 24313 1802 8243
8 4 67158 5347 32217 31043 36803 22194 2584 25364 10439
9 4 67764 14188 27114 29119 37242 20251 28745 21147 29053
10 4 86830 26850 31437 36934 28765 32834 20988 11920 18024
11 4 43612 10764 12853 31057 13549 3707 6757 8988 12746
12 4 83590 20481 11776 12320 28638 34797 25771 36890 37982
13 4 21788 7943 3870 13859 10082 2622 12099 2812 19963
14 4 31404 12705 36517 1334 7794 16463 29778 8754 2629
15 4 81410 29907 18729 34785 29894 33399 29896 3672 33518
16 4 75448 22890 7118 28661 6195 14411 29187 28348 34324
17 4 48562 7908 2488 34889 7263 3726 30319 14180 18382
18 4 78692 23280 5084 10338 22676 36293 36699 28455 24657
19 4 46287 28509 10945 21908 1670 4281 20427 3161 24556
20 4 50977 4771 2160 13188 22252 16413 25434 29350 4407
21 4 41414 19306 37931 9659 33007 16038 27008 6765 14505
22 4 93964 25520 32866 32255 36111 31209 27258 28472 15381
23 4 30329 1162 17686 310 35257 4859 16351 31581 8733
24 4 65412 20797 16777 2187 30052 22942 36475 35840 12316
25 4 49364 3230 6404 35623 14954 11601 7079 11251 10848
26 4 50215 24078 20855 6166 35800 25034 2592 7491 21628
27 4 59372 24766 8613 21377 6074 27329 7845 743 17414
28 4 89082 35480 30353 32265 30978 6880 18563 36728 31787
29 4 42248 20628 33177 6027 38326 11215 31468 14941 9900
30 4 66081 24574 15699 29313 34417 2074 19265 26641 2393
31 4 61790 23868 4598 19040 33646 26126 16355 8204 27101
32 4 69479 23841 3395 28116 17137 408 22149 34484 23369
33 4 66976 29656 14597 2325 37209 14647 19340 37092 276
34 4 85952 29337 12738 25260 35225 27289 38445 25554 3778
35 4 51912 2140 24839 26351 6570 33220 22439 3179 2086
36 4 87424 7118 2245 37415 37752 26600 23160 38148 7396
37 4 67725 7731 38708 26172 30474 22106 14647 28648 24457
38 4 39528 1439 25535 38463 16579 8775 12517 734 2
39 4 53876 2803 18920 35976 20610 11402 32459 17165 2570
40 4 48347 15422 29919 17162 24453 4048 18266 23802 32363
41 4 50250 19327 12395 9116 7479 33287 33527 1083 34123
42 4 51947 15835 5820 4513 34987 20411 36967 24175 23018
43 4 76047 20098 3181 12677 22841 32370 7249 29914 20284
44 4 71848 19593 18311 32811 6375 21684 19532 15723 8115
45 4 39128 3426 16271 9014 31538 24730 35623 11740 34680
46 4 58245 32197 1944 5805 16050 22965 14529 11840 34748
47 4 53148 23520 28486 6742 33939 32432 4461 3741 95
48 4 58801 7856 33475 2642 35406 26414 27501 36590 36360
49 4 81576 6200 1497 30975 31708 26485 33538 38311 127
50 4 77664 29710 11465 32510 7712 3779 6497 31081 17389
51 4 50765 2886 15247 29628 3546 22790 2269 8153 16046
52 4 56592 31287 610 7844 10829 9541 5223 22068 24221
53 4 32148 8009 19862 20723 11552 10165 21018 1288 23716
54 4 66505 20929 12207 5415 1404 33573 36104 23215 33685
55 4 83272 20852 23857 30899 17463 37979 20369 14360 26111
56 4 84498 35199 20197 22814 35777 18213 29731 29397 28014
57 4 42995 18426 30139 16751 37805 16788 35137 1779 24037
58 4 37922 19201 19801 2674 2867 15789 4973 9739 10981
59 4 46153 18380 1481 5102 32849 13160 31711 21050 32242
60 4 78022 33245 26860 19159 8896 26345 11866 18779 34995
61 4 60529 18325 14058 29820 29273 16672 31420 10845 10136
62 4 75497 33695 14348 3658 21568 36542 147 20477 33880
63 4 69420 24635 17964 15264 7143 8897 10327 37980 25489
64 4 60704 5878 9563 34220 37654 28634 33603 7149 22123
65 4 54739 15039 4745 20765 20885 19966 2195 12654 6398
66 4 46548 16668 26591 29575 33784 9981 25355 1961 2981
67 4 69927 18231 6024 22158 28393 35949 10007 11071 31404
68 4 74980 24335 37433 29875 20518 3914 17851 35602 25241
69 4 80463 35652 2157 14058 12467 22030 917 28839 29293
70 4 75828 37965 715 7026 21976 11322 37441 38472 37522
71 4 84115 34148 23494 35103 38360 35539 22183 354 36338
72 4 80375 19515 19955 34843 11141 10274 35807 35837 23996
73 4 21776 2200 28449 5073 18921 9155 15797 10792 11598
74 4 55788 16389 29720 33551 12160 11123 5066 8673 24383
75 4 60289 23786 36007 12566 5164 20595 35105 18415 19151
76 4 64499 8867 31519 946 19089 33508 23005 37303 28911
77 4 58823 8046 33216 29558 20526 26355 32036 9570 21339
78 4 47147 2623 6463 1351 14261 30969 517 23991 17395
79 4 53440 20147 20976 1238 21332 27587 773 17828 30639
80 4 61370 324 11747 21398 37606 34276 3128 20715 12994
81 4 31102 6983 35155 23666 5966 60 30324 8169 37851
82 4 47328 24631 3420 5267 4753 21433 574 7830 1420
83 4 62644 9065 6388 28822 36065 21047 20675 19372 29247
84 4 62460 23500 24565 23763 17770 25262 8239 5550 29619
85 4 46360 22828 34819 364 18316 31807 27708 2952 35187
86 4 47377 13296 2426 5898 34389 12622 16229 27406 19176
87 4 75934 19218 27861 26168 25454 14050 34810 35482 13178
88 4 65869 21728 3120 11440 5019 12473 2158 36696 18049
89 4 66920 31042 18702 34184 20504 5019 35909 13406 35453
90 4 71738 34431 14830 23162 32888 12989 5406 19091 35593
91 4 63289 33897 6698 18610 26028 16370 8559 10235 33412
92 4 40440 1699 5334 3373 17498 25384 8575 20095 2895
93 4 66664 22158 35623 33777 12929 8867 13817 18529 22220
94 4 51430 17849 12209 11407 36698 462 36008 34570 17715
95 4 72605 28224 18818 20073 14126 8251 37776 34209 24866
96 4 58058 10253 19331 17203 14747 24825 24720 20292 11611
97 4 44780 15616 7254 37934 12907 2096 4407 330 32516
98 4 83025 28145 8711 34374 28014 34456 24989 6807 38454
99 4 78503 12563 21723 9525 1185 38706 22923 37335 30557
100 4 50804 13260 13363 26264 23082 34 156 23948 29076
101 4 74780 8531 2009 23211 24603 32749 35574 28985 24057
102 4 52408 17894 9423 14210 22667 19769 24932 13638 35274
103 4 70847 31783 16713 36944 21201 946 3690 18886 37877
104 4 79583 32227 32432 28195 9568 28570 29380 10487 31249
105 4 35880 14604 6914 28882 18693 1264 38436 101 12166
106 4 85088 15867 8533 34481 7266 37273 34621 18739 13608
107 4 32344 3641 20989 12184 27870 5812 18329 18793 7586
108 4 65740 15363 28223 26520 29849 4651 15260 35641 20804
109 4 90560 38410 14274 15563 25792 25352 16485 33876 38270
110 4 49485 10689 6953 7927 3242 30656 37836 12585 7207
111 4 75972 29269 4828 23502 31868 24643 1543 17552 17311
112 4 74756 28679 11809 29189 2517 9448 21470 26130 30628
113 4 42488 1218 35522 3286 13925 20651 8021 27955 37688
114 4 66428 24193 22382 2057 14260 21102 17288 35683 17835
115 4 33697 2224 8461 11472 5120 18371 24934 10055 9265
116 4 101926 28828 28531 38105 25295 36619 9456 23856 33816
117 4 38408 11534 6550 9743 35056 20600 36038 6133 20586
118 4 71981 15275 11720 32156 38536 7786 16092 34760 13741
119 4 66224 31974 37086 14960 37290 11529 31413 24318 36299
120 4 64319 14357 21244 29751 31446 22406 32721 13885 15885
121 4 74919 26108 37185 25194 5689 28062 27899 14285 24865
122 4 74292 22215 36836 24573 2247 22824 20228 23253 11280
123 4 102784 34178 6954 24492 1277 37152 7914 32659 32856
124 4 17984 4978 17998 11962 8773 2360 16218 3180 20952
125 4 72672 8168 1469 31661 15358 19886 3264 31125 13011
126 4 49968 25254 36098 3219 21378 19994 1953 13994 837
127 4 69616 7418 15722 17330 8230 33612 1902 28660 26129
128 4 45032 16695 23804 3255 34291 24261 24431 12080 30985
129 4 67145 660 30945 24068 24690 33397 27494 25807 24413
130 4 48681 33320 27796 9189 17677 7517 31099 10826 9841
131 4 87799 29849 16037 38393 15397 26713 10283 14794 36783
132 4 60633 30947 26502 26975 34286 835 14912 17035 8297
133 4 51837 29853 23386 2868 10963 22195 36410 9881 17900
134 4 39853 8724 14258 5236 1904 19730 14647 16127 409
135 4 61900 10614 18283 37478 15621 19362 35349 9921 17360
136 4 57723 30537 19672 2555 24003 31809 14394 7253 21770
137 4 68040 26569 8374 11664 27198 37489 15246 9328 33056
138 4 61715 17928 23068 13108 7765 23243 32481 22865 18157
139 4 88188 36332 5825 36067 20808 28954 17463 8882 35651
140 4 61931 30453 30959 28817 38599 11457 33853 6687 14192
141 4 64302 37044 6266 22078 17972 15454 176 5802 35900
142 4 72292 13659 1928 22219 29503 31368 16457 23120 12772
143 4 77910 38470 1719 25524 22664 6851 25182 26543 13147
144 4 91415 26293 31585 38361 15320 20360 20868 29255 23328
145 4 86564 27861 10796 23334 4772 37865 30596 19145 24775
146 4 49548 19574 5963 24417 30516 11143 30105 6801 12585
147 4 74151 14782 12581 34881 16214 6828 14297 36198 23798
148 4 68084 10608 4683 9812 14960 28354 17813 36332 32699
149 4 69653 27910 34971 19345 3841 2838 12383 36974 38337
150 4 70284 30650 4359 4086 10431 36768 6160 16351 37610
151 4 52051 6226 8343 6092 28165 38340 25757 14406 5778
152 4 71362 13509 14422 33755 11346 11585 4142 30354 25597
153 4 58848 35038 13266 17808 18313 5106 34603 15608 7199
154 4 81170 8552 3122 21085 24170 33354 6896 38472 6712
155 4 42986 3302 11673 17152 20452 22164 18350 11115 27725
156 4 73775 30307 16759 36763 17295 7723 25197 17426 21058
157 4 68586 19180 25672 22975 2091 38272 10996 5306 28877
158 4 72712 29145 4818 5854 13416 32272 30896 23620 31172
159 4 56000 17919 37104 13653 26087 31028 33494 7400 8184
160 4 84451 30313 22688 24827 31374 27049 9922 23375 36225
161 4 67307 1485 36255 34098 23479 37297 3539 11254 26617
162 4 44192 15284 2744 12748 31079 25381 27078 1828 18331
163 4 55760 7394 8985 25734 9363 22712 32982 13861 3005
164 4 50522 7846 36001 30981 7702 13969 21517 10357 13211
165 4 68512 31980 25624 12874 32642 27892 25860 12894 22671
166 4 35670 28704 36111 754 12727 6146 21884 8984 21826
167 4 58511 24776 21238 6610 17622 24919 14783 16834 22562
168 4 57569 17788 34030 17062 27505 6206 365 30906 21098
169 4 44052 8738 15548 26524 14929 7251 38708 12553 5456
170 4 53436 16693 27428 26642 33969 10716 28727 12744 18010
171 4 80521 19216 31472 23745 28878 23533 30749 34158 33175
172 4 51732 18669 19064 2191 11141 32916 23109 10890 13549
173 4 36504 4276 1419 12555 3388 10517 36573 18282 6835
174 4 63612 18777 15101 17484 25503 5271 22008 37984 13054
175 4 38295 22363 24127 5495 26842 12071 1865 7940 5779
176 4 69655 31583 34212 36294 9696 4394 6085 14798 4062
177 4 86456 29185 38094 5901 7775 38596 3577 34389 12158
178 4 75919 13482 33255 26004 24063 23360 6800 32053 33923
179 4 63780 18929 12928 38709 25916 20235 17219 1852 13161
180 4 78580 28031 14955 19585 5837 24769 33194 25840 38547
181 4 81270 6670 28666 19647 35530 37966 31371 37305 29540
182 4 87356 24160 26900 16055 22117 30325 14613 38656 30693
183 4 34572 16698 27468 5650 7030 3139 10837 17728 27614
184 4 56570 13692 35044 2519 19292 33429 8545 21073 13244
185 4 61123 33934 38549 14641 16201 15050 24278 12779 34365
186 4 71607 9641 32887 32415 18256 12627 19053 34826 16024
187 4 68623 4164 38344 27192 887 29076 8948 25347 17812
188 4 68661 18689 32657 27060 18493 24747 33202 15331 29577
189 4 82686 22061 31771 26810 7926 32651 5451 21836 16760
190 4 53286 10064 31661 20562 9521 31624 22610 4358 23182
191 4 70148 21938 11744 13555 34356 23110 27755 29083 24675
192 4 76141 26314 38041 22269 20706 37201 24930 9393 9
193 4 49752 28957 37994 10179 6181 22075 6898 979 26675
194 4 70946 24010 18467 22226 33203 28592 28454 13855 14470
195 4 87279 16614 6283 25165 15286 29775 30192 37545 13670
196 4 64868 37555 4807 34021 13351 2018 38326 7492 17191
197 4 69418 3580 20741 10621 24842 38061 25716 34511 37064
198 4 34326 31700 8940 4656 25731 5774 38467 778 33304
199 4 75326 13550 31635 22368 8571 24673 14505 33567 389
200 4 58950 17111 10274 22460 25045 15292 21692 18825 10638
201 4 44316 4257 22424 8839 10346 19901 15139 22399 12741
202 4 68130 13222 25151 23949 7069 14859 7094 33133 26132
203 4 47960 2950 12035 12330 17892 23662 4821 21008 7717
204 4 59894 24816 30167 30043 17162 4151 35858 15858 464
205 4 91296 30221 18353 16411 13014 31640 4702 35849 22876
206 4 99547 34819 29321 33990 12054 29783 3866 25842 8263
207 4 55711 26894 31330 5926 32423 29998 18821 6821 3794
208 4 56042 21977 30296 13152 10634 22350 1305 12574 35453
209 4 63484 32963 28219 35466 36490 8116 31548 2810 16650
210 4 79605 28027 1135 24113 4729 15819 26177 31548 31041
211 4 35748 1061 28518 32368 24376 7915 17767 3342 334
212 4 36814 8832 2499 106 29631 21341 26129 15739 10253
213 4 78628 34880 29272 19712 38293 24237 15502 19456 3762
214 4 47117 14914 18132 235 34817 20164 12774 23584 27908
215 4 38133 11300 36561 9357 30288 19285 3897 7725 5056
216 4 68958 21864 16442 15683 33461 28646 37145 20005 10487
217 4 78367 25055 18697 36471 15825 1535 12166 34898 31519
218 4 70200 14738 30869 27222 390 9460 38514 36330 5146
219 4 55736 4885 17047 28487 24593 126 36736 36173 3964
220 4 22924 4815 32876 18989 35628 926 2646 3926 29466
221 4 54332 9796 1727 13155 36981 7188 10312 37776 34461
222 4 70187 12947 21568 27632 20144 14107 27781 33048 13255
223 4 82386 36421 13597 26027 15223 6991 26704 33544 1802
224 4 49110 2577 4098 29772 26901 12894 13055 16145 33477
225 4 40024 16438 37880 7733 28753 19341 37168 6518 15798
226 4 106101 31012 12224 33477 10804 29691 28692 38447 23260
227 4 44063 1838 16411 27120 27809 12813 32252 13308 5969
228 4 74938 17153 25929 16220 11183 32455 35060 27845 2849
229 4 41234 21181 29784 2226 25077 8784 33122 19352 18762
230 4 67302 15650 674 17982 37782 34700 36399 15796 2922
231 4 78309 23468 29536 30381 37237 20523 9313 23515 10615
232 4 63355 36014 10974 30593 21155 11197 23090 1390 24822
233 4 70778 29351 15657 19911 37803 9544 33142 29667 30427
234 4 58284 8165 8097 25654 511 17829 11437 21208 20116
235 4 69627 35026 14231 14717 16240 33531 27324 3760 23067
236 4 87215 11310 35316 31847 15588 33133 30495 32729 31882
237 4 71907 14885 20830 17959 4919 37235 21990 19805 12667
238 4 75984 23472 2569 25211 34996 14738 27006 31559 11094
239 4 15229 2082 27028 165 24301 7456 22360 9334 34387
240 4 53379 24668 27987 2735 31307 16785 32374 22536 24316
241 4 51268 24814 34206 14076 15804 8348 31329 16847 4789
242 4 63588 30686 31516 3550 30836 33643 21074 11606 20108
243 4 55892 22015 19589 25304 36905 18330 17122 4216 4533
244 4 78119 25668 37501 20029 21283 24794 20262 27158 6332
245 4 28872 2643 36317 19182 29751 1216 21538 13050 3876
246 4 76791 32990 16662 8311 1660 33047 8008 21641 25015
247 4 39617 4515 530 23294 31562 17104 12011 4609 3768
248 4 66670 20709 18464 14918 5171 20974 9012 26737 23247
249 4 70879 23232 27098 22082 7607 15063 21573 28222 21580
250 4 57321 32807 13641 1754 24075 1553 3096 35538 9959
251 4 77876 36138 15520 12564 31024 20890 30581 27754 15524
252 4 74152 33326 918 35508 7360 18645 34918 5211 27965
253 4 57585 26472 4343 3424 17778 11745 28223 30341 18956
254 4 40661 13787 10712 13057 18281 14154 27491 9829 12692
255 4 75360 13351 18802 23908 36995 29267 37086 27675 12315
256 4 39244 13956 15290 7712 28728 11874 84 15513 4758
257 4 63941 19169 23796 29785 28172 18122 4612 12851 7326
258 4 13152 1045 1549 6236 35001 365 11011 8795 30962
259 4 49432 26709 18129 13055 28562 14095 5474 7932 28254
260 4 68239 31892 3326 37 4383 28554 11852 24816 10579
261 4 28131 13256 23488 1724 291 19599 9216 585 15883
262 4 97632 20946 4344 29513 84 33886 28920 37696 1402
263 4 70765 8387 36331 16366 38683 36812 33479 26892 16767
264 4 75755 19938 22949 29500 37293 11244 1854 34012 30824
265 4 59475 2797 23528 12490 28922 32690 30154 26367 9159
266 4 61583 17426 7901 19246 25140 12015 21286 28292 1260
267 4 48170 30826 30090 26518 15485 1878 16961 991 3418
268 4 30639 9121 14858 5484 33181 10523 1934 13171 10729
269 4 42459 6276 372 9119 3077 30842 28177 6837 21925
270 4 67579 18840 29289 9308 24063 24407 12972 31919 15699
271 4 34101 3809 37670 27559 29302 10630 27605 629 35965
272 4 71525 18417 23137 30871 26018 25988 30201 14131 4249
273 4 26089 12423 17973 7444 37392 7825 27600 4920 31537
274 4 26412 4675 26933 1665 3978 21115 8290 5561 6122
275 4 69393 26155 38012 3100 36260 21961 23105 35526 24670
276 4 72771 17929 4213 18979 27799 19445 16685 34611 33489
277 4 39164 5165 22767 27486 20470 7105 6835 9199 22364
278 4 69215 7589 28472 32730 29634 7625 19686 38575 29673
279 4 69116 12524 1192 6544 36781 28838 6479 38490 3178
280 4 76741 22476 28547 32627 1002 9809 22760 31015 24902
281 4 63022 21067 2965 18053 4015 10843 8029 28815 15601
282 4 76912 30882 21058 13750 24155 25023 6403 26485 23912
283 4 54892 21895 18748 3396 4329 6631 19554 36694 37160
284 4 85256 29470 25802 26320 3595 20433 27323 30347 8161
285 4 59509 15293 11461 24044 32045 2036 11296 33014 5924
286 4 37956 20838 34791 15517 4125 7222 27569 3869 12743
287 4 63369 29823 36271 11822 30911 32752 34628 4815 3266
288 4 56873 20029 32575 33069 29030 13460 17048 4534 37207
289 4 47689 31527 30897 5073 32817 10347 18245 12665 37530
290 4 51237 21634 7414 16655 8533 2258 21084 23500 35907
291 4 16375 11691 27297 1013 10591 5017 33740 2748 144
292 4 69061 23291 23786 1975 32727 29641 24046 31420 29838
293 4 61229 9988 5697 23461 38552 24105 7706 18983 9941
294 4 61897 23662 2489 36221 37855 16682 35390 807 875
295 4 28533 9748 30973 5966 8511 1851 344 18102 5839
296 4 59782 28201 19978 11636 14391 21415 31075 13476 769
297 4 79424 3889 30918 36305 6220 26410 1817 32676 36138
298 4 97522 26030 26658 26997 10209 33469 35377 35407 22689
299 4 73057 9795 36398 28227 19775 21524 8695 31776 27307
300 4 67526 19836 23195 13006 29748 35879 32407 15687 6467
301 4 49042 22435 6108 1327 16770 106 15929 37435 9013
302 4 79804 27820 29877 30212 17679 16372 11706 25351 36099
303 4 64530 24452 22736 28231 669 4753 31516 23227 23456
304 4 70959 32057 20328 24131 21613 12255 20669 20256 3985
305 4 66661 11641 1752 15565 7024 28156 10130 27965 28894
306 4 46380 3797 23611 4324 27529 24814 2996 25041 31516
307 4 79264 475 2887 25486 28572 36711 32684 36409 3876
308 4 71910 34838 9838 27188 30715 20769 25081 7093 25824
309 4 62573 14161 24494 1067 9812 33817 18420 29172 24152
310 4 39316 13321 13885 5899 17885 6758 31220 23168 2042
311 4 50908 10869 34630 13150 28284 32276 8837 7340 24395
312 4 48642 17451 4810 2012 7332 33664 28357 7676 796
313 4 53140 5740 23754 24052 15286 14713 19325 21921 14346
314 4 61228 21812 7059 14441 31705 28410 37709 11872 38708
315 4 62518 18091 1826 2946 19449 31740 19100 25371 31195
316 4 48430 6845 33251 21376 24928 9072 37881 23245 10652
317 4 73520 12398 32298 23559 9031 29821 14470 26123 18799
318 4 63277 17211 30999 24340 1266 3103 3062 34443 12252
319 4 71976 18261 33762 34892 29364 31831 26458 4986 12818
320 4 103581 32069 12273 34783 36260 37879 34167 24746 24698
321 4 97272 28380 37144 32770 19442 27261 32205 33180 8787
322 4 85008 31811 25383 27253 34663 27723 11608 19473 22540
323 4 39132 5939 25074 7248 3110 32255 15247 3473 14149
324 4 51724 26319 4468 15002 3390 15069 19223 8266 26553
325 4 74075 25049 5035 5658 2623 28009 29717 33878 33676
326 4 64145 21278 20035 25515 16424 27169 12405 6220 18986
327 4 75970 25925 26844 36877 29811 23341 2608 8820 35856
328 4 64008 33318 6492 14893 5418 17140 13861 14659 21863
329 4 32360 5425 14110 9389 19827 24757 3250 880 8368
330 4 81927 9977 4226 35045 36642 34404 13825 22983 25060
331 4 49074 6965 2896 7793 29126 16277 27600 30308 21306
332 4 63933 36905 37356 14576 13933 14332 36494 14104 22031
333 4 64475 28490 18238 9063 34306 25651 5110 17390 29324
334 4 77665 16401 346 35396 17372 18001 3442 27284 7916
335 4 48033 22023 32342 13468 29187 18455 6857 6096 8104
336 4 73054 31433 8261 20265 5575 5859 35512 33761 32899
337 4 95903 18431 5615 34202 8348 31868 10568 35378 14636
338 4 70511 29572 9781 14170 2971 27186 27361 17211 22433
339 4 67566 6538 26396 34208 23815 35295 27668 8417 14644
340 4 54469 17039 16371 30958 8315 16254 33436 3836 23352
341 4 44953 8621 30264 8840 3084 16752 3538 21979 2459
342 4 50515 20417 4739 7719 17229 4377 33501 30631 16486
343 4 37856 14153 33985 14780 3991 16240 20354 2148 384
344 4 73419 30709 8345 6673 2697 24814 31606 29578 22086
345 4 47908 10628 8881 13860 35953 3821 33209 31577 9042
346 4 59794 7187 26743 9888 8445 37295 22218 20373 22480
347 4 74305 30596 14505 20753 10176 6289 38137 35244 28314
348 4 53496 5633 21346 15165 23693 22421 31143 23651 17819
349 4 38240 2879 14922 25330 34605 7012 26686 12579 27018
350 4 96474 34827 27253 29068 38064 30683 3685 26015 5189
351 4 49741 33559 22591 9530 30356 13747 11899 5341 14163
352 4 32339 1282 22390 19130 2882 5636 17451 14376 9320
353 4 60137 38514 32943 5969 26489 3167 18083 27522 35621
354 4 86519 36761 3860 33557 20383 531 25384 37300 12549
355 4 62257 35519 15604 3254 12018 855 14895 38194 15708
356 4 75759 10591 3106 25923 6583 34611 21411 23574 6355
357 4 65844 8938 18413 20668 37033 27322 9125 25377 12084
358 4 18688 71 22744 4365 30441 8441 32133 10483 10335
359 4 71154 31445 33957 17825 32700 22374 23624 17299 13293
360 4 77668 29631 9984 11095 36673 26071 15785 30289 25499
361 4 86491 37521 1243 16812 38196 31663 16984 22118 29336
362 4 75723 4108 18825 17329 37636 37052 9445 36165 10180
363 4 12687 6176 20192 1198 12630 8140 14735 345 31566
364 4 51871 557 20731 30636 15742 10508 4999 23138 38296
365 4 69518 22589 31553 21586 5824 11752 36469 30971 36557
366 4 69505 919 5637 36400 6508 31442 7871 18121 12533
367 4 67163 8913 12099 12706 18149 25375 1894 36960 18406
368 4 98711 28340 15119 33310 22537 38188 26706 23551 5552
369 4 77116 37773 12138 37324 29681 12050 31178 9249 3227
370 4 56822 26395 21893 3536 2710 7849 20866 33248 25114
371 4 50296 19172 908 8053 723 7719 12316 27927 10946
372 4 73097 10695 30212 27321 36066 19830 37073 33526 5774
373 4 44469 9234 37344 21819 26582 4928 8719 19606 25762
374 4 40284 25574 21430 14836 24036 7786 28313 2160 9964
375 4 87172 9408 1450 37700 31338 36652 17729 25205 15476
376 4 109176 27041 27673 37591 19906 35063 30837 36776 22077
377 4 39439 18550 7791 556 22939 2000 26204 28193 9744
378 4 51490 13416 12157 31124 26351 14836 412 4987 27896
379 4 54587 29504 20148 20346 37711 5591 15249 12793 31294
380 4 67513 36733 29948 7694 9449 10388 2626 29577 12242
381 4 56257 9321 23930 33400 28491 1384 4268 26217 25081
382 4 83244 34620 35761 30533 23947 9656 21298 29246 25009
383 4 67417 31212 1795 11215 18161 6437 34751 35408 5580
384 4 79271 4217 27356 27542 20427 31804 8701 35526 16231
385 4 21994 4307 25254 1270 7961 6507 3736 15409 16033
386 4 37020 1526 29027 3157 23678 19968 37040 21624 32202
387 4 70261 33536 19850 27735 32228 333 4812 26223 3733
388 4 42498 21433 33672 6311 18636 5198 32562 20181 20227
389 4 64188 9331 29195 20509 1687 30269 7758 20127 23750
390 4 60840 24956 33289 21478 19518 13931 19313 15685 18025
391 4 66993 33646 26720 26186 19470 18723 36791 5187 29317
392 4 63744 27846 37305 449 2393 32411 1944 18974 1155
393 4 72484 37356 23446 4603 5517 12872 15819 35775 4179
394 4 96620 33076 1815 37071 29717 36899 11517 13730 6301
395 4 81364 30740 10036 2525 23871 33739 15627 34701 3085
396 4 71172 587 11427 15952 4304 35840 24417 36587 3275
397 4 8076 140 23243 4255 16252 4240 17828 1460 31288
398 4 74380 19458 26593 9088 31827 27520 35554 36909 19740
399 4 34827 5969 30207 4191 10288 24580 5439 8794 13800
400 4 71629 28196 25242 35046 29316 24931 21813 1364 6203
401 4 57607 20254 17395 19870 694 13154 38191 18731 15387
402 4 53736 5802 10709 15038 25147 26558 37085 19772 13203
403 4 55737 4418 20967 12340 34843 17471 27208 35443 32070
404 4 44496 20089 37831 24357 10413 7524 13629 3651 29650
405 4 60524 22064 21383 37693 27334 8954 18916 6945 38411
406 4 92211 36540 2003 38355 3273 25853 24000 14516 26753
407 4 37666 15702 1750 1268 869 13825 12164 16288 26402
408 4 86132 30886 5551 24686 29374 17810 10721 34283 11412
409 4 92560 37174 15547 28361 7067 20301 4152 29864 36835
410 4 71977 25560 2 2436 19872 27963 20918 34013 21254
411 4 82231 28515 20272 30899 34901 7811 5708 35564 37712
412 4 39115 6118 18644 14357 5962 988 6066 27431 31738
413 4 71480 37554 4273 10965 10564 9163 15111 31668 38365
414 4 32743 18193 9566 3858 26020 2503 19696 16375 36061
415 4 52163 20607 1711 16867 827 18134 15491 9596 24906
416 4 90647 22628 26693 20604 4288 36987 30519 33090 14206
417 4 51116 4100 24205 30240 22869 6142 10205 23414 5917
418 4 38259 8810 10505 13813 30760 14636 12644 10565 31090
419 4 71313 13054 7174 35696 21458 15926 7922 24466 33762
420 4 61882 34481 36603 19413 38338 12259 24457 11200 3909
421 4 41577 3798 2695 14723 20458 9962 34161 23489 10684
422 4 34396 9098 29731 384 29987 14742 12970 18772 20195
423 4 94950 32579 6933 25928 12530 25812 36772 34369 825
424 4 77661 33202 14726 27453 5773 33170 17468 3252 18997
425 4 60899 14594 5782 24424 29626 12368 37885 24738 20323
426 4 26888 3006 9308 6900 32294 18115 4980 5589 25227
427 4 63279 27060 19297 21620 9173 15959 35243 14460 1341
428 4 71990 9027 24994 35414 18174 38696 29252 6851 18982
429 4 50688 9728 20596 5121 5559 24779 6935 23733 13717
430 4 44396 6615 23057 3134 26224 29081 37520 16665 8855
431 4 47630 19967 6053 18310 27890 7787 5303 13474 16709
432 4 61218 4520 30988 28551 2845 27061 8001 16391 1725
433 4 67673 15244 14395 4293 33957 33258 28287 31797 2447
434 4 82656 28254 2638 38146 7103 12650 14042 24271 18978
435 4 49800 14904 14792 18437 37899 27474 15234 1435 9580
436 4 58093 2371 33691 33575 37155 26098 7508 10573 20109
437 4 75468 24910 23721 10883 7177 25856 26539 32686 15147
438 4 46630 4254 29516 21773 8920 3341 769 28920 29967
439 4 85887 21889 22306 37045 10979 32432 25006 15993 23939
440 4 51331 12699 9690 244 29915 20222 31232 30999 9140
441 4 105804 35787 15062 31453 20009 33072 24592 31943 21830
442 4 83362 22527 19262 19799 4005 32255 9162 29622 8716
443 4 83896 15674 4235 30817 17528 22380 5165 35999 33994
444 4 57178 24609 12682 11498 12551 10159 24321 25207 33658
445 4 42455 11529 30865 7964 6430 23166 3204 10410 27725
446 4 77976 24985 30241 36802 4522 21670 3544 14013 10666
447 4 70974 1588 37742 36640 36419 38105 30296 12385 22130
448 4 62824 13841 14633 17097 32176 15419 26613 32173 3881
449 4 39557 31559 27117 7686 23113 1368 11808 8834 33598
450 4 67902 27720 29748 26631 16749 23078 27841 7449 9812
451 4 61496 14054 20988 26671 18791 30103 35861 6042 12537
452 4 68523 18271 28377 33950 21724 6705 829 26728 7961
453 4 85600 36248 764 37469 38672 26453 17828 6830 18047
454 4 64613 1290 14805 31615 2546 12708 17402 35154 34317
455 4 86472 14529 13169 38152 35854 26827 23991 28582 19122
456 4 55341 19100 10461 16869 21177 1012 32002 32196 5320
457 4 42492 6414 17776 23552 19601 5114 20510 18035 18887
458 4 50707 27289 3852 7784 7830 16629 12602 11682 6203
459 4 55365 24252 36140 17177 1110 15722 22893 12056 4308
460 4 71128 13296 38149 16732 18288 32668 37886 26215 5911
461 4 87310 36585 22396 16682 19180 37848 2069 18023 21254
462 4 74585 24116 20874 35366 24966 31749 13574 2001 14137
463 4 88474 32279 2942 32038 27733 31289 6382 14987 8258
464 4 59266 21318 38659 9599 6634 36046 36014 7120 1935
465 4 56732 16424 9122 22173 12515 7709 10179 24609 4685
466 4 87436 20045 22650 25645 90 29536 18424 34069 2617
467 4 58759 28505 22930 30603 5942 5126 11375 9215 30159
468 4 46867 8320 17652 15309 16244 1662 4423 33293 16210
469 4 62521 16548 15094 36044 24405 11917 10899 13643 13745
470 4 66464 27110 30033 19370 3743 5672 1795 30928 33695
471 4 74164 14771 31373 37099 25932 32685 1457 8150 6866
472 4 29389 2069 18515 24861 36475 950 6840 8857 10210
473 4 63508 30512 31158 4240 22379 10357 31692 34277 16869
474 4 83987 22395 36703 26303 34469 36016 29256 20270 5471
475 4 52211 13944 17706 21273 34585 13305 29578 16742 36708
476 4 55839 13367 2093 18056 17763 29515 1664 8861 34962
477 4 26775 17784 25717 3425 8595 9657 16045 2603 34505
478 4 47135 22688 2847 9409 2106 5990 33706 20832 21982
479 4 61889 15077 19582 14230 13515 17070 22417 30985 161
480 4 82952 21888 34035 30426 15069 20096 38128 31280 19338
481 4 66209 24130 17370 18510 19225 27263 26939 12859 10411
482 4 66456 33361 18910 33917 27062 3137 9238 12656 16711
483 4 80896 16571 17732 31699 26570 33456 7863 19395 3938
484 4 47255 19291 29541 26281 37231 12845 29346 652 1408
485 4 79103 2640 16951 32096 38288 29283 31253 34860 9210
486 4 62811 1540 9917 14350 25577 32389 31018 30235 17362
487 4 82276 10523 13301 28187 32512 37875 6071 26261 23170
488 4 61635 33628 4627 38673 29764 4723 10786 20 21483
489 4 50994 32299 19992 24165 2412 4020 23361 3259 23272
490 4 62392 24708 2386 11235 17059 12987 33604 29061 19138
491 4 44192 21439 9328 9906 20069 2776 13424 21119 29493
492 4 93992 37535 22662 17196 14494 25467 33472 37293 2320
493 4 74690 38686 18955 31793 429 4067 6123 18817 7493
494 4 66347 30316 6009 21764 22265 29520 37538 1334 30586
495 4 37569 1060 26883 6522 532 25242 13979 14138 6562
496 4 90066 6376 25852 36828 336 37515 10917 31864 16989
497 4 76529 34973 4528 9299 21154 31041 1613 20349 10392
498 4 69203 29894 11463 19826 12091 14751 33350 22033 37937
499 4 56406 10108 10965 24308 1144 32028 10351 4064 30091
500 4 54422 22868 23550 7031 37350 31972 398 6157 18645
