1 10 128347 5559 2251 6637 6325 31278 30590 23012 24059 4204 2536 8360 7113 22649 21427 23274 22477 2337 2830 33124 33075
2 10 159168 34880 35226 23852 25269 21875 20288 3420 87 30025 30106 19880 20480 18172 19118 7735 7643 23603 22360 15519 15717
3 10 156633 30961 31274 19574 18794 26700 25575 25405 26564 20103 19483 5012 1843 32978 33174 6552 7009 21202 20676 7305 7940
4 10 121684 24761 25570 6425 9241 2268 4689 32080 31509 13666 12629 25313 25957 6271 8716 20498 19529 7610 8694 13213 12180
5 10 173701 21248 22795 24313 25619 36973 36873 22731 23888 20702 21899 7671 5902 36803 36775 22897 21527 13350 11174 10439 11283
6 10 168665 27399 27853 9595 7184 37242 37235 23474 24213 17567 18758 29053 29421 11864 12976 31437 30776 17321 18361 5880 3501
7 10 146337 26794 27461 18024 19541 27950 28032 12853 11290 23992 23550 35007 34870 6757 8469 4151 2970 5294 5100 22100 21449
8 10 149778 31667 32005 3917 7042 25771 24599 12446 14973 14669 16086 8471 6051 24855 24554 10082 12558 19443 18720 35902 36142
9 10 166316 16906 17655 24686 25930 37380 37302 7794 8257 30973 31390 29960 30363 2629 5075 8807 9506 18729 17136 30031 30503
10 10 192464 34290 34531 35042 34745 33518 33662 15824 16066 7118 5599 15936 14388 24303 23328 29187 28744 14757 16610 30605 31084
11 10 130941 2488 2312 7263 9803 21575 22546 24534 25078 18382 19891 15434 16684 5084 6651 29797 29950 2421 1571 36699 36604
12 10 159061 24657 24526 10205 11892 10945 10579 26139 24990 34433 34557 20427 21958 8966 9765 25000 26033 12529 10203 25526 24656
13 10 190389 22301 23312 25434 24748 13261 11296 23156 23160 33391 33902 29055 29328 33007 33105 11928 12986 31949 31910 14505 14164
14 10 170865 10841 12786 6459 6964 36111 35952 38308 38324 10242 10339 15381 15394 37552 37663 17686 19755 7147 9740 33855 33906
15 10 164228 7133 5439 8733 7528 17917 16762 16777 18722 8431 10104 15772 14599 36475 36285 35156 35026 25656 26744 33235 32868
16 10 155720 11617 11001 27113 26178 7079 8404 19761 18928 31927 31762 24420 24531 32548 32498 35800 35714 386 2736 4000 4407
17 10 120052 13948 14112 8613 8299 24413 23432 11385 11539 7845 10813 11126 10850 30538 29857 4770 6698 6449 6383 30978 31476
18 10 173896 18563 16755 31337 31811 15534 15382 17547 19059 32687 32227 38326 38342 15564 17012 23773 23605 9900 8382 14140 13140
19 10 131018 9401 11903 34417 34801 25909 25903 12073 10328 2393 393 14846 13175 4598 4653 31193 31748 12588 12574 16355 17643
20 10 165200 27101 27800 14873 15913 3395 1796 4601 4209 38306 38289 22149 20854 10165 10757 15508 14273 34014 33898 36389 36336
21 10 152630 24067 23953 19340 17565 25487 24183 35926 35782 10380 9411 13454 14346 35225 35082 9971 12806 13160 12222 3778 309
22 10 140964 21953 22427 12363 14640 6570 4268 10952 11394 35535 35759 2086 536 31596 31016 2245 442 37752 37716 15154 15617
23 10 199422 10684 8952 28864 29455 34647 35054 12542 9952 30474 30357 34734 34637 10066 8398 24457 23309 37275 37234 25535 24234
24 10 132166 16579 17789 12204 11268 37980 38032 2 3313 20752 20711 2738 213 20610 21354 30224 30799 21549 21027 2570 5916
25 10 157767 4624 6484 21552 20353 24453 25581 33855 33828 14912 13853 32363 32327 19387 18308 12395 13788 28241 27598 5427 6394
26 10 215735 37631 37651 34123 33824 22879 22712 5820 8343 25264 26350 18303 17492 36967 36923 38667 38668 24549 24495 25466 24359
27 10 109252 29662 29825 6344 9297 7249 5533 9604 9744 6657 6618 37179 37171 5903 5378 6375 5986 4602 4633 22991 22333
28 10 178828 14898 16858 16599 16246 29700 29014 31538 31339 30168 30886 26974 27285 34680 34921 6517 9078 1944 4519 30517 30377
29 10 160448 3867 2998 26874 26729 34748 34925 15194 13548 28486 29153 20742 22096 6282 9252 4461 7225 30860 30078 29047 29621
30 10 173900 33475 33927 2900 5869 12300 10912 27501 26503 15959 17958 36159 36333 23015 21566 7739 6708 31708 31450 26619 27505
31 10 143834 33283 32744 14547 13255 11492 10382 6204 8012 7712 10207 30458 29909 7633 8604 17389 18591 35828 35634 15247 14002
32 10 122001 3546 2923 11492 9089 30561 30412 16046 18109 7427 7827 610 2876 37871 37834 29173 28486 5223 4754 10553 11260
33 10 169625 30705 31360 19862 19729 29058 28669 28549 28259 21018 22670 13483 14051 1245 941 33409 33213 33299 33381 1404 1892
34 10 143646 15499 17154 33685 33873 17862 19502 23857 22972 7044 6734 735 2371 20369 20842 19107 19791 17440 15699 23960 24024
35 10 151864 10559 12947 20501 19108 29731 29265 1276 2951 4039 4205 7235 8989 21963 20429 37805 37817 19786 21329 36935 36807
36 10 116244 5550 5577 14101 14158 36040 35942 2867 3528 6787 4415 28975 28694 10981 9403 20334 18988 1481 4223 18189 19620
37 10 150350 35809 35994 17664 18658 32242 32776 5469 7350 26860 26872 10093 8546 12369 12146 11866 11946 34174 34541 1392 1591
38 10 154454 14058 12726 2485 4341 22042 23529 31420 31741 9114 7704 16869 15251 25728 25392 35056 34857 21568 20046 14728 12347
39 10 102061 1644 4425 14526 13866 19581 19443 23450 23231 7143 8849 19426 18526 734 1937 34010 34337 2569 740 4494 6803
40 10 163140 10080 9614 33603 33925 36665 36694 34751 34839 4719 2153 17949 16891 20885 20829 12815 10519 26060 25575 6398 4973
41 10 166292 38534 38541 9139 7108 33784 34023 38293 38306 36753 36791 2981 4065 20483 21186 6024 5551 19109 20025 2765 5252
42 10 213516 27643 28562 31404 31962 14379 13372 37433 37363 37348 37356 34800 34874 17851 16101 13302 14075 26594 25574 26141 25024
43 10 126628 99 490 917 1053 29293 29024 749 2832 715 3136 26825 26986 27392 27708 37441 37316 25246 26510 9609 7385
44 10 120458 23494 22256 29160 30098 3175 2230 22183 23806 14498 16623 25076 25065 314 432 3871 6648 11141 12435 17661 19450
45 10 140686 1236 2134 18735 20506 10842 12151 33641 33858 18921 19964 918 223 27922 28109 11598 11095 22325 23608 29720 29061
46 10 193603 12160 13290 37887 37826 30041 29368 24383 24735 14928 15553 36007 36102 28672 27936 18119 19660 35105 35122 4702 4666
47 10 128380 29847 29189 31519 32203 20775 20750 5206 4573 23005 21549 3828 5550 12034 13593 4579 7023 9156 8507 20526 19869
48 10 181767 32036 32374 26380 26506 16458 18382 11464 9648 37363 37335 14261 12794 38562 38547 14723 16348 17395 16663 18567 18811
49 10 165562 37476 37486 21332 20593 5414 2217 20886 22193 30639 30221 38390 38366 11747 11463 33503 33994 4438 6742 3128 2878
50 10 227471 12994 10852 31731 31748 35155 35076 36122 35942 38654 38658 30324 30809 34186 34619 17424 16844 14302 12292 33447 33722
51 10 153487 17281 16807 574 2845 8427 5620 36449 36570 33683 33346 9892 7920 36065 36042 899 1156 19342 20010 29247 28333
52 10 161697 11160 11901 14951 15994 17770 17131 15394 14055 33164 32623 29619 30497 15886 15686 34819 35201 22452 22365 6907 8711
53 10 158714 35762 35549 35187 34949 25418 26305 2426 4950 13050 15043 26092 25378 16229 15294 6034 6003 7617 7639 30578 30935
54 10 150394 11565 12421 24664 23511 34810 34485 13507 12702 15702 15420 16643 14792 27274 28077 5019 6218 36791 36621 2018 5053
55 10 163262 28539 27924 35165 35153 4530 7575 20504 21853 3016 6069 25308 24772 35453 35710 4283 6619 14830 14360 32450 32887
56 10 104250 17563 16038 19623 20904 35593 35884 4817 3829 6698 6822 233 1560 22344 21037 8559 9981 11668 13632 3215 6454
57 10 106570 5334 8091 27215 27105 13330 11585 8575 8460 16451 14558 5753 5276 17504 19286 4937 4952 12929 14326 21185 20683
58 10 153616 23363 23590 11530 11742 26885 26449 27307 27592 36698 36895 15070 17104 4144 6602 17715 18671 10490 10499 18818 18744
59 10 154236 14126 15537 2853 6266 4505 5716 24866 23981 28461 29080 19331 19546 22585 22201 13889 13734 24720 24653 37460 37410
60 10 147569 23098 23879 7254 4235 27082 26694 36618 36666 4407 7779 15045 16654 5484 3975 33120 32812 4340 1696 28014 27180
61 10 141928 24989 25879 14360 16763 16978 17741 19956 20186 29189 29390 1185 1876 1379 1785 30557 31089 25454 25969 13363 12458
62 10 160827 23082 24642 29659 28760 14766 16808 29076 29235 30183 29712 2009 1278 420 1458 5965 7306 35574 35418 30300 30504
63 10 139062 20820 19805 9423 10202 35577 35631 18945 17063 24932 25339 7218 9808 4751 2571 29191 29060 1770 307 21201 22866
64 10 110166 3690 3775 3836 7173 15353 13800 3472 5853 10519 12118 9568 8181 7684 9290 28227 28656 31249 31620 24110 23178
65 10 134228 9832 9085 18693 20564 15148 17471 38613 38612 12166 14176 22847 23028 8533 6175 5892 3842 1441 2786 34621 34634
66 10 176431 13608 14744 35073 34961 20989 21646 18263 19163 32902 32879 18329 18388 3153 991 29310 29504 36718 36809 12194 9820
67 10 193478 34063 33890 15260 13286 19742 19884 30714 29927 17762 17212 23151 22732 25792 25392 32256 32160 4838 3187 38270 38276
68 10 114476 17892 16557 30787 31119 3242 1171 9494 12283 26129 25005 7207 7408 9445 10249 4828 4102 20000 21209 14071 14432
69 10 169903 21162 19419 17311 17923 10035 10518 11809 10443 30954 30279 29266 29668 21470 20866 26182 26911 37861 37941 6329 9033
70 10 112424 5623 4694 18063 16857 8021 6658 28494 29461 814 2098 22382 23842 14615 13980 17612 16288 17288 15481 7618 7374
71 10 133809 36490 36634 8461 9693 11569 9572 20343 20812 24934 25596 14260 12985 4116 2423 21185 22016 609 1397 25295 24098
72 10 192087 9456 8776 8876 11105 25472 26007 19090 17792 28971 28360 35056 35032 36582 36766 32581 32662 20586 21960 23439 21966
73 10 142011 6558 9134 38536 38547 6305 5758 3954 540 13741 16099 6740 9781 37086 37123 5996 9027 27185 27159 31413 31226
74 10 203524 36299 36066 24357 25069 21244 20306 20885 21999 16308 14306 32721 32891 33924 33838 30977 30707 24171 25511 13520 11206
75 10 142926 10652 13229 27899 28182 10410 11215 35308 35258 21096 22687 14141 11865 2247 1593 30164 30202 15461 14534 11280 9939
76 10 134260 27317 26587 14222 16024 1277 1221 7914 5798 22989 24086 9395 11573 34026 33994 26752 26432 8773 11402 15160 14778
77 10 154116 19751 19907 19333 20454 32490 31914 7053 8073 15358 15295 28503 27654 7589 7038 13011 14981 13460 12322 36098 36316
78 10 114928 21378 21321 12698 10359 24720 25352 837 1195 31296 30777 15722 15963 17534 16317 5102 3033 1902 133 12472 13390
79 10 154138 22019 22078 23804 25044 38004 38058 14453 12762 24431 24968 8391 10213 16833 18947 5402 7396 14646 14326 24690 23673
80 10 147278 27494 27120 24135 24516 28357 27610 8134 9467 29525 30410 17677 18964 2182 4398 27888 28237 9841 10706 8865 7373
81 10 150871 321 757 15397 14511 559 1458 34038 34459 31469 31036 24614 25135 11739 9582 34286 34709 14487 13931 21679 22301
82 10 151400 7781 6104 22010 22358 35846 35872 10963 10556 5942 8829 28833 29816 17900 19817 29990 29152 14258 16042 15727 13654
83 10 136377 29134 28901 22587 23632 409 2139 1718 1512 1236 513 19352 19665 35349 35513 18479 18270 28691 28112 13517 13558
84 10 205575 13238 13849 6905 6568 14394 15915 35087 35132 36418 36332 32540 32190 27050 27680 27198 26119 34753 34669 29386 29602
85 10 105896 3177 3440 18933 19312 25606 24636 7765 7143 6938 9093 15849 15320 18157 20122 2382 4306 5825 2986 27739 27822
86 10 176646 35735 35706 29832 29533 35651 35920 8261 5357 30959 30580 5464 8770 27257 27871 33853 34171 6130 5261 7666 4829
87 10 125336 6266 5810 12811 12625 23260 23591 176 2874 31067 31721 23203 23660 1884 1340 34200 34436 7346 9531 16457 16025
88 10 104340 12772 11588 244 1420 1719 540 2662 3278 31863 32006 25182 24680 19940 19337 11210 10224 24481 25380 353 155
89 10 133057 20868 19956 22784 23111 14453 13387 10011 8741 15380 17235 4772 1527 14570 15972 19569 19986 24775 24588 19140 20728
90 10 175781 14297 12329 30516 30864 10136 11723 31913 31287 12585 12285 23932 23451 12581 10485 37584 37566 31886 32108 14297 12172
91 10 167164 23798 24395 28106 28962 4683 6361 31944 31790 10360 12424 17813 15980 37295 37393 221 710 34971 34971 19765 18246
92 10 186585 28651 28288 1740 5365 16870 15596 24660 23571 34628 34691 10431 7887 23791 22773 22363 23006 37610 37542 32488 32559
93 10 169843 32622 32245 28165 27130 13332 14171 24308 23325 5778 8993 25205 25907 14422 12615 37201 37138 27129 26396 4142 2178
94 10 133066 25597 26292 3676 6885 13266 13470 396 189 33608 33615 34603 34683 20190 19027 14127 15499 3241 265 17629 16876
95 10 150971 5360 5014 6896 3754 19958 18733 27658 28575 24461 23895 21562 22972 20452 20187 7043 6878 27599 26646 27725 27643
96 10 140842 20648 20406 1951 3309 17295 18582 20668 21212 21288 19578 21058 19863 19534 19176 25672 25429 27497 26496 442 3220
97 10 147111 28877 29624 9569 6995 4818 7182 2885 1786 6442 7709 30896 30724 34442 34703 38051 38056 2848 6136 25061 25478
98 10 173168 7686 4780 33494 33816 11366 9788 38396 38378 25039 25275 13887 15187 31374 31082 3654 1945 15339 16439 36225 36346
99 10 159006 28550 29438 4616 2961 23479 22068 32495 31987 27460 26566 26617 27117 23430 23814 2744 3972 16034 17407 13333 12857
100 10 182691 36886 36909 18331 19686 31320 31303 8985 8006 32657 32344 16002 15918 32982 33144 11324 9010 31168 31617 8709 11289
101 10 156525 4075 1989 24745 24351 21517 22316 15334 14592 10770 8947 17877 18552 25840 26673 32642 32374 17037 17766 25820 25639
102 10 153420 22304 21512 108 3450 37960 38018 12727 14500 31565 31658 29730 28891 21826 23045 13938 12068 21238 22388 380 37
103 10 180630 22413 22028 21880 22723 22562 21336 20926 22252 34030 34085 36157 36265 32508 32897 365 710 12322 13770 22625 22308
104 10 168326 16478 15969 31463 30762 38708 38708 26989 26146 7962 8385 6206 7562 12072 13514 33969 34181 10591 11952 25970 26429
105 10 148896 5740 5764 13879 15434 14969 13584 28878 28665 27300 27972 4556 1144 33175 33224 20045 20999 19064 20806 18514 17657
106 10 151826 5046 5699 27824 28250 13549 11314 34438 34119 1419 2730 15742 13846 28197 28292 36573 36585 5415 3261 21580 21632
107 10 170928 15101 15329 36827 36887 33443 33178 22008 20401 14070 13267 14464 14088 12816 13454 33219 33326 26842 27289 4870 1812
108 10 115322 12040 10169 27793 27103 13008 14981 2420 5852 9696 11939 3595 1187 23916 22863 4062 2646 9529 9604 38094 38137
109 10 137499 7775 4700 38120 38071 4325 1326 12158 10446 25232 24973 33255 33068 11772 12427 15354 16493 6800 4707 17083 18710
110 10 130408 19785 18971 12928 10350 25789 26226 18479 18499 17219 19163 5770 4715 19393 18527 18682 18227 19129 18579 5837 4918
111 10 155652 33194 33009 8493 11489 15044 16595 20443 21322 19067 18512 35530 35224 17292 18622 1409 3971 29540 29812 14554 15563
112 10 142864 22659 23344 22117 21176 11510 10843 58 2322 14070 14409 33022 33260 33064 32925 7030 9684 14064 12979 20986 22665
113 10 147564 6798 7732 17064 18819 36195 36415 19292 17880 3228 1246 17641 17343 13244 11317 4780 3543 38549 38553 27665 27485
114 10 184624 11249 11947 25935 25926 34365 34148 29073 29226 32887 32494 12506 12357 26087 27086 19053 17482 4681 4095 34944 35240
115 10 152589 38344 38329 20142 18370 9638 8808 8948 8026 9466 9233 9202 9304 29921 30525 11654 12489 18493 17930 34929 35199
116 10 139468 8317 9922 30714 30602 2685 4996 11904 14015 7926 5811 18840 17413 16878 18902 16760 15503 28650 29050 31661 31617
117 10 165563 9521 7671 11962 12411 34356 33984 23182 21649 16776 17375 11744 12552 21045 22414 15604 14844 27755 27204 35009 35111
118 10 135088 12400 14626 38041 38031 11161 11353 1513 49 24930 25640 10701 7901 3426 1676 31972 32621 28535 29104 6181 5724
119 10 175837 6898 9919 29196 29556 29742 29527 27511 27459 16488 17923 33203 32940 15330 16429 24859 25281 14470 13336 22100 23290
120 10 96711 13549 15791 15286 14026 3171 5161 1169 4401 13670 15618 1159 99 13351 15623 11121 13825 31222 30821 17191 19329
121 10 142412 9234 9445 28093 28535 24842 23502 2962 4136 4203 1037 37064 36953 7014 7153 8940 11201 22724 23251 32940 32688
122 10 176799 37936 37894 33304 33586 25164 24505 31635 31525 6828 5052 14041 12783 14505 12728 17196 15088 22010 22204 18380 17426
123 10 168538 18714 19302 23422 22248 21692 21739 36159 36044 1051 3989 24398 24625 29875 29025 10346 10266 28701 28482 16315 17181
124 10 166792 35013 35130 29907 30171 14765 15012 7069 7804 28458 27809 5581 5211 26132 26148 35764 36001 12035 13003 13767 13578
125 10 194447 36955 36823 17706 18111 7717 7979 13898 15772 30167 29695 18217 17985 34563 34591 35858 35909 26825 25665 21153 20167
126 10 96234 18353 18663 21081 20503 7074 5734 4702 1805 5927 6523 13017 10964 13929 15205 4724 6978 12054 10618 19432 17889
127 10 176899 16813 15557 5975 4700 17511 18822 32788 33006 32423 32077 32894 32878 31893 31379 3794 3154 16737 14765 30296 30566
128 10 181267 10634 10200 23918 22539 26140 25219 35453 35715 5751 4820 28219 27346 31620 32248 30598 30826 31548 32161 2703 2200
129 10 145394 10687 12829 1135 212 3674 1026 22895 22051 26177 25388 36153 36308 14761 17025 35539 35689 6346 5500 24376 25223
130 10 187734 17767 19500 24315 22900 28908 29441 26501 25438 38608 38611 29631 29538 31876 32116 22975 21953 10253 12291 3834 1303
131 10 152135 19002 20748 38293 38283 5495 4834 19258 18677 3762 6106 23800 22556 18132 20166 31103 31710 18550 17956 12774 12207
132 10 177778 27908 27161 27414 26407 36561 36672 32168 32538 19429 18395 3897 5989 2843 192 37587 37572 11385 10974 23031 22513
133 10 133948 10068 8365 37145 37140 6917 5460 18409 17811 35108 35096 2243 3144 15825 17933 6385 5184 3816 5963 31519 31014
134 10 114021 4005 6069 11492 13111 390 2349 21460 23168 2384 5039 5146 3764 33829 33430 17047 16025 8186 9012 38588 38598
135 10 162529 2541 4894 33899 33502 32876 32887 36789 36950 37788 37711 2646 5521 12320 13698 14340 15544 4404 1279 25559 25710
136 10 106985 31526 31076 10312 7609 9849 12102 24178 24659 7564 7920 11082 11299 20144 20648 156 1834 5666 5580 13255 15236
137 10 119439 29510 29236 12687 12222 15223 16724 9168 10290 5170 6149 1802 971 36137 36054 4098 2236 9684 10815 25820 26755
138 10 193955 22569 22164 33477 33317 22276 22019 37880 37930 1928 3714 19373 21186 37168 37271 27197 26985 20760 19679 19816 19120
139 10 188422 2109 491 9023 7717 28692 27703 37578 37601 30606 31339 29727 29590 11594 10384 27809 28178 32984 33366 25406 26432
140 10 159628 14669 14942 36746 36813 22494 21346 11183 9320 19633 21181 10869 11630 2849 233 17533 15576 29784 30575 33775 33921
141 10 176671 37327 37426 19362 19171 18762 18958 23064 22642 674 944 29824 30670 4014 7334 36399 36441 25952 24869 25461 25180
142 10 154717 29536 29013 31491 32158 18191 16899 9313 8681 1196 1545 27517 26750 23090 24540 33402 33552 19429 18433 232 122
143 10 192355 37803 37849 26835 27681 9047 7474 30427 30940 30549 30074 8097 7101 31471 30765 20885 19858 11437 11176 33893 33912
144 10 113676 3688 6415 14231 14818 36165 36124 5183 8137 27324 28242 1487 2200 7266 8573 24297 25486 6867 6110 15588 13943
145 10 124504 30495 29927 5186 7355 11409 12040 30919 30978 20755 20705 4919 1798 5130 5587 18909 20512 12667 13746 15242 13743
146 10 171893 13503 13823 34996 35085 4767 6108 7155 7890 11094 9191 36632 36694 27028 28186 26074 26397 31258 31415 22360 23206
147 10 172388 34387 34037 14046 14994 27987 28908 17779 19071 21929 22237 32374 32270 3075 3988 17279 16675 21992 23275 24638 25422
148 10 233129 30366 30554 31329 31424 26731 25829 35041 34826 19787 20976 35164 35098 30836 30255 34942 34976 27108 26519 20108 20349
149 10 132814 565 610 13410 14508 36905 36915 867 431 34498 34739 4533 6138 13046 14487 37501 37497 10773 11051 13920 14960
150 10 194641 11556 10460 6332 3358 36071 36008 36317 36319 31301 31699 37498 37377 21538 22098 6351 3763 26920 26090 29418 29289
151 10 128378 8747 6008 5667 4892 8008 7646 3050 4092 4728 7334 28087 27054 15420 14955 31562 31645 21099 20430 34105 34014
152 10 126434 10054 9854 21782 21704 23796 24631 5171 4891 14970 13701 11977 11748 23247 23718 15482 14228 27098 26934 4466 2387
153 10 131781 16399 16654 10492 10258 21580 22689 5907 8171 13641 15921 11 954 37161 37145 3096 118 33819 33581 22621 21226
154 10 140290 15520 16334 22029 23035 17824 16266 30581 30228 11661 11125 3674 1145 36787 36603 3206 4256 7360 7475 26721 27685
155 10 158579 29728 30128 12525 11562 6191 3669 35290 34969 17778 18601 33744 33972 8373 7411 18956 18595 24927 24183 10712 11623
156 10 167048 18281 18830 26355 26874 28885 28240 12692 12297 25363 24699 18802 18334 13666 15948 9447 8143 37086 37016 18234 17489
157 10 155353 24758 23553 15290 16699 18355 19341 26840 26240 84 851 29411 28709 30397 30405 11956 12569 8929 11607 28172 28240
158 10 213452 4612 5758 23585 22645 37871 37950 33496 33015 32478 32566 35001 35366 26886 26375 29919 30437 30962 31599 12005 10101
159 10 143457 25659 24689 28562 28837 2110 4270 29388 29817 4366 2142 30644 29976 38677 38674 4383 2752 1635 198 13898 15527
160 10 129600 2259 3408 25893 26167 36990 37086 291 243 6950 5286 38129 38163 15883 14620 17768 17209 4344 2540 13494 10983
161 10 138228 1703 3531 1018 3155 23362 24708 22348 21636 38683 38680 15357 17061 11822 12239 16767 17490 18776 18476 22949 22123
162 10 176454 37293 37353 11913 9489 4702 3253 30824 31305 35917 36027 23528 24067 31815 32156 6024 8045 30154 29844 8398 6801
163 10 115631 21288 20107 7901 7919 1694 2800 26699 26100 21286 20482 9599 6877 22073 21087 6318 8114 12196 13542 15485 17582
164 10 187468 16961 19025 26837 25859 35404 35579 12555 11947 33230 33686 33181 33434 7457 4644 25543 26738 10729 9713 32438 32057
165 10 153723 29595 29308 3077 963 21873 22640 31877 31805 21925 21277 19874 19312 29289 29778 7365 8127 14307 14861 12972 11302
166 10 181812 15699 17544 34905 35056 37670 37625 31733 32092 28084 27967 27605 28680 3595 6608 9113 9257 31019 31170 7843 9941
167 10 179428 12726 14900 30201 30431 35281 35013 5643 6827 4246 3999 31270 30944 37392 37471 2196 3751 33794 33816 31537 31657
168 10 171272 37428 37478 37049 37093 3978 3662 26142 25423 33153 32680 6122 8680 12559 10384 38012 38071 2894 6022 16753 17637
169 10 160260 3188 4306 24670 25070 20785 20800 4213 4281 33326 33561 19269 20718 16685 14949 22078 23292 19596 20998 36516 36554
170 10 132555 14576 14714 31609 31658 6835 8507 21521 21788 28271 28906 17594 18589 5984 3092 29634 30184 9531 9581 139 1549
171 10 112852 6520 7657 1838 4279 35192 35509 9876 7260 6479 3293 32007 31447 17850 17514 24215 24903 6087 8290 1002 2862
172 10 120593 22760 21799 9984 10807 10729 10481 16297 14399 20661 20192 4015 5542 32964 32627 9899 9402 15601 15021 7832 7674
173 10 152236 24964 25655 24155 23729 7746 5674 12229 13843 23912 22837 16819 14924 18748 20394 10086 7863 32083 31736 19554 17838
174 10 193609 37160 37079 9244 7240 25802 25337 36674 36508 18281 16985 27323 26677 34856 34633 5231 5934 32771 32529 14670 16622
175 10 184516 36678 36719 11296 9361 33219 32838 31023 30965 11546 13712 23197 23697 4125 6293 31973 32259 34845 35008 12743 10452
176 10 198652 24450 25697 26892 26571 30911 30371 30495 31144 33899 33931 3266 3959 18685 19826 32575 32140 21888 22728 25254 25067
177 10 177837 34180 33912 37207 37180 7187 4982 30897 31474 17733 19192 28367 28562 18245 18953 28953 29869 3095 2676 16433 15058
178 10 167961 5349 3484 36456 36414 21084 20707 23586 24880 11124 12217 11419 12538 37701 37779 10591 12674 16676 18313 35966 35697
179 10 183086 36317 36268 12508 13107 36739 36921 32727 32409 24450 24795 7294 8341 29838 30388 28726 29669 5697 4997 14562 16957
180 10 148087 27817 27161 19731 21283 9941 8633 15052 15826 2489 3660 37855 37867 4476 7312 37907 37941 875 2621 28966 28352
181 10 149301 32748 32432 8511 11242 30880 30111 20612 22053 5839 6564 10513 12253 19978 20725 9172 8415 17299 17105 31075 31307
182 10 145460 769 4109 34825 34873 30918 30236 23730 22713 12304 10633 1817 4547 36138 36193 12684 12737 26658 26182 1982 246
183 10 172404 11036 13327 3307 2043 22689 23000 28919 28848 36398 36292 30914 30931 17190 17770 8695 6769 24021 24624 32337 32321
184 10 145578 23195 23704 1863 3841 2835 6120 32407 32526 8857 6868 25895 25691 12216 10403 37387 37367 16770 18953 20548 20226
185 10 156440 10181 8656 3815 2289 30324 30780 8502 10050 17679 18003 38589 38584 13363 14784 36099 36264 14262 14228 22736 22004
186 10 172324 669 3540 31147 31622 15487 17478 23456 24167 6657 3990 20328 19874 34986 35029 26459 27392 20669 20585 35547 35296
187 10 140284 27073 27726 1752 2476 30809 30305 10558 12085 10130 8859 20019 20940 9699 12032 3396 4172 34390 34307 27529 27214
188 10 95044 2996 1948 4780 6911 21054 22776 11530 9217 13228 14164 28572 27662 26589 27424 2305 4933 3876 4661 3876 4116
189 10 159313 11526 13570 30715 30657 18324 18927 31621 31544 25824 24806 24553 23357 24494 25838 8768 7292 4897 2034 18420 17391
190 10 225822 24152 25089 25393 25905 13885 15611 36894 36880 31956 32237 31220 31073 38134 38082 21043 21818 34037 34406 25564 25983
191 10 116957 6438 5926 8837 10692 19399 19902 23664 23812 1597 4923 75 2933 28357 28982 11232 8596 35253 35497 11345 11966
192 10 187870 5977 5289 24001 22565 19325 19068 23578 23187 28990 28867 28017 27337 24273 25562 31705 31377 22130 23702 26842 26249
193 10 165679 14416 14575 17617 15707 35768 35545 19449 18216 3856 3809 13343 11077 31195 31616 31869 31346 33251 33194 6335 7266
194 10 148320 23932 25347 15469 16518 10652 10488 26316 26604 32298 32158 36291 36161 8893 6791 14470 13623 15263 15195 1817 2226
195 10 186816 30999 30801 29333 28456 35611 35349 3062 283 34601 34450 32268 32304 2521 5214 3822 6628 29364 28762 31940 32188
196 10 159423 37351 37305 11779 10010 21931 21317 3931 6907 36260 36025 1883 4701 13968 15113 24698 25121 10334 10264 37144 37036
197 10 93323 19442 18655 6494 8633 5534 4652 8787 10881 6903 5280 25383 24840 14270 16203 10991 9295 11608 11591 7242 7759
198 10 145671 32775 32857 25074 25928 7171 4524 6459 4502 15247 17172 11138 10396 21640 21026 35483 35234 23712 23874 3390 4173
199 10 160923 19223 20340 13174 14124 32613 32433 17171 15577 33056 32597 2623 1010 27346 27955 4836 7566 33676 33432 17436 15684
200 10 134618 13199 12098 16424 15524 15795 14972 32494 32334 18986 17463 12789 13611 26844 25770 13761 15109 15373 13644 2608 4574
201 10 168644 35856 36086 5396 2504 6492 7235 33064 32658 21574 21590 13861 14464 4585 5027 35491 35723 25162 24794 29325 29888
202 10 143216 13957 15872 3250 6635 36840 36734 1978 3758 2666 3041 36642 36481 11147 10360 15731 17746 25060 24386 31749 31381
203 10 180098 30921 31608 29126 29279 21225 21970 8406 8627 21306 22271 1809 924 37356 37389 14098 13408 24382 24063 36494 36555
204 10 151609 22031 20960 10224 9868 18238 19327 25186 26231 13063 11068 5110 5451 24496 25228 31744 31850 36102 35846 3318 4300
205 10 141712 20713 19233 3442 1997 3643 1570 5779 5326 21750 22888 25246 26579 29187 29232 26659 25881 32618 32111 8104 5452
206 10 116633 13479 12033 18449 19899 5575 7886 6181 8896 4953 2648 32899 32519 20283 19384 5615 3077 31512 31103 6846 6363
207 10 131806 3336 5500 14636 14189 9142 8465 9781 10556 35540 35272 11528 13081 27361 27486 37769 37784 10207 12095 5458 6667
208 10 162610 31283 31454 3419 2546 27668 28292 38544 38540 17736 17987 2333 1772 7756 6251 8315 8803 31331 31868 34878 34859
209 10 120124 7226 8973 12009 13514 29874 30124 3084 3564 24061 22864 16735 14555 2459 2260 6483 4048 30995 31153 17229 18891
210 10 130338 33501 33198 1158 601 23422 23833 6581 9009 23934 24706 3991 4551 20073 20169 36566 36647 384 2896 13313 11127
211 10 154092 25171 26028 9136 9694 22086 22332 28086 29017 8881 9728 7402 10086 34893 34917 33209 32862 20498 19527 3254 5483
212 10 140924 26743 27329 32383 32026 1419 820 22218 22131 13506 13912 5147 3198 36022 35955 17961 20030 10176 12102 10580 13309
213 10 169030 2983 4637 37274 37376 29594 29687 23549 23392 23693 23456 10556 12271 15063 13270 17819 18496 35835 35917 14922 14188
214 10 147456 34605 34867 25068 25584 26135 25405 27018 27124 3887 2752 27253 26678 10150 12911 8031 7789 3685 2481 18489 17008
215 10 144175 5155 4306 22591 23410 13974 15380 24967 26157 11899 13840 26325 25993 15274 17463 37568 37586 19584 18166 2882 5422
216 10 122232 17451 17998 4394 2614 10726 7956 6840 9077 32745 32460 26489 27511 5379 5160 11192 8977 35621 35773 1953 5204
217 10 130464 5157 2438 20383 22166 25203 25624 1414 102 13787 11706 13291 12798 35460 35650 12018 14570 35848 35782 520 365
218 10 112875 13654 14789 4313 1425 12791 10220 6583 4051 11103 11396 15140 14189 6355 7057 29776 30077 18413 18275 22966 24404
219 10 172534 26372 25719 13337 11403 12084 10941 38643 38637 22744 23981 8223 9969 30273 29599 32133 32435 17547 16560 14312 12788
220 10 184749 33957 33995 20884 22113 16340 17887 23624 23784 17258 16586 11433 9986 13911 12710 27619 27361 36673 36602 29238 29063
221 10 207619 19745 20347 25758 24542 35346 35031 21902 23361 38196 38163 19214 18975 16596 15160 29336 30237 34606 34401 18825 19033
222 10 163204 37636 37538 15943 14777 2549 4329 10180 9174 32538 32225 20192 21930 19714 19054 30574 31181 14735 17090 19944 21128
223 10 191072 38157 38113 20731 19683 27229 27014 28206 28111 4999 4341 38315 38354 33954 33875 24297 25205 17128 16840 5824 7116
224 10 176988 36469 36334 11716 14115 38046 38110 20029 18705 2314 41 37635 37571 20593 21989 12533 12700 29801 29932 12099 13014
225 10 132444 18149 17510 31727 31097 1754 3110 18406 18880 10374 10645 15119 13419 17898 18240 526 3688 26706 26446 24897 23912
226 10 166143 941 3206 29681 30022 34000 34288 29465 30295 3227 713 12319 12727 21893 23267 24422 23193 30865 30197 20866 19585
227 10 159226 25114 24217 19542 19151 908 3116 32595 32006 30995 31118 12316 11147 12934 11814 18742 19636 34494 34731 11393 9116
228 10 145356 18884 19202 37073 36953 4550 2153 27657 28235 1422 4887 16895 17619 26582 27486 3762 1842 19108 17273 25762 24728
229 10 161453 24458 24611 23878 24097 24036 24913 9055 10427 36554 36683 9964 10518 29306 29284 1450 3959 31338 30679 11778 11552
230 10 144304 13561 13057 15370 14443 25378 25951 1123 791 19906 18380 27166 27850 1938 2455 35461 35474 2319 145 38158 38162
231 10 195577 36714 36665 26204 25632 30520 30113 3166 4257 35546 35428 7590 10557 26351 26640 16758 14609 33727 34092 27896 26899
232 10 165080 17451 17538 18368 16795 37711 37783 26450 26190 25921 24887 31294 31819 1981 3991 31020 30812 9449 10805 6705 3938
233 10 171184 22875 22293 21043 21959 33093 33226 5314 5649 28491 29440 25732 24720 12497 12937 25081 24749 4094 1739 35761 35591
234 10 156780 23947 24687 4447 4791 9468 11871 25009 24368 7502 7432 1795 3348 33193 33158 32277 32184 34751 34423 23586 22509
235 10 163008 34497 34894 27356 26875 15775 15902 6910 7007 8701 6194 37199 37175 2449 5269 25468 25871 37444 37551 7961 10003
236 10 150864 3736 4449 8437 7917 2488 5825 37055 37138 35557 35420 23678 23631 23159 24580 17090 17975 32202 32191 5178 2241
237 10 179294 10979 11483 32228 32865 38429 38408 12491 11561 3733 6938 17281 18634 33672 34012 9227 9118 33516 33224 32562 32536
238 10 132198 20227 20416 29383 28493 29195 29139 11841 9388 8445 8175 7758 7635 3527 4326 22285 21809 15351 17032 17236 18007
239 10 199685 24783 25901 19313 19681 35371 35348 16945 15338 21541 22195 12528 13328 19470 19533 36812 36983 33527 33997 29317 30243
240 10 154749 36019 36269 38265 38237 2393 3568 1944 2017 15631 13460 15531 13376 35921 35980 34111 34566 5517 6629 8105 7546
241 10 126849 5904 3331 28748 28042 5181 2142 1643 5002 29717 28901 38074 38048 24984 24218 6301 6160 7974 6418 10036 12529
242 10 128060 23871 22768 28772 28580 4013 1070 3085 6059 38127 38087 11427 11907 12443 10400 2874 5904 24417 23144 11046 8748
243 10 195585 38574 38565 23243 24450 2396 1814 34474 34622 17828 19759 9250 11066 21038 21029 36226 36319 29626 30023 31827 31537
244 10 188111 35554 35268 37339 37342 19171 20522 12649 14110 34523 34430 10288 9521 31377 30850 29920 29756 13800 13823 10518 7796
245 10 134162 3668 2831 29316 29045 33290 33359 37350 37347 6203 7767 18460 16813 17395 17338 476 1701 1562 5177 19983 18994
246 10 168066 21069 22305 36468 36368 23676 24570 25147 24642 10392 12986 18942 17432 13203 11458 34296 34674 20967 21611 5923 8546
247 10 150064 24305 24889 3271 1879 32070 32307 18625 18316 37831 37809 20487 19645 31190 31866 13629 15664 4188 6024 1985 1472
248 10 156274 21383 19741 6033 7380 29760 29574 18916 20186 28640 29631 4186 1121 26877 25816 359 2433 24000 24368 35189 35324
249 10 130902 23012 24064 1750 5204 865 1947 20249 19563 22426 23183 26402 25759 7828 10707 5551 4638 34641 34852 20904 22344
250 10 106106 4431 4942 11412 13329 1540 207 15547 14469 6337 4282 18413 17884 4152 2276 33312 33800 10128 9212 27361 26225
251 10 128792 401 503 10751 12340 20918 19570 2837 3189 7250 5762 36606 36616 7815 9025 34901 35128 36362 36196 3150 4505
252 10 136904 14870 16501 37539 37535 24357 25318 5962 9070 7835 5714 11283 10648 31738 31615 1160 2788 6835 5386 29551 29448
253 10 146865 7046 5327 38365 38357 20521 21329 9566 11900 15556 16353 36211 36081 19696 19989 9242 11785 1868 1630 25511 24307
254 10 147035 34577 34181 20580 20135 15491 16662 27552 27872 20537 20230 31531 31803 18110 19992 4288 1153 5504 7419 5624 5309
255 10 139726 29166 29919 16377 16936 8474 8275 22869 23950 29566 29133 15300 16313 5917 7706 29904 29908 10505 11313 6580 8473
256 10 156094 19759 19101 28149 28869 31090 31799 25660 24430 7174 4512 20580 20777 22788 21829 7922 7110 5582 8047 26414 25454
257 10 181117 36603 36603 31768 32449 26455 25523 24457 25058 6586 4022 11386 13582 15929 13968 23991 22842 20458 21344 28764 29525
258 10 137461 22919 22211 6789 8481 32988 33295 38330 38302 29987 30195 1165 1279 21669 21743 1988 5438 6933 5854 9059 8013
259 10 93862 20631 22258 4345 3514 825 895 14726 13722 28200 27462 5544 6899 17468 19236 2638 2571 4060 4913 18891 17501
260 10 197656 22863 23704 26346 25374 37885 37862 25501 25567 3088 6098 21790 20911 31814 31667 32294 32335 12365 10408 33125 33678
261 10 121620 20417 19689 14558 14551 17094 18637 9173 9692 19676 21238 24254 23388 1341 3335 24039 24466 3300 5056 18174 16122
262 10 170746 29252 29864 38653 38653 38425 38439 282 528 33593 33223 5559 4630 6872 4829 14981 13216 13717 14109 32099 32666
263 10 172092 35580 35572 26224 25597 38395 38424 22049 23082 8855 9313 18747 19764 6053 6229 22983 23677 30927 30675 5303 6319
264 10 193604 16709 18130 34194 34601 30988 30622 19019 17339 11653 10028 8001 8472 32368 31790 20312 20703 34340 34228 34421 34536
265 10 162984 5456 3401 28287 27617 30346 29615 19856 18990 32752 32237 568 1890 29234 28974 14443 13899 18978 18976 23810 23812
266 10 177317 20277 19428 37899 37864 8550 7908 37279 37242 9580 11468 36343 36341 33691 33322 17904 19818 12616 12168 7508 8924
267 10 134344 20109 19943 13804 12392 23721 24378 5555 3468 12858 12545 26539 25701 17396 16932 11092 13248 19916 20902 16941 16119
268 10 169428 35373 35079 769 4224 29967 29537 16825 18872 22306 20806 34659 34484 6282 8458 25006 25244 19270 19731 21328 21926
269 10 110748 9690 12556 9697 11280 18492 17871 31232 30782 9194 7635 26493 25455 5417 4678 7261 6423 20009 18683 950 1971
270 10 124246 30065 30176 11248 10798 13231 13219 18915 20527 4005 1692 32761 32447 9092 9374 8716 6514 23040 23228 4235 2194
271 10 158152 17528 17197 25613 24653 2715 6183 33994 33961 14105 14543 12682 13739 9500 8473 28555 28052 24321 23886 28677 29418
272 10 119256 27185 28239 30865 31327 25953 25100 15548 15740 3204 4845 3031 4573 19108 18538 17742 18921 1912 5581 4522 4113
273 10 176387 3544 4515 32508 32229 20806 22450 27295 28380 2074 3728 36419 36197 24506 25309 26329 27499 22130 20778 24873 26035
274 10 168304 21617 20534 32176 32309 30073 30397 6541 4372 3881 2869 7155 4370 27117 27816 32667 32784 37346 37435 11808 13271
275 10 159989 33598 33949 10994 10990 29748 29411 23512 23307 15636 17670 27841 28510 967 719 24660 24082 20988 20318 12043 11965
276 10 149196 31119 31766 32672 33264 12537 14371 20443 18797 28377 27598 25280 25445 32009 32082 829 4025 2466 3172 764 1333
277 10 122474 12261 11776 17828 19179 6535 6317 35829 36098 22307 21921 7099 6097 2546 3788 10811 10530 3560 3116 34317 33982
278 10 145846 6061 5017 562 2469 35854 35744 6209 6987 10132 10849 19122 20760 19614 21332 10461 10824 36591 36611 37702 37683
279 10 159548 6518 8757 5320 4298 32300 31948 17776 17322 17540 17566 33600 33817 20510 20634 36616 36611 12262 11178 16994 15254
280 10 123337 3670 1583 22085 21299 12602 13637 10491 8573 23221 22829 31298 31941 21537 19834 1110 1816 1500 2180 26658 27837
281 10 138729 28317 28642 11336 13994 21982 21979 18288 16884 27375 28460 12499 13727 5911 4458 2129 3342 22396 22621 23179 23165
282 10 114387 5341 2360 20691 22119 21254 20834 14598 15598 20874 19398 31618 31824 6965 8767 13574 15828 4595 3675 3474 1122
283 10 101152 2942 598 35847 35971 7425 10100 6382 7112 5498 3594 18079 17870 12080 14736 29115 29178 6634 3868 2438 5560
284 10 131188 11023 8531 3151 3690 21992 21107 16541 14556 12515 14091 38655 38652 14105 11837 4685 5928 18669 16801 22650 22128
285 10 124595 90 2129 18424 16882 37969 37904 2403 687 3937 4579 8111 9579 5942 8351 19210 18406 29499 30317 30159 30789
286 10 157670 15596 15392 23405 23368 16244 18298 30660 30039 5421 6644 16210 14085 22166 22419 15094 13058 25495 25840 26797 26830
287 10 171120 25071 26275 13745 14338 11604 11512 30033 30033 9600 7251 33042 32913 1795 4434 33695 33340 23943 23590 31373 30701
288 10 164712 25932 25052 3579 330 30564 29907 6866 5296 36645 36549 18515 17940 7155 9945 37764 37727 6840 8569 32030 31715
289 10 190042 8202 5721 31158 31749 32489 32587 28357 27509 31692 31151 8759 8374 15541 15178 34475 34854 12411 11806 34469 34104
290 10 164046 29256 29212 19249 17853 10375 11168 8687 8431 17441 16730 34585 34714 1438 3406 21972 21713 36708 36522 25347 26346
291 10 197200 20658 20720 17763 16664 31465 30803 29853 30585 34962 34742 20930 21969 25717 26786 20050 19012 29057 28250 16045 18007
292 10 216354 34505 34630 16026 14119 2847 4691 37534 37429 32724 32725 33706 33667 34810 34863 21196 21583 32611 32618 24484 23552
293 10 138953 21644 21409 22417 21438 6264 3046 15498 15194 25513 26514 8288 5335 15069 14979 32227 32856 7434 7532 19338 20514
294 10 135111 8049 7734 20204 18758 19225 18429 2958 4359 25855 24982 10411 11190 5353 8041 18910 17420 22347 22998 35577 35484
295 10 136344 26058 25470 16711 17828 22143 20622 17732 16394 47 1488 5258 2940 7863 7857 22075 20750 24423 24428 28121 28678
296 10 174886 32040 32656 25869 25062 29346 30251 4870 1731 24603 25822 20910 20689 6618 7972 38288 38266 32210 32610 3854 4783
297 10 135304 8953 11692 17606 16577 24364 24078 25577 24692 6808 8730 8479 5652 17362 19023 28191 28279 13301 12142 18489 19864
298 10 99328 14930 13297 12453 14038 23170 22485 5086 6073 4627 1226 17241 18396 33991 34034 10786 13576 522 941 1354 1477
299 10 150999 33930 33511 34694 34751 23361 24638 21787 22129 14310 13636 3203 90 27479 26780 17059 17771 3273 5881 9653 11370
300 10 174745 27743 27625 36524 36411 28808 28832 20069 21666 294 1749 29493 29820 1179 3821 22662 22841 38413 38405 13247 11558
301 10 151514 1421 4342 18955 17686 24800 23440 34647 34412 6123 6214 19382 18197 23329 22458 21521 20335 16950 15077 22265 21401
302 10 170650 37538 37648 26876 27563 13208 15619 11657 12709 32192 31736 532 676 13979 14645 8685 6700 31540 32021 37106 37160
303 10 156784 33002 32441 1199 4497 10917 9121 36397 36368 18983 17392 13081 11118 29415 29338 21154 20094 13468 11154 18365 16743
304 10 169856 2917 969 37767 37728 18888 17439 12091 12724 37749 37818 16681 17015 37937 37865 28606 29518 10965 10256 8719 5897
305 10 148495 23077 22349 34650 34304 30091 29706 15846 14458 23550 24515 10788 13384 6742 6198 398 3011 21517 21454 18960 19400
306 10 172004 14294 16164 13646 15525 18514 18612 5076 2165 28932 28576 25640 26483 31343 31382 2552 6117 36459 36357 38550 38534
307 10 143875 23788 24876 7658 6139 20205 18998 33484 33948 19482 20059 18096 19253 17783 18548 21982 23208 5522 4626 11844 11633
308 10 121876 37574 37519 19078 17130 28933 29490 13749 15745 5386 7125 12604 13529 9552 11075 14343 14525 5997 8268 5129 2808
309 10 185598 33956 34261 24588 23608 10218 12479 14678 13951 37433 37488 19622 19537 21854 21372 18604 18694 16123 17125 34922 35115
310 10 170856 37801 37838 11748 9813 10236 8019 14700 16731 27363 27839 34820 34846 23446 23181 5809 2709 15860 15689 31787 32190
311 10 173802 19373 18634 25646 26675 32673 32648 9127 9478 34675 34435 15693 16128 15201 17396 27350 27950 33774 33789 3741 6137
312 10 139065 3897 2168 32150 32700 26591 27294 12877 14197 3347 222 18115 19913 37198 37284 22752 23643 7882 10535 9023 11326
313 10 171053 28188 28330 38572 38569 7545 9690 7454 5197 31538 31806 31135 31664 5200 1933 10630 10428 19404 19895 34151 33887
314 10 127824 22206 21003 16639 15622 1396 5095 19040 19867 36037 36268 29700 29519 25229 24096 3718 3221 3998 2112 1818 3293
315 10 153462 23691 23037 24539 25161 4558 5087 27287 27449 796 4389 13304 15034 30946 30310 18004 16075 18176 19192 30527 30143
316 10 176848 27653 28758 31003 30458 7417 5584 20619 19607 4617 3904 31563 31239 37 2505 37084 37128 25591 25126 35477 35663
317 10 92407 158 2912 2014 1125 9061 8497 30747 31121 8498 8941 30765 31466 5845 2648 18418 17795 7709 5837 2294 582
318 10 191400 25444 25981 35721 35500 5410 3613 29603 28732 37307 37442 24930 23924 17100 16221 17433 18753 26655 25592 19647 20448
319 10 173555 10758 7988 15973 16095 3812 6260 25935 25774 29244 28735 33556 33435 38538 38551 18091 16424 25209 26346 15828 15469
320 10 117966 23834 24244 12695 12711 8669 8034 23102 23611 6567 7966 17400 15292 4603 4350 17270 18890 27871 26882 5447 4987
321 10 187380 14672 14993 26690 27240 3939 2559 29988 30751 38093 38092 38133 38146 26455 25978 18209 16444 34777 34911 3270 4062
322 10 206205 27927 27665 35881 35749 8783 11509 24201 22782 38443 38440 27666 27122 4291 7233 20724 21539 37761 37679 32080 32052
323 10 176277 27470 27771 6937 9112 35558 35252 33526 33856 18767 18804 33685 33270 14963 12871 4503 5968 7808 10830 37130 36995
324 10 164841 29815 30349 25973 27038 10251 7809 25871 25386 6302 5651 29964 30188 9548 6990 29861 30446 20742 19524 17725 16328
325 10 134726 10640 12356 24215 24457 12478 11255 11769 14213 7730 9041 38678 38680 5826 4149 10523 11259 13996 12005 32553 33098
326 10 158285 33473 33670 13309 14698 6063 9047 31826 31951 35488 35746 13264 12543 9054 10018 2023 4901 37501 37497 15856 16386
327 10 147159 17210 16379 27137 27761 5373 2922 21979 20504 17176 17763 24317 25437 20030 21139 19677 18967 21444 22086 9606 8614
328 10 193164 12329 10059 32704 33149 8312 8414 29810 29896 34804 34556 32754 32794 9291 11632 25806 25919 22777 22761 32868 32435
329 10 120757 6219 6644 1041 672 19739 18402 6752 9532 8712 8800 20255 21561 12470 14493 2198 1429 38005 38029 35556 35320
330 10 100856 636 1275 984 2196 14830 16657 664 4204 12121 10694 7349 9924 28815 28383 21162 20599 13532 12964 25977 25329
331 10 168614 28310 28974 2189 1201 31125 30600 34446 34240 6538 7554 31334 31219 6314 3703 30529 30038 29289 28768 10694 9272
332 10 148568 36146 36177 30558 31040 23369 22048 9981 10718 883 3073 14588 13226 35318 35400 4398 3235 14409 16381 16061 16374
333 10 205500 17491 15383 32864 32375 17233 18366 27413 26726 23229 21789 34850 35005 25097 24546 37753 37828 34333 34427 6612 9680
334 10 190892 23503 23684 23029 23236 24699 24774 26073 24985 26990 27117 13587 12711 38688 38686 13133 12605 21376 21725 27538 28473
335 10 95625 7936 10082 7689 6555 9398 9015 36008 36190 609 1634 12902 12210 7999 9397 8161 8532 21678 20512 7152 5018
336 10 90486 11127 9734 9768 7860 21866 20838 5493 2666 796 4053 30255 30319 4668 7691 5305 7851 16578 17738 7252 5400
337 10 140216 23916 24638 5038 2393 36603 36475 4606 1684 3849 6243 5489 7729 35019 35053 12776 14189 12249 13735 35726 35768
338 10 192558 24929 25243 32893 32930 27389 27649 21833 20815 11655 9073 7422 5437 20769 20463 35403 35658 36577 36548 21828 20347
339 10 122299 4392 4784 12580 15169 5899 4782 15501 17753 12930 14210 5896 6154 21363 22497 25513 26113 10726 10892 38074 38094
340 10 149601 32281 32484 8350 11137 744 4460 24066 22969 658 1458 34728 35039 7821 4794 34245 34444 13223 12111 30886 31134
341 10 151120 2603 328 35806 36072 26271 25306 10934 8723 23786 23016 7863 9050 14934 16252 38563 38576 13768 13327 14373 14852
342 10 123995 19962 19722 29055 29765 27170 27754 28651 29084 13204 12446 104 3691 723 39 15962 15169 4320 6146 15843 17493
343 10 137291 17424 16075 3383 2310 15247 12999 13113 11946 4960 5214 17140 19031 18391 20328 12919 12217 30761 31333 38276 38236
344 10 110957 3233 3823 32941 32618 214 1689 22354 23336 16584 18010 19351 18401 5716 2910 2851 5305 24749 26145 10704 9462
345 10 171572 35518 35628 18788 17161 2494 1548 28896 28860 21146 19884 36312 36407 20093 18728 2402 518 14544 15210 34273 34166
346 10 126138 3280 5662 591 1527 3466 3770 36615 36532 20368 22165 30493 31051 5528 2799 5027 3022 29433 29438 22872 21681
347 10 170709 3276 6103 5788 3805 24577 24531 24202 24930 34782 34749 26452 27392 13340 12046 23783 22902 33824 33949 23363 24329
348 10 94492 792 2910 22137 23272 25847 25034 1589 3699 18249 17092 5345 3869 24519 23122 3813 5570 4988 3322 10837 13036
349 10 153502 17121 19267 29653 30463 15884 13725 12511 13549 6856 6037 15081 17243 19842 19879 34535 34293 23483 22557 16912 17813
350 10 164017 4841 7637 20780 19147 28371 27456 10554 12094 17203 17736 23547 23621 30044 29742 35660 35537 2568 2687 31454 30841
351 10 114956 2932 2134 11910 11748 2800 334 15979 16515 33298 33359 17822 18906 14593 15725 20138 21910 5935 3726 18288 18259
352 10 123503 6852 6288 13991 13678 18054 17803 7217 8174 1606 2881 33185 33709 22282 21335 22483 22084 3799 6544 24910 24931
353 10 171835 4997 5727 25637 24435 22365 22469 23010 24488 37339 37407 3037 1307 25461 25338 31140 30757 38131 38131 3677 692
354 10 117387 2667 1445 11124 13484 8994 8665 35685 35904 14575 16270 17865 16072 4427 1639 9611 9838 16125 15761 25661 24624
355 10 153011 26376 26104 11689 11360 29534 30050 19533 18666 34565 34957 11289 12630 15208 13209 15948 18012 23251 21896 3871 6670
356 10 178780 5987 4232 22676 21156 12697 10229 18536 16651 31256 30751 20414 19298 38145 38093 19389 20686 36718 36728 17657 18809
357 10 109988 19038 20623 4881 7059 14158 16298 704 3655 30459 31245 10482 11747 10195 12579 637 2148 9746 8967 37185 37333
358 10 163862 24450 24993 16395 18195 20421 19554 5392 2142 17135 18273 17518 19542 31714 31315 29215 28661 21405 20622 21183 22433
359 10 163727 10741 13164 27493 28232 16133 15417 30058 29444 33025 33254 8016 7241 12145 10553 14189 13506 23138 22259 29721 28965
360 10 170129 9794 8369 19378 20775 28006 28862 31629 31433 17791 19099 10495 10641 20745 20954 31017 30402 33080 32593 10727 10029
361 10 154840 35122 34825 27596 28047 25029 25023 24562 23754 15931 14634 29424 30202 7919 9914 7222 4866 9070 10075 11676 13866
362 10 182848 23606 22130 30454 30150 27496 26769 3039 679 33367 33311 30912 31017 29647 29216 21365 21334 12942 12710 15733 17650
363 10 120167 2892 5558 26978 26506 32750 32162 13117 14002 3422 3369 9830 8436 18084 16079 31654 32265 4674 5222 6808 9199
364 10 132024 23201 23838 38712 38712 24058 24489 4604 2164 13541 12319 7145 5993 29933 29968 5085 2202 13265 13995 5486 4788
365 10 162884 21599 22746 30277 29678 1623 1876 16973 16750 34580 34930 12318 10078 25404 25459 36032 35998 8117 9939 16683 17429
366 10 140884 23777 24062 21451 20225 20774 21980 20041 21076 37430 37415 1535 2374 6767 6305 21007 21353 13823 12425 9501 9470
367 10 113704 32215 32315 7253 7211 28203 27326 32675 32951 10416 8266 5373 6432 7864 10538 3648 1569 11645 9273 2838 4026
368 10 180413 30504 29736 1381 546 12313 12361 28684 28031 29323 29736 22606 21043 23789 22493 15977 13938 36337 36311 24603 25337
369 10 163956 9460 9074 33223 33236 28831 28461 15530 14273 15526 16976 20725 20538 32281 32687 13991 15362 26903 26754 8476 10437
370 10 191724 27453 26849 10940 10839 28428 28485 10225 11768 37081 37043 5331 4971 18544 19649 37437 37362 32049 32391 32168 32157
371 10 174296 19182 18658 32575 33029 22828 22427 35511 35541 2357 3039 28398 28382 21949 22630 2931 2245 19489 20761 32651 32160
372 10 175176 13869 12148 24901 23622 37126 37125 23501 24264 4483 2405 14590 12299 28065 27107 4720 7647 30588 30795 37127 37051
373 10 141806 26850 26153 34739 34516 14593 15012 23314 23473 17879 16551 13095 11256 9425 6581 17817 17126 7804 4940 11742 14005
374 10 110029 14345 14833 6716 4201 38002 38005 16773 18907 8674 8414 15416 15017 8261 10250 15908 16251 3088 43 10354 9875
375 10 143618 9679 10211 30346 30412 2588 5487 14689 16646 9646 11725 9697 12124 34982 35003 27971 28787 37205 37181 2720 3568
376 10 120034 22559 21942 22570 23822 24908 23733 18106 19318 6737 6253 5523 5299 23711 25095 17696 16129 1835 3860 6398 6033
377 10 134961 32826 32395 8639 5637 7936 6613 14429 13921 11599 12757 26110 25771 35604 35721 4529 7923 11724 10256 15306 15634
378 10 165832 31750 32248 8674 9523 14541 12931 23574 23485 18171 16965 10957 13543 5611 4702 38189 38154 36163 36359 19661 20892
379 10 181060 27208 26872 28881 28904 17582 18909 23672 22522 9978 7141 18842 20062 19616 20037 26734 27473 31239 30850 22573 23169
380 10 155540 24227 23119 11989 11917 32267 31742 13342 14762 6154 6527 36026 35984 34312 34577 2475 1631 21850 20738 11783 13500
381 10 144192 2496 4393 19589 20509 31595 31923 26857 26420 18425 16535 13219 13971 2765 4430 1008 4627 28363 28492 35923 35722
382 10 171123 27357 27623 30053 30401 31495 31450 1242 3198 835 262 32261 32069 23951 23303 3475 3136 25031 25817 38204 38179
383 10 180604 14381 14096 31209 31228 15418 16333 21960 22264 35707 35630 24348 23092 4291 2210 26283 26384 24475 23845 27684 28060
384 10 159154 8858 8852 16402 16244 13654 12691 8591 7792 8202 10493 36510 36697 34740 34509 19028 18883 18396 17028 34562 34166
385 10 133310 21589 22107 8346 9905 31759 31684 20941 20196 13634 13722 11727 9603 21245 22782 18713 18399 13115 12898 5569 4466
386 10 165779 30522 29796 16736 17952 4121 4929 7357 6744 6515 6037 31155 31087 36681 36803 19056 19572 27675 26905 27406 28345
387 10 129193 19337 18729 16070 16824 2078 2012 18728 17963 19741 21414 29812 30677 6804 9434 13719 11559 16566 15251 18637 20491
388 10 198772 35732 35995 24105 23535 12966 14948 13620 12238 18568 19426 31958 31894 38551 38559 36157 36404 21887 23073 14921 12794
389 10 154713 8491 7268 20616 21275 31300 30722 9758 10520 21360 21198 5707 4758 22024 22700 27113 27482 10800 12293 36223 36318
390 10 139892 19345 19693 4243 1810 16541 15658 31984 31331 9956 10850 8227 9223 31851 32399 21219 21896 21431 20226 10069 9711
391 10 169416 9841 10858 21968 21929 6728 7381 21659 21264 18037 16469 28517 28148 28041 27132 15939 17907 37194 37064 23847 24796
392 10 122113 13081 12558 34157 34220 35547 35520 9718 8693 17579 19085 12458 11065 8642 10769 6646 8822 2331 4533 12483 11441
393 10 142582 13464 14265 17999 16081 31042 31744 20472 22108 942 4569 3838 351 32365 32294 1834 5296 25298 25343 30974 30882
394 10 124560 14703 16542 30785 30100 19621 19639 1538 5012 13843 11619 9188 10749 8268 10027 20887 22242 11205 13428 25662 26693
395 10 139347 22602 24108 3492 5797 22995 23269 21053 20146 22722 23513 2755 187 13588 12387 37391 37457 7117 4598 20469 19924
396 10 175112 24558 24527 26678 27731 21502 19936 10472 12654 34411 34024 26785 27745 842 3050 35599 35638 31454 30889 6589 4496
397 10 172141 36008 36129 26291 26562 5173 8487 13938 15055 34784 35095 32175 32292 12633 10480 28919 29223 15493 17041 9763 12181
398 10 131591 26246 27149 4976 7352 26199 26347 1258 3636 4799 7616 28189 27364 28917 29504 5924 4450 36113 36246 1868 5140
399 10 163596 26371 26209 23547 23536 21511 19914 25008 26295 10895 10556 21182 20425 17266 17864 2387 5852 30517 30046 25811 27006
400 10 148225 15570 16504 7106 4476 32115 32117 10349 8592 23662 22284 6842 5093 30854 30636 17369 17104 9963 8213 31452 30898
401 10 199504 7590 8825 34547 34880 17707 17912 21377 19931 35965 36063 1253 1847 35398 35542 30631 30046 37852 37800 27060 27057
402 10 148834 4929 4490 35999 36256 26736 26637 23660 23341 9189 8768 36332 36332 4043 1765 10769 11960 13298 12490 21088 21571
403 10 150132 1093 432 548 2963 20828 19042 6642 5731 31256 30518 32977 32885 33695 33848 9374 12016 19305 20063 31948 31418
404 10 153507 24964 25657 10016 10522 17526 15907 582 3412 11452 8757 27768 28118 30412 30990 37053 37196 30513 29728 1598 4270
405 10 178284 2280 2721 9029 6358 17703 15682 35669 35746 36441 36503 21477 20594 30537 31194 32406 32116 8147 9453 29166 30093
406 10 114107 38449 38428 26486 26652 16473 18235 7982 5298 260 533 11837 12338 11117 13751 13404 13681 6797 9022 9829 12244
407 10 170684 38349 38385 25766 24640 25247 26291 23375 23522 7406 10466 23505 24207 3011 6237 7689 6974 32551 32966 26457 25270
408 10 147118 17905 16002 16168 14466 5514 2207 4004 2806 26692 27108 33632 33243 6848 5272 14524 12412 34357 34667 24254 23766
409 10 190413 4101 3633 34460 34293 26737 26461 36755 36750 19820 19839 24840 26146 26157 25676 13793 15951 13463 14533 37891 37820
410 10 191345 37956 37895 25662 26149 35647 35589 6697 9832 13156 15336 18546 18979 22057 23427 24206 23714 20448 19499 34807 34992
411 10 128360 34935 34620 15517 15950 26147 26440 10833 12521 12264 11389 1058 2280 10995 11808 20019 19017 13367 13828 15316 14399
412 10 159017 10564 12138 32399 32076 15234 15037 20677 19378 37398 37351 25564 25186 8907 8996 6142 5312 6718 3712 35169 35171
413 10 168109 7264 4707 1123 2514 31369 30805 22838 22528 3356 961 37104 37013 29655 29132 23792 23445 18451 20376 35185 35106
414 10 154096 5804 7647 13796 13679 28560 27743 24308 24052 29915 30132 16935 15409 34020 33586 8345 7596 16634 14889 14304 16539
415 10 127279 28745 29731 22402 21378 12341 11099 2783 2423 2430 5328 7324 9456 12078 9450 32832 32887 30025 30163 8139 6176
416 10 156956 7554 9621 15442 17325 15906 15162 19416 20384 17153 18213 26625 26766 33831 33900 30290 30069 12387 14529 17591 16341
417 10 94720 10375 8969 361 1988 649 1516 19335 20828 63 726 23819 22335 15944 16236 10377 11775 36112 36329 1365 1185
418 10 158007 9739 8514 11299 12025 90 2301 4167 3898 25404 25699 20170 20602 31197 31599 26787 26192 31396 30832 37260 37166
419 10 147533 16643 16128 27642 27705 18665 19138 20230 20720 16852 18231 4585 4810 16098 16347 8473 10489 23160 23168 32069 31676
420 10 130959 28921 28052 17789 17755 13615 11443 16785 18137 1591 2871 35166 34915 10764 12468 17875 17920 1140 2538 20053 20840
421 10 140435 22855 21997 16925 16171 25059 23942 7843 9800 5123 5265 33536 33197 19988 18353 8359 9746 16675 15112 19181 18343
422 10 165859 6491 5407 15793 17765 17284 17441 23886 23841 30639 30790 23331 24738 9258 10665 27978 28012 14580 15658 38084 38141
423 10 153320 29788 30041 11800 10526 22586 22634 15372 16574 16913 17842 26445 25225 26232 26275 2411 3566 38000 38042 2104 1996
424 10 122531 13719 13478 38259 38237 16323 16969 5000 6969 21373 20762 12711 13648 6140 2950 15518 17805 1756 4087 22365 20956
425 10 164045 9538 6756 13447 12088 35293 35084 29900 30692 35028 34894 34861 35002 19805 18460 7258 4842 19837 20696 90 1044
426 10 140920 35390 35483 12454 15007 21256 21974 10090 11959 34974 34983 1997 3261 6916 5556 7570 7275 25959 26302 19544 19591
427 10 130040 18324 18041 1221 3215 2897 3698 36933 37026 14412 15095 19 2364 38125 38176 12502 13919 26714 27204 11403 11267
428 10 233920 35455 35391 37016 36893 27922 28466 31519 31090 28788 28750 28639 28473 22102 23137 32111 31603 19512 17666 29337 28417
429 10 175422 38513 38528 19410 18700 37730 37686 9679 12240 32508 32724 16059 16538 10068 12496 34159 34582 17341 18253 3811 5955
430 10 187064 12960 14211 33598 33827 25816 26672 17807 18566 32112 32210 13741 12243 32689 33003 33813 33814 11345 9440 19949 20240
431 10 122420 14100 13558 22221 21236 2797 3122 2137 2942 38024 38047 1067 2445 24867 24648 21898 23491 25769 26527 146 2701
432 10 153040 16005 13942 32568 32871 24231 24020 23880 22575 20643 19349 4337 2131 4675 5337 19824 20268 12069 10828 33068 33293
433 10 149804 7876 5319 23128 24076 24505 25475 33169 33279 35168 35056 10518 12483 357 4144 27768 27732 19023 17381 5743 2711
434 10 151208 61 636 15856 17130 1738 1908 25526 24854 32187 31818 20320 20582 38062 38127 20270 19217 29165 28641 5826 5195
435 10 193144 37256 37153 20251 21615 8825 6661 20228 20815 23876 23010 31060 31198 23166 24038 31103 30476 37973 38000 7692 8346
436 10 127050 31676 31534 24992 24560 13866 13868 7078 7073 14689 13024 7436 8078 22861 22785 21747 20356 5910 3438 8558 8505
437 10 180745 4383 1481 12437 9973 34091 33789 33836 34188 34820 34562 20633 19051 32021 32406 33869 33723 14773 14732 5069 1758
438 10 145204 28926 29018 2964 6512 32498 32133 4590 2744 22920 22218 16451 18233 19325 18391 16017 16224 27773 27401 10042 7396
439 10 203706 7865 7038 34682 35061 34771 34743 33881 33904 32415 31880 15147 14508 17900 18331 24873 23955 16040 15006 37059 37102
440 10 181174 22024 21463 30811 31579 17421 17932 18893 20808 7158 5001 14032 14075 30445 31064 28708 28578 28320 27932 28656 27676
441 10 183612 36574 36526 14279 13234 20966 19558 16649 15036 19040 17825 30645 30575 31089 31534 20699 19770 18189 20062 21385 23110
442 10 166204 35515 35677 21508 22811 3440 2160 9177 11260 18944 18224 19306 20061 19566 19701 26630 26683 24204 22940 29465 28620
443 10 174596 25723 24492 27614 27924 25419 24610 12484 12303 33324 33196 6703 9317 24576 24276 15865 15065 11270 10523 35268 35352
444 10 152986 21787 23016 20886 19636 24885 24165 27276 26754 34829 34791 20063 21687 8030 6014 9417 7998 13834 15302 10226 12300
445 10 182977 21456 22356 38376 38368 31093 31810 33487 33918 30749 31399 878 2811 26876 27878 15101 16062 29021 28334 1685 3023
446 10 134190 23696 23005 13289 14247 3227 6752 16207 17324 37775 37687 20384 18557 15945 14164 2226 418 18271 18338 16718 16331
447 10 136636 4044 2718 38341 38365 3782 6470 3525 5185 29427 28927 23550 22734 1303 505 35838 36099 23342 24406 7643 7591
448 10 171639 28985 29880 15269 16626 29592 28722 28555 28810 14186 14497 31829 32169 14608 13151 31623 31760 19567 18137 335 2374
449 10 145416 7520 6745 8709 10727 37333 37420 5068 5589 19285 19712 27411 27517 20445 19495 26010 26544 24832 24603 5158 3139
450 10 174452 20926 21545 16240 14690 13788 14841 33268 32943 16776 15564 21712 21713 15011 15096 36952 36883 18868 20111 24524 23230
451 10 188875 10850 12091 24827 23702 34086 33851 20586 20162 25777 26728 27283 27558 37686 37728 16312 15416 16890 15937 21797 20200
452 10 183090 9923 8382 37593 37687 4798 4929 24331 25289 20324 18804 27902 28889 23021 23234 30227 29521 19812 21293 30932 30244
453 10 178542 2705 4077 29504 28629 35415 35242 32518 32395 27103 26059 21631 20201 221 446 31593 31274 6117 8386 36371 36424
454 10 209606 9805 12069 23905 24691 27878 26824 35966 36047 29829 29278 20225 18810 23498 23276 34352 34431 30732 30944 25818 24636
455 10 107521 2400 1221 31501 31281 12348 9774 19292 19738 8926 11835 17687 19256 2424 5902 17894 16665 10595 11377 11335 13549
456 10 177683 926 3361 27396 28030 2139 4551 25938 26174 36250 36353 19878 18602 30510 30061 14626 13214 36083 35839 28358 28669
457 10 143733 17154 16377 16836 15631 18771 17817 31029 31005 1685 2081 20146 18756 1020 15 30175 30638 4419 5618 38432 38450
458 10 151208 24204 24224 22939 23450 14752 16163 29117 28914 11787 10423 14159 15795 17616 17480 22711 21200 11665 9055 20060 18691
459 10 189955 31954 31284 31547 32034 549 3899 36277 36213 18979 20004 32650 32518 13154 13063 36519 36691 22917 21538 12898 10982
460 10 158544 25035 25056 352 2670 14933 16626 32513 32259 30410 29945 11234 10475 11804 11813 30817 30179 23100 24612 17982 17670
461 10 153192 30007 29156 5792 8371 8256 9026 15880 14929 2653 3672 4058 5772 24363 25270 38474 38497 26133 25999 35874 35934
462 10 180452 17921 16827 22253 23562 27850 27231 3677 2537 7542 5231 35099 35456 23784 23411 28528 28976 25009 24246 33902 33453
463 10 130876 15947 15928 12769 14890 10036 10417 11331 13217 8270 11051 7726 8839 27828 27984 6796 8514 29574 29261 33318 32828
464 10 115620 15225 13678 12470 10189 9525 9756 26508 25327 9308 10750 11383 9437 20494 22086 10713 9207 7268 5121 21631 21701
465 10 133201 15483 16296 25150 25903 25882 26095 15050 14926 17091 18312 28868 29363 27850 26898 10302 11882 226 3025 600 4050
466 10 123559 1564 1089 29883 30011 12067 9550 19070 18956 26988 26513 5950 7468 11218 13944 25337 25011 76 2904 22296 23128
467 10 122128 1637 1985 17096 14938 25910 26261 23699 22578 28449 28334 23286 24557 2978 6513 12442 13751 15821 15964 1343 4403
468 10 125697 14482 14516 30263 29545 18178 20112 13010 13400 23595 22097 6556 3797 26922 26048 1875 269 8972 11176 13269 12190
469 10 184615 20448 21004 16099 16237 38320 38296 14454 15551 12793 14024 37134 37017 38013 37944 18342 17731 12358 14378 22808 23414
470 10 145448 20719 21753 26315 27393 8282 7748 32957 32410 21815 22446 19627 19693 7172 10159 491 458 31761 31449 12671 11957
471 10 151384 26733 27233 18650 16909 19674 19610 16513 17789 24730 25162 19457 19710 30117 30649 22016 23516 9846 11625 1495 41
472 10 113349 8439 8276 37708 37773 2802 4282 12480 11062 29780 30396 2911 2493 7570 4476 16845 16487 11282 8755 11870 13564
473 10 148909 29866 30668 13723 15459 20830 19065 15250 17407 37814 37837 11066 11824 37 37 13710 15600 20258 21225 23583 23046
474 10 193780 34112 33911 38487 38487 32038 32697 1802 2308 21350 22570 35074 34854 753 788 15095 15773 31420 31503 32095 31937
475 10 159103 19543 19061 35788 35857 17249 16916 17686 18796 28730 29133 24875 25636 24456 25688 26253 27371 3943 5808 356 694
476 10 156636 12048 10998 15392 13624 8401 8914 29592 29875 27311 27389 21320 22969 9169 9885 28679 28362 16589 18543 27295 27478
477 10 88940 5802 8740 21784 21824 5291 7614 13720 14891 12275 14730 2129 2588 11509 11522 27298 28267 10750 9964 617 84
478 10 145228 3065 5192 37824 37793 12907 11249 3829 2289 1580 916 12891 10366 17609 17086 32936 32900 33602 34059 25292 24435
479 10 193880 7023 5147 36494 36364 27990 27339 17626 18557 22040 22346 25734 26880 25485 24278 36820 36692 22348 21079 20790 19419
480 10 169344 33863 33834 13327 13205 8464 8318 15498 14914 27933 28746 28582 28094 31892 31847 29927 29083 11980 11139 10215 12164
481 10 124896 2612 3062 11892 14382 37955 37931 9301 7960 22572 21700 10414 12132 9300 9828 37820 37747 9301 11465 4953 2123
482 10 187175 25004 25885 27131 26208 31192 30765 35300 35267 16853 14892 37250 37319 25369 26381 11139 9245 9407 8161 15324 17042
483 10 146254 25711 26262 7414 10392 10425 13056 25213 25874 9155 8273 17163 19021 3462 2098 14918 15910 37569 37480 31788 32060
484 10 160928 1575 277 32304 32186 7719 6349 24838 25762 35147 34878 14552 15355 7418 9400 36188 36402 8473 8242 32947 32547
485 10 157836 8358 6999 16749 17737 22978 23031 15693 16196 26930 26751 2643 5683 29798 28977 26016 26462 13089 12263 35041 34778
486 10 180834 25346 24597 12471 12889 6165 4921 19673 18032 34513 34520 31452 31852 17892 19422 32506 32937 27699 26657 18326 18056
487 10 191712 3569 4900 20328 21322 33651 33241 33410 33699 25956 24855 5322 7905 34941 34949 21365 21553 35636 35450 25462 25694
488 10 170312 13147 12346 24986 23900 22963 24036 21803 22849 31702 32075 37404 37290 700 3112 6899 8629 18377 17254 34910 34775
489 10 190969 23379 22295 144 2642 32264 31825 29870 30318 34299 33923 16866 17872 13381 12575 29450 30309 38143 38166 20916 19603
490 10 178596 28066 27918 12721 11688 25757 26387 33612 33891 19662 20745 373 738 34812 34879 31500 32184 12507 11502 24236 25034
491 10 193215 31471 31070 24790 24459 15980 14465 19552 19228 22068 22106 21479 21185 34820 34471 1515 3022 37279 37321 32565 32379
492 10 158953 11892 12037 2438 1245 32692 32908 16549 17044 9429 8333 6646 8316 27875 26986 38051 38041 28563 29328 24557 24176
493 10 100647 11077 10403 11426 10959 13655 13445 37518 37494 3964 6128 2543 3026 7998 8910 10651 8021 18791 20735 8186 5137
494 10 140476 4869 8157 13209 12890 35610 35451 15785 15338 34599 34495 13118 11722 10033 12130 13786 13551 30819 30275 3767 1149
495 10 134302 25538 25397 19563 18318 3323 802 9824 11260 25779 25662 18519 18972 17853 18199 282 1451 26179 25784 21018 20574
496 10 83422 1468 1600 17812 18601 13406 12555 13769 13691 1575 4940 6946 5168 3462 6700 10156 10450 34668 34632 1016 643
497 10 147957 15647 17152 5051 7509 19819 18900 26152 25570 13870 12471 3215 4675 34788 34983 17764 18873 27840 27274 20801 20563
498 10 175603 28789 28984 37368 37360 23929 23279 5826 7053 12974 11578 8294 8531 7787 8058 38210 38252 30340 29956 25987 26691
499 10 169501 20202 21876 26824 27396 26074 25079 15162 15988 10258 11865 23778 23246 22963 22935 30423 29809 19867 21313 16326 16597
500 10 170817 19529 18722 24223 25492 26825 26797 29401 29436 6196 3271 7623 8165 37876 37896 12611 12615 23978 24962 25260 24420
