1 15 214181 5559 2251 6637 6325 31278 30590 23012 24059 4204 2536 8360 7113 22649 21427 23274 22477 2337 2830 33124 33075 10402 12673 36789 36833 37817 37829 1121 3193 21164 21211
2 15 194751 18172 19118 7735 7643 23603 22360 15519 15717 3415 5531 27169 27182 11465 12499 1225 2397 36209 36219 12904 10991 1152 3795 25952 25108 22108 22266 13542 11975 23269 24743
3 15 278649 30578 30035 36240 36021 32215 32643 2681 1622 11344 12186 28663 27984 33946 33974 9064 7265 26102 25701 11512 13438 21248 22795 24313 25619 36973 36873 22731 23888 20702 21899
4 15 212918 8329 11067 16520 16926 2584 1463 2753 1097 25130 25493 27399 27853 9595 7184 37242 37235 23474 24213 17567 18758 29053 29421 11864 12976 31437 30776 17321 18361 5880 3501
5 15 251600 26794 27461 18024 19541 27950 28032 12853 11290 23992 23550 35007 34870 6757 8469 4151 2970 5294 5100 22100 21449 26394 27177 28638 27834 36741 36806 1824 506 37982 37965
6 15 263876 8471 6051 24855 24554 10082 12558 19443 18720 35902 36142 19963 19725 26009 26359 36517 36721 8022 6188 22251 23239 29778 30267 28262 27359 32475 32135 23886 23838 3929 5847
7 15 191123 5315 7892 29896 30611 3711 6272 24719 24463 21400 20305 10053 9547 6195 7026 6259 7907 10366 9693 34324 34579 30806 30971 2488 2312 7263 9803 21575 22546 24534 25078
8 15 250325 33722 33621 29751 29090 28376 28934 22676 21273 14822 16963 10259 8122 24657 24526 10205 11892 10945 10579 26139 24990 34433 34557 20427 21958 8966 9765 25000 26033 12529 10203
9 15 256419 6585 7065 22301 23312 25434 24748 13261 11296 23156 23160 33391 33902 29055 29328 33007 33105 11928 12986 31949 31910 14505 14164 13194 12071 32866 32476 22387 23800 7505 10561
10 15 206876 10242 10339 15381 15394 37552 37663 17686 19755 7147 9740 33855 33906 16351 14939 8973 7341 11576 11374 8605 8203 36527 36403 30052 29891 9458 12046 2874 5799 12316 13175
11 15 174145 33235 32868 3091 1667 14954 15906 3744 1526 27463 27486 10848 12658 14636 15266 20855 22072 17769 19548 13680 11227 2592 4807 4000 4407 12836 12113 20642 19639 17337 17895
12 15 203496 11385 11539 7845 10813 11126 10850 30538 29857 4770 6698 6449 6383 30978 31476 2711 2563 1986 4259 31787 31651 18086 17893 33177 33558 4566 7912 27499 27279 31468 31633
13 15 238208 9900 8382 14140 13140 15699 14515 35880 36100 36640 36710 19265 18533 6681 3873 8696 7997 5805 3296 19674 20838 33646 33469 19251 18950 30510 30411 27101 27800 14873 15913
14 15 215531 10598 8455 17137 19249 11605 11996 4230 2592 23369 23064 9058 11303 14597 16719 14941 17134 24067 23953 19340 17565 25487 24183 35926 35782 10380 9411 13454 14346 35225 35082
15 15 206873 38445 38436 12253 10123 139 3571 21953 22427 12363 14640 6570 4268 10952 11394 35535 35759 2086 536 31596 31016 2245 442 37752 37716 15154 15617 566 2440 30983 31594
16 15 252456 12542 9952 30474 30357 34734 34637 10066 8398 24457 23309 37275 37234 25535 24234 12853 12482 29939 29615 12517 15037 33080 32517 7998 10625 20752 20711 2738 213 20610 21354
17 15 269466 32459 32530 13459 11269 37274 37304 4624 6484 21552 20353 24453 25581 33855 33828 14912 13853 32363 32327 19387 18308 12395 13788 28241 27598 5427 6394 33527 34016 22905 24111
18 15 280256 22879 22712 5820 8343 25264 26350 18303 17492 36967 36923 38667 38668 24549 24495 25466 24359 26037 26712 22841 21774 37012 36906 8800 7293 20284 19075 19121 20925 18311 16893
19 15 232704 6375 5986 4602 4633 22991 22333 8115 7410 35288 35239 16271 17470 4624 6770 13984 15365 35623 35745 24496 25621 30931 30415 34754 34398 32909 33244 16050 15628 3867 2998
20 15 278396 16976 18704 27993 27762 5807 7359 31972 32021 33939 33617 37088 36963 34973 35195 95 2028 30858 30726 33475 33927 2900 5869 12300 10912 27501 26503 15959 17958 36159 36333
21 15 179622 1497 258 31708 31450 26619 27505 403 3159 127 2273 7712 10207 30458 29909 7633 8604 17389 18591 35828 35634 15247 14002 15903 14040 15924 14998 2269 4379 15811 15419
22 15 235348 7427 7827 610 2876 37871 37834 29173 28486 5223 4754 10553 11260 33628 33926 35189 35198 17991 19030 11552 12842 13835 14048 37426 37386 23716 22313 17785 19304 12207 14116
23 15 255842 1404 1892 36104 36051 33160 33571 26621 26527 34573 34669 7815 5850 17463 15418 27695 27752 24354 24335 26111 25987 3515 4352 20197 19866 10559 12947 20501 19108 29731 29265
24 15 214575 28014 27167 20288 19134 30139 30255 1630 5165 21926 21964 35137 35462 5450 6254 5550 5577 14101 14158 36040 35942 2867 3528 6787 4415 28975 28694 10981 9403 20334 18988
25 15 262323 33612 33581 32849 33037 35809 35994 17664 18658 32242 32776 5469 7350 26860 26872 10093 8546 12369 12146 11866 11946 34174 34541 1392 1591 35338 35246 8894 6295 29273 29404
26 15 241210 31420 31741 9114 7704 16869 15251 25728 25392 35056 34857 21568 20046 14728 12347 18237 16363 33880 33759 14079 14107 17964 18403 16572 15175 29817 29820 10327 7596 6154 7185
27 15 261904 32836 32326 9563 7324 32419 33014 10080 9614 33603 33925 36665 36694 34751 34839 4719 2153 17949 16891 20885 20829 12815 10519 26060 25575 6398 4973 22046 23697 26591 25951
28 15 242775 33784 34023 38293 38306 36753 36791 2981 4065 20483 21186 6024 5551 19109 20025 2765 5252 10007 11236 35430 35634 34117 33999 11347 13903 8839 11615 20518 21970 23019 22897
29 15 233297 13302 14075 26594 25574 26141 25024 24656 23257 12467 12105 21317 19659 9875 9979 29293 29024 749 2832 715 3136 26825 26986 27392 27708 37441 37316 25246 26510 9609 7385
30 15 188471 23494 22256 29160 30098 3175 2230 22183 23806 14498 16623 25076 25065 314 432 3871 6648 11141 12435 17661 19450 2877 3735 18735 20506 10842 12151 33641 33858 18921 19964
31 15 268772 15797 16811 22713 22072 15771 16123 34517 34742 5163 5363 12160 13290 37887 37826 30041 29368 24383 24735 14928 15553 36007 36102 28672 27936 18119 19660 35105 35122 4702 4666
32 15 231412 29847 29189 31519 32203 20775 20750 5206 4573 23005 21549 3828 5550 12034 13593 4579 7023 9156 8507 20526 19869 35753 35947 29144 29491 21339 21079 36091 35985 6463 9463
33 15 234092 14261 12794 38562 38547 14723 16348 17395 16663 18567 18811 20976 22637 20895 21077 11127 9140 773 1073 33554 33854 9327 12216 5166 3847 17316 18880 37606 37520 32367 31835
34 15 223234 24819 24363 3236 5504 19815 21358 15048 17097 5966 9231 32038 32416 30545 31170 37851 37842 14083 13440 3420 5989 29491 28795 17281 16807 574 2845 8427 5620 36449 36570
35 15 214801 6388 4807 6116 8929 17667 15660 20675 20673 26032 26680 662 1686 14951 15994 17770 17131 15394 14055 33164 32623 29619 30497 15886 15686 34819 35201 22452 22365 6907 8711
36 15 205014 35762 35549 35187 34949 25418 26305 2426 4950 13050 15043 26092 25378 16229 15294 6034 6003 7617 7639 30578 30935 12546 11492 25454 25817 3465 6279 3232 2159 13178 12696
37 15 266124 16643 14792 27274 28077 5019 6218 36791 36621 2018 5053 18049 19030 7672 10207 18702 17169 36601 36613 33695 33271 35909 35995 11618 13871 34626 34308 32486 32341 15552 17119
38 15 254358 25725 25605 5406 5452 32343 32878 37358 37256 13717 12083 20104 18265 26028 26224 3907 1965 28479 28073 33412 32970 37015 37026 5334 8091 27215 27105 13330 11585 8575 8460
39 15 233104 2895 378 16556 16344 35623 35393 19441 18801 29847 29930 13817 13923 23363 23590 11530 11742 26885 26449 27307 27592 36698 36895 15070 17104 4144 6602 17715 18671 10490 10499
40 15 216393 18641 18673 14126 15537 2853 6266 4505 5716 24866 23981 28461 29080 19331 19546 22585 22201 13889 13734 24720 24653 37460 37410 16329 16761 29039 28434 780 2294 12907 15209
41 15 236154 4407 7779 15045 16654 5484 3975 33120 32812 4340 1696 28014 27180 31165 31385 31907 31731 38454 38451 26151 26190 21723 22586 23439 22005 8 721 1379 1785 30557 31089
42 15 246302 26870 26503 12450 12868 23082 24642 29659 28760 14766 16808 29076 29235 30183 29712 2009 1278 420 1458 5965 7306 35574 35418 30300 30504 34645 34676 8375 6818 24504 25694
43 15 240331 18945 17063 24932 25339 7218 9808 4751 2571 29191 29060 1770 307 21201 22866 25921 24885 19828 18314 37877 37859 6487 3843 32432 32146 30337 29913 10144 8421 29380 29808
44 15 266054 31249 31620 24110 23178 6914 5349 14351 14268 37450 37423 38436 38464 17980 17209 34010 34095 21572 20613 4233 1834 7266 4356 26341 27317 19975 18291 13608 14744 35073 34961
45 15 256448 26530 26462 27870 28629 18560 18453 19921 18348 7586 9187 23351 24729 28223 27835 2035 4023 34063 33890 15260 13286 19742 19884 30714 29927 17762 17212 23151 22732 25792 25392
46 15 154481 16485 14818 9919 12733 21931 22682 17892 16557 30787 31119 3242 1171 9494 12283 26129 25005 7207 7408 9445 10249 4828 4102 20000 21209 14071 14432 1543 1889 129 1232
47 15 221189 22619 21991 9525 11273 2517 4370 27584 27706 12584 13505 30628 31401 37496 37414 35522 35787 5623 4694 18063 16857 8021 6658 28494 29461 814 2098 22382 23842 14615 13980
48 15 183322 7209 6872 3031 867 17835 18400 36490 36634 8461 9693 11569 9572 20343 20812 24934 25596 14260 12985 4116 2423 21185 22016 609 1397 25295 24098 18958 17947 14858 13566
49 15 287644 25472 26007 19090 17792 28971 28360 35056 35032 36582 36766 32581 32662 20586 21960 23439 21966 11720 9935 34865 35246 30928 30403 16092 14292 347 3969 6740 9781 37086 37123
50 15 294282 37290 37347 18935 20167 14396 12299 36299 36066 24357 25069 21244 20306 20885 21999 16308 14306 32721 32891 33924 33838 30977 30707 24171 25511 13520 11206 5689 4204 37137 37207
51 15 181646 10410 11215 35308 35258 21096 22687 14141 11865 2247 1593 30164 30202 15461 14534 11280 9939 4536 5941 6954 6112 33601 33123 1562 1506 7914 5798 22989 24086 9395 11573
52 15 221925 17998 18789 14179 12838 36354 36303 16218 18098 19751 19907 19333 20454 32490 31914 7053 8073 15358 15295 28503 27654 7589 7038 13011 14981 13460 12322 36098 36316 12 416
53 15 201229 12698 10359 24720 25352 837 1195 31296 30777 15722 15963 17534 16317 5102 3033 1902 133 12472 13390 6952 7388 20051 20479 35459 35773 34291 34179 5867 6728 26634 25950
54 15 249631 16833 18947 5402 7396 14646 14326 24690 23673 19237 20056 12907 13544 24413 25078 5394 3462 27796 28370 37996 37990 31197 30531 31099 31435 25594 24949 25153 24418 9682 9184
55 15 235444 21554 21203 12001 9407 10283 10953 34038 34459 31469 31036 24614 25135 11739 9582 34286 34709 14487 13931 21679 22301 8297 6478 8861 9270 23386 24692 21092 20328 16519 14981
56 15 233460 28833 29816 17900 19817 29990 29152 14258 16042 15727 13654 18984 19980 14647 15049 31893 31225 14769 15851 1718 1512 1236 513 19352 19665 35349 35513 18479 18270 28691 28112
57 15 286869 19672 21325 13238 13849 6905 6568 14394 15915 35087 35132 36418 36332 32540 32190 27050 27680 27198 26119 34753 34669 29386 29602 33056 32583 20786 20747 23068 23573 5036 3019
58 15 211546 6938 9093 15849 15320 18157 20122 2382 4306 5825 2986 27739 27822 9760 12209 17463 18613 12850 15027 36316 36178 898 3164 9897 7829 38599 38603 29733 30405 32027 31570
59 15 242358 7666 4829 33376 33015 16636 15889 17972 18390 23502 21994 32912 33263 35900 35956 25055 23822 1928 1384 34200 34436 7346 9531 16457 16025 14204 13370 10521 7738 25273 24049
60 15 204902 2662 3278 31863 32006 25182 24680 19940 19337 11210 10224 24481 25380 353 155 30835 30897 9459 9977 23328 22938 10853 9508 10796 10222 34748 34450 849 3047 19569 19986
61 15 284036 16761 16737 35064 34811 14297 12329 30516 30864 10136 11723 31913 31287 12585 12285 23932 23451 12581 10485 37584 37566 31886 32108 14297 12172 21412 21809 27107 27631 34975 34692
62 15 251690 31944 31790 10360 12424 17813 15980 37295 37393 221 710 34971 34971 19765 18246 35876 36012 12383 9986 3605 7047 16870 15596 24660 23571 34628 34691 10431 7887 23791 22773
63 15 264504 26970 28077 7506 9623 21566 20590 32622 32245 28165 27130 13332 14171 24308 23325 5778 8993 25205 25907 14422 12615 37201 37138 27129 26396 4142 2178 32662 32858 29623 28887
64 15 214304 13266 13470 396 189 33608 33615 34603 34683 20190 19027 14127 15499 3241 265 17629 16876 24170 23118 17346 15971 242 362 6712 8085 35412 35499 11673 11981 35266 35285
65 15 218161 7043 6878 27599 26646 27725 27643 8407 8609 16759 14784 26509 26379 30991 31043 25197 25331 357 694 6248 6278 15752 16501 15739 16705 2091 509 33408 33332 28877 29624
66 15 216227 2258 4801 2885 1786 6442 7709 30896 30724 34442 34703 38051 38056 2848 6136 25061 25478 26087 25326 1230 3968 31314 31008 8184 11186 8401 9291 22688 22235 29497 30069
67 15 247056 3654 1945 15339 16439 36225 36346 37229 37300 36255 36068 9961 10573 1417 3949 3539 5012 3971 5275 27358 27597 24215 22970 25966 25747 31079 30842 15726 16643 36886 36909
68 15 224944 32232 32633 18922 17861 12980 14748 9363 8854 18638 20051 24853 24278 3005 5184 30868 30436 36001 35838 4075 1989 24745 24351 21517 22316 15334 14592 10770 8947 17877 18552
69 15 232618 31881 32350 10822 10488 25860 26290 16639 17017 22304 21512 108 3450 37960 38018 12727 14500 31565 31658 29730 28891 21826 23045 13938 12068 21238 22388 380 37 13795 14188
70 15 227814 21880 22723 22562 21336 20926 22252 34030 34085 36157 36265 32508 32897 365 710 12322 13770 22625 22308 12190 11795 14929 16416 636 4443 26161 26656 5456 3498 22021 20887
71 15 242872 12072 13514 33969 34181 10591 11952 25970 26429 18010 16554 19498 18954 31472 31308 8067 9575 15181 16147 30749 30140 25 2787 21070 21132 29253 29239 36523 36513 11141 9209
72 15 221112 23109 23791 26916 26562 2169 5017 4894 1760 26159 25924 3388 5001 21102 22669 20432 19115 6835 7201 19937 20385 15101 15329 36827 36887 33443 33178 22008 20401 14070 13267
73 15 189000 16351 15596 24127 25172 23111 23714 26643 25740 1865 4038 12040 10169 27793 27103 13008 14981 2420 5852 9696 11939 3595 1187 23916 22863 4062 2646 9529 9604 38094 38137
74 15 187487 7775 4700 38120 38071 4325 1326 12158 10446 25232 24973 33255 33068 11772 12427 15354 16493 6800 4707 17083 18710 5982 6055 11035 10116 5 1291 25916 25858 19547 19335
75 15 244283 5770 4715 19393 18527 18682 18227 19129 18579 5837 4918 20658 21948 12874 11424 38547 38543 32044 32081 28666 28651 13889 15963 748 343 31371 30690 32650 32969 25096 24758
76 15 263769 26900 27102 27623 27781 8389 7160 14613 12210 6006 7922 14070 14409 33022 33260 33064 32925 7030 9684 14064 12979 20986 22665 27614 26894 25022 24860 35044 35363 36265 36264
77 15 213988 3228 1246 17641 17343 13244 11317 4780 3543 38549 38553 27665 27485 23664 23034 24278 24768 19219 20731 9690 11147 22419 23558 6299 5152 18256 18967 34665 34659 3888 1247
78 15 265704 34944 35240 38533 38551 11522 11632 887 585 9202 9304 29921 30525 11654 12489 18493 17930 34929 35199 23383 22508 29577 30113 16653 14753 31771 31504 34599 34356 6063 5975
79 15 212140 16878 18902 16760 15503 28650 29050 31661 31617 18149 17104 7090 5881 22610 23858 2813 3522 256 1305 11744 12552 21045 22414 15604 14844 27755 27204 35009 35111 9152 8090
80 15 235767 38041 38031 11161 11353 1513 49 24930 25640 10701 7901 3426 1676 31972 32621 28535 29104 6181 5724 2109 5585 29196 29556 29742 29527 27511 27459 16488 17923 33203 32940
81 15 202603 28454 28746 25254 24914 10296 10699 33227 32856 13549 15791 15286 14026 3171 5161 1169 4401 13670 15618 1159 99 13351 15623 11121 13825 31222 30821 17191 19329 35134 34946
82 15 224364 28093 28535 24842 23502 2962 4136 4203 1037 37064 36953 7014 7153 8940 11201 22724 23251 32940 32688 38467 38491 8887 11036 29462 29739 9940 11765 16346 14898 8571 7744
83 15 211035 14505 12728 17196 15088 22010 22204 18380 17426 16254 16179 25045 25332 4491 4904 19889 21523 10638 7983 34457 34568 22424 23310 748 641 28701 28482 16315 17181 12741 14842
84 15 224064 29907 30171 14765 15012 7069 7804 28458 27809 5581 5211 26132 26148 35764 36001 12035 13003 13767 13578 15052 17203 4821 4532 23092 22153 20993 20494 33974 34239 8671 8494
85 15 219920 34563 34591 35858 35909 26825 25665 21153 20167 6077 5907 22303 22449 13014 11384 11162 9076 2865 378 22876 22358 3895 2919 29321 28611 32192 31946 8931 8942 3866 2698
86 15 204358 8263 6157 11820 11563 31330 31842 26497 27321 8716 10814 18821 20109 4750 2019 15810 15500 1983 4059 25562 25899 10634 10200 23918 22539 26140 25219 35453 35715 5751 4820
87 15 239060 3248 5495 36490 36619 24791 25667 35904 35663 16650 15088 10687 12829 1135 212 3674 1026 22895 22051 26177 25388 36153 36308 14761 17025 35539 35689 6346 5500 24376 25223
88 15 275199 17767 19500 24315 22900 28908 29441 26501 25438 38608 38611 29631 29538 31876 32116 22975 21953 10253 12291 3834 1303 29272 29254 36501 36718 14477 12741 15502 15490 13579 11554
89 15 222709 23800 22556 18132 20166 31103 31710 18550 17956 12774 12207 27993 28466 5965 7328 2105 5359 29357 29977 30288 30292 8983 6608 30989 30330 5056 8226 16850 15950 16442 16865
90 15 200602 33461 33209 7850 10686 18709 17423 10487 10349 13659 15698 18697 16927 24139 23874 37179 37077 12166 10034 31270 31738 5789 6575 4005 6069 11492 13111 390 2349 21460 23168
91 15 236789 33502 33119 11390 13433 3514 3094 10227 8583 24593 25996 35158 35478 2541 4894 33899 33502 32876 32887 36789 36950 37788 37711 2646 5521 12320 13698 14340 15544 4404 1279
92 15 175057 21579 23139 31526 31076 10312 7609 9849 12102 24178 24659 7564 7920 11082 11299 20144 20648 156 1834 5666 5580 13255 15236 2293 4204 13597 12731 15898 15410 31723 31355
93 15 228209 5170 6149 1802 971 36137 36054 4098 2236 9684 10815 25820 26755 13055 13480 14492 16259 13454 13835 16324 18466 30981 30284 28753 28753 37498 37610 32196 32460 15798 15964
94 15 240459 19816 19120 5237 2254 10804 9314 10842 12186 267 3886 23260 24158 36876 36974 16411 15517 10717 11940 25901 26803 32252 32454 34282 33975 14669 14942 36746 36813 22494 21346
95 15 242940 6259 6305 35060 34900 24649 23449 5238 4922 1479 3485 36488 36654 25077 25822 37327 37426 19362 19171 18762 18958 23064 22642 674 944 29824 30670 4014 7334 36399 36441
96 15 223139 2922 4051 15246 14033 29536 29013 31491 32158 18191 16899 9313 8681 1196 1545 27517 26750 23090 24540 33402 33552 19429 18433 232 122 5047 8256 29170 29538 33142 32846
97 15 319476 30427 30940 30549 30074 8097 7101 31471 30765 20885 19858 11437 11176 33893 33912 36091 35878 34428 34314 23997 25275 16240 14594 36406 36501 34954 34607 23067 22090 27404 27692
98 15 200368 6867 6110 15588 13943 30002 30503 5985 3589 31882 31601 23829 24718 20830 20960 18819 17335 1479 1985 18909 20512 12667 13746 15242 13743 2569 1476 21816 23181 23976 22865
99 15 273103 7155 7890 11094 9191 36632 36694 27028 28186 26074 26397 31258 31415 22360 23206 18573 20137 3712 2752 26795 27326 35979 35957 31307 31405 22918 23980 16178 14283 24316 24162
100 15 191713 21992 23275 24638 25422 15804 17107 23717 24645 21867 22509 4789 7538 8028 8096 31516 32104 15781 17141 5071 7779 21074 21780 9529 9642 21861 21629 565 610 13410 14508
101 15 299733 20384 18633 17122 18811 30427 29792 28445 28111 30229 31024 18685 17797 21283 20794 27479 27532 11556 10460 6332 3358 36071 36008 36317 36319 31301 31699 37498 37377 21538 22098
102 15 166806 3876 5237 5724 7438 16662 17920 8747 6008 5667 4892 8008 7646 3050 4092 4728 7334 28087 27054 15420 14955 31562 31645 21099 20430 34105 34014 3768 2089 18005 18265
103 15 251854 23796 24631 5171 4891 14970 13701 11977 11748 23247 23718 15482 14228 27098 26934 4466 2387 23651 23421 21573 20788 17756 17997 31881 31406 32715 32538 36960 36784 24075 25421
104 15 228021 3096 118 33819 33581 22621 21226 35054 34981 26150 26323 31024 30963 4924 6883 10960 9856 15524 13645 5388 8389 918 2035 7360 7475 26721 27685 33503 33782 27965 27585
105 15 225682 6191 3669 35290 34969 17778 18601 33744 33972 8373 7411 18956 18595 24927 24183 10712 11623 26487 26419 24560 25071 27491 28044 6645 5541 16418 17110 9725 9642 14806 14103
106 15 240392 9447 8143 37086 37016 18234 17489 30492 30721 2652 1894 31002 30962 28728 29114 9585 6684 23201 24007 4758 6695 19545 18812 23796 22992 36761 36850 20592 20111 4612 5758
107 15 248238 7326 10328 37669 37745 1549 4069 22105 23447 38349 38363 11011 12522 30743 31221 35257 35126 5560 5350 25659 24689 28562 28837 2110 4270 29388 29817 4366 2142 30644 29976
108 15 179217 3121 368 10160 7546 11852 11095 32060 31758 2259 3408 25893 26167 36990 37086 291 243 6950 5286 38129 38163 15883 14620 17768 17209 4344 2540 13494 10983 4828 1737
109 15 256254 1018 3155 23362 24708 22348 21636 38683 38680 15357 17061 11822 12239 16767 17490 18776 18476 22949 22123 29643 30484 27470 27038 1854 284 30824 31305 35917 36027 23528 24067
110 15 211871 28922 28248 31329 31741 12347 10854 9159 9255 21288 20107 7901 7919 1694 2800 26699 26100 21286 20482 9599 6877 22073 21087 6318 8114 12196 13542 15485 17582 38543 38541
111 15 237015 26837 25859 35404 35579 12555 11947 33230 33686 33181 33434 7457 4644 25543 26738 10729 9713 32438 32057 372 2400 13258 11117 7872 8272 28177 28859 17328 17612 11888 11960
112 15 290940 29289 29778 7365 8127 14307 14861 12972 11302 30147 29985 34879 35187 27041 28145 11155 12917 29302 29726 17226 18142 38085 38033 35965 35819 20297 21407 23137 22211 32509 32722
113 15 286855 35550 35727 24583 25745 4249 1807 26291 25321 17973 19249 10872 13466 30889 30195 27600 28429 20205 21370 22607 23828 37428 37478 37049 37093 3978 3662 26142 25423 33153 32680
114 15 269736 34551 34404 3267 6683 35614 35351 36260 36227 27152 27376 3188 4306 24670 25070 20785 20800 4213 4281 33326 33561 19269 20718 16685 14949 22078 23292 19596 20998 36516 36554
115 15 214253 14576 14714 31609 31658 6835 8507 21521 21788 28271 28906 17594 18589 5984 3092 29634 30184 9531 9581 139 1549 29673 29074 26190 25057 1192 3676 35192 35509 9876 7260
116 15 201943 224 2740 3178 2902 16238 16802 28547 27850 32427 31831 28905 29686 22760 21799 9984 10807 10729 10481 16297 14399 20661 20192 4015 5542 32964 32627 9899 9402 15601 15021
117 15 190864 18366 18545 24964 25655 24155 23729 7746 5674 12229 13843 23912 22837 16819 14924 18748 20394 10086 7863 32083 31736 19554 17838 2063 5434 9268 7729 6194 7277 12394 14749
118 15 269962 18281 16985 27323 26677 34856 34633 5231 5934 32771 32529 14670 16622 32045 32641 23321 22680 5700 8064 5924 7900 17876 17035 34791 34869 25603 24571 31492 31963 27569 28461
119 15 253348 12743 10452 8891 9675 36271 36366 14098 15567 5962 7847 34628 34935 20642 19140 23143 23089 30388 30957 5645 6077 29030 29325 16671 16408 34180 33912 37207 37180 7187 4982
120 15 267884 33641 33598 32817 33091 23014 22924 26049 26677 37530 37431 17080 16754 7414 7851 5349 3484 36456 36414 21084 20707 23586 24880 11124 12217 11419 12538 37701 37779 10591 12674
121 15 279755 33740 34167 345 3707 15423 14599 23786 25126 37214 37317 9073 9853 24046 23132 25807 26506 31335 31692 37631 37554 15253 14672 38552 38548 27817 27161 19731 21283 9941 8633
122 15 265863 25688 24553 2493 3663 37855 37867 4476 7312 37907 37941 875 2621 28966 28352 30973 31508 9113 7455 36863 36973 344 593 34770 34495 23626 22937 31302 31326 27078 26466
123 15 224381 17299 17105 31075 31307 34131 33691 36393 36579 21717 22732 2409 3229 6220 5036 7111 4247 6038 8456 36138 36193 12684 12737 26658 26182 1982 246 5245 3807 35377 35100
124 15 286164 22689 23000 28919 28848 36398 36292 30914 30931 17190 17770 8695 6769 24021 24624 32337 32321 18233 18639 25708 24532 29748 28983 37080 37191 23027 22176 6467 7556 16279 15452
125 15 246286 37387 37367 16770 18953 20548 20226 1279 3400 29877 29382 29277 29195 22342 23969 11706 10869 30206 30942 31594 31406 19086 19428 10483 12705 669 3540 31147 31622 15487 17478
126 15 190240 28379 27701 3253 3431 14583 16531 21613 22241 34093 34124 18458 20152 3985 5833 27073 27726 1752 2476 30809 30305 10558 12085 10130 8859 20019 20940 9699 12032 3396 4172
127 15 168012 15622 16597 13900 14899 2996 1948 4780 6911 21054 22776 11530 9217 13228 14164 28572 27662 26589 27424 2305 4933 3876 4661 3876 4116 9838 8670 33905 34188 17945 17835
128 15 262358 31621 31544 25824 24806 24553 23357 24494 25838 8768 7292 4897 2034 18420 17391 35064 35154 31810 32025 26792 26455 32815 33350 17885 19241 27417 28109 15546 17793 2042 2361
129 15 241780 34037 34406 25564 25983 28284 27588 16288 15069 31374 31375 24395 24713 21263 19661 4810 7848 75 2933 28357 28982 11232 8596 35253 35497 11345 11966 14662 12999 15286 15848
130 15 239085 19325 19068 23578 23187 28990 28867 28017 27337 24273 25562 31705 31377 22130 23702 26842 26249 38708 38708 20623 20461 1826 4953 4700 4716 6974 4432 19100 18490 2066 4307
131 15 258355 31869 31346 33251 33194 6335 7266 29642 29856 37881 37864 28085 27607 18225 18962 23863 24856 15155 17216 9031 7427 5715 4882 12591 12038 18799 16995 21503 21639 30999 30801
132 15 205162 1266 4411 3051 48 4271 6984 12252 14017 20453 18864 33762 33364 34922 35118 6883 8952 26458 27368 37351 37305 11779 10010 21931 21317 3931 6907 36260 36025 1883 4701
133 15 180466 28317 28604 25199 24569 18882 20704 5944 3164 19442 18655 6494 8633 5534 4652 8787 10881 6903 5280 25383 24840 14270 16203 10991 9295 11608 11591 7242 7759 30587 31150
134 15 185923 25074 25928 7171 4524 6459 4502 15247 17172 11138 10396 21640 21026 35483 35234 23712 23874 3390 4173 3724 3700 30448 30184 26553 27386 13665 13383 5035 7418 3665 635
135 15 199314 27346 27955 4836 7566 33676 33432 17436 15684 20035 19440 11006 10587 11545 11045 12405 14190 14382 14335 4420 3257 25496 26007 1837 771 29811 29628 5018 2102 29894 30600
136 15 215396 34950 34678 2555 152 23821 24876 5418 5800 19536 18992 24055 22937 21863 23267 33289 33452 14110 15377 30958 30977 13957 15872 3250 6635 36840 36734 1978 3758 2666 3041
137 15 238811 4310 2851 13825 13359 36322 36392 9810 11661 9124 6608 30921 31608 29126 29279 21225 21970 8406 8627 21306 22271 1809 924 37356 37389 14098 13408 24382 24063 36494 36555
138 15 197093 22031 20960 10224 9868 18238 19327 25186 26231 13063 11068 5110 5451 24496 25228 31744 31850 36102 35846 3318 4300 17372 17521 3446 546 11430 9216 7916 5756 16691 16963
139 15 219657 25246 26579 29187 29232 26659 25881 32618 32111 8104 5452 7281 6326 8261 8118 33206 32814 32855 32456 35512 35273 6140 8419 6732 6884 9911 7866 4512 6660 8348 6385
140 15 267044 10568 8238 31196 31013 15763 14551 14927 13750 24544 25729 2971 1526 30415 30758 21503 23140 22433 21664 32176 31706 26396 25451 31283 31454 3419 2546 27668 28292 38544 38540
141 15 204166 21675 20176 16371 15032 9947 8306 22460 23465 33436 33859 18393 18813 7226 8973 12009 13514 29874 30124 3084 3564 24061 22864 16735 14555 2459 2260 6483 4048 30995 31153
142 15 230388 34337 33958 33501 33198 1158 601 23422 23833 6581 9009 23934 24706 3991 4551 20073 20169 36566 36647 384 2896 13313 11127 13900 14646 31606 31231 23005 23227 22215 22959
143 15 240615 8881 9728 7402 10086 34893 34917 33209 32862 20498 19527 3254 5483 37016 37081 28826 29492 8445 5640 16248 16580 18341 17725 22480 21289 8118 10752 14505 14331 38653 38650
144 15 252793 10580 13309 3470 488 28314 29276 33081 33379 21346 21722 17355 17834 16293 15273 31143 30975 4685 4414 25629 26743 24904 24588 13384 14106 34605 34867 25068 25584 26135 25405
145 15 220267 21105 19698 13047 14094 9646 8263 38064 38026 17831 16140 12699 12583 5189 4514 5155 4306 22591 23410 13974 15380 24967 26157 11899 13840 26325 25993 15274 17463 37568 37586
146 15 189280 5016 2148 33078 33604 17451 17998 4394 2614 10726 7956 6840 9077 32745 32460 26489 27511 5379 5160 11192 8977 35621 35773 1953 5204 3860 1303 3674 3859 38183 38199
147 15 183293 1414 102 13787 11706 13291 12798 35460 35650 12018 14570 35848 35782 520 365 15708 15030 28123 27300 3106 1899 158 568 15140 14189 6355 7057 29776 30077 18413 18275
148 15 288898 37033 36964 26372 25719 13337 11403 12084 10941 38643 38637 22744 23981 8223 9969 30273 29599 32133 32435 17547 16560 14312 12788 22093 23347 20889 21029 32700 32607 32740 32871
149 15 221948 17258 16586 11433 9986 13911 12710 27619 27361 36673 36602 29238 29063 8425 8486 25499 25936 1193 4292 1243 1736 36160 36409 7051 7028 16984 16674 6791 8437 37958 38017
150 15 262147 18825 19033 6820 9832 1662 1008 9445 6904 28881 28415 12529 14312 9544 9670 37516 37519 12630 14141 33780 33662 38369 38370 31566 31093 38157 38113 20731 19683 27229 27014
151 15 273776 17596 16030 15576 17842 38296 38327 16125 16702 31553 31471 16777 15243 26962 27220 36469 36334 11716 14115 38046 38110 20029 18705 2314 41 37635 37571 20593 21989 12533 12700
152 15 203614 22202 21583 26008 26674 18149 17510 31727 31097 1754 3110 18406 18880 10374 10645 15119 13419 17898 18240 526 3688 26706 26446 24897 23912 10857 8207 214 2522 29681 30022
153 15 221217 31178 31572 36720 36554 5648 4446 22350 22565 35178 35270 2710 4850 2868 3147 5466 8642 25114 24217 19542 19151 908 3116 32595 32006 30995 31118 12316 11147 12934 11814
154 15 222172 28019 28856 30212 29863 3220 6284 18884 19202 37073 36953 4550 2153 27657 28235 1422 4887 16895 17619 26582 27486 3762 1842 19108 17273 25762 24728 13140 13814 21430 21834
155 15 219160 24036 24913 9055 10427 36554 36683 9964 10518 29306 29284 1450 3959 31338 30679 11778 11552 13509 12754 15476 14998 11673 12514 27673 26633 17650 17709 3651 5066 30837 30128
156 15 259339 22077 23461 20164 18532 7791 10794 20460 20798 36714 36665 26204 25632 30520 30113 3166 4257 35546 35428 7590 10557 26351 26640 16758 14609 33727 34092 27896 26899 9210 8920
157 15 257784 18368 16795 37711 37783 26450 26190 25921 24887 31294 31819 1981 3991 31020 30812 9449 10805 6705 3938 9137 9674 12242 12472 29393 30055 23930 22857 21299 22121 37330 37375
158 15 233012 12497 12937 25081 24749 4094 1739 35761 35591 27897 28153 29058 28314 21298 20408 35262 35363 10297 8557 18919 17123 27499 28300 18161 19533 16555 18317 3306 4079 5580 7791
159 15 258706 37568 37615 11172 10662 20427 19251 19951 18919 3188 6463 16231 14267 34407 34543 25254 26511 35705 35527 32207 32743 3736 4449 8437 7917 2488 5825 37055 37138 35557 35420
160 15 262888 18746 19138 37040 37020 27282 28041 19020 17578 2404 2496 10979 11483 32228 32865 38429 38408 12491 11561 3733 6938 17281 18634 33672 34012 9227 9118 33516 33224 32562 32536
161 15 212620 20227 20416 29383 28493 29195 29139 11841 9388 8445 8175 7758 7635 3527 4326 22285 21809 15351 17032 17236 18007 19518 20056 34887 34886 23029 24327 18025 17767 5068 5448
162 15 241803 12528 13328 19470 19533 36812 36983 33527 33997 29317 30243 10868 13265 37305 37443 7469 4731 6303 7352 1944 2017 15631 13460 15531 13376 35921 35980 34111 34566 5517 6629
163 15 185092 15819 13877 5904 3331 28748 28042 5181 2142 1643 5002 29717 28901 38074 38048 24984 24218 6301 6160 7974 6418 10036 12529 33443 33566 4975 6616 15627 13797 2939 5925
164 15 229516 6053 4715 22762 22192 4304 1374 35720 35798 2127 556 3275 1357 38574 38565 23243 24450 2396 1814 34474 34622 17828 19759 9250 11066 21038 21029 36226 36319 29626 30023
165 15 257524 11194 13472 35554 35268 37339 37342 19171 20522 12649 14110 34523 34430 10288 9521 31377 30850 29920 29756 13800 13823 10518 7796 25242 24150 14735 15969 13783 15578 21813 23384
166 15 199839 6203 7767 18460 16813 17395 17338 476 1701 1562 5177 19983 18994 15387 15593 32912 33425 10709 11334 30861 31096 12156 10926 37085 37081 4573 3488 6112 8628 35925 35948
167 15 247084 5923 8546 21243 21690 27208 26252 11754 13525 26285 26238 16382 18513 14357 14500 10413 12143 36751 36693 35063 34777 29650 28836 16650 15775 21383 19741 6033 7380 29760 29574
168 15 208752 31769 32102 38411 38387 2174 3593 2003 1181 3273 2084 29827 30040 24198 25385 26753 25937 23012 24064 1750 5204 865 1947 20249 19563 22426 23183 26402 25759 7828 10707
169 15 213754 14028 15978 29374 29448 35008 34843 4431 4942 11412 13329 1540 207 15547 14469 6337 4282 18413 17884 4152 2276 33312 33800 10128 9212 27361 26225 36278 36039 19872 19035
170 15 263816 20918 19570 2837 3189 7250 5762 36606 36616 7815 9025 34901 35128 36362 36196 3150 4505 37712 37689 32596 33170 18644 19162 32315 31872 37726 37667 6066 4704 14872 16397
171 15 229860 1160 2788 6835 5386 29551 29448 15111 13610 8849 11782 14861 15004 27956 27412 34856 34781 26020 27125 9331 9382 22339 21484 36061 35821 18107 18762 1711 2187 34577 34181
172 15 253931 14600 14118 29118 29524 24906 24991 16086 17509 26693 26615 37040 36910 1727 3860 5624 5309 14206 15448 34614 34551 24205 23390 18087 18461 32572 32895 10205 9607 27731 26969
173 15 243629 29904 29908 10505 11313 6580 8473 24078 24108 12644 13828 32546 32920 37379 37422 1126 1363 21458 21764 7703 5871 14248 12507 33762 33942 4233 1970 36603 36603 31768 32449
174 15 235748 4650 5548 27514 26775 3909 2476 34916 34849 2695 3557 4241 4437 28752 29236 34161 34064 22919 22211 6789 8481 32988 33295 38330 38302 29987 30195 1165 1279 21669 21743
175 15 190423 6135 9195 6933 5854 9059 8013 12902 13071 36772 36622 14677 12376 3177 635 19715 19260 11261 12515 5773 3422 27264 27152 35462 35181 18997 17439 24120 24085 5782 4920
176 15 218676 29626 29954 4139 7448 13976 14762 20323 18777 35708 35746 9308 11200 15257 16824 20599 19945 4980 7379 38512 38518 20417 19689 14558 14551 17094 18637 9173 9692 19676 21238
177 15 170618 7774 4895 1574 3556 24039 24466 3300 5056 18174 16122 4387 6142 31863 32546 18982 20926 28986 28028 20596 21928 5376 3000 13935 12337 6935 6217 4966 3983 22386 23461
178 15 287635 23057 24369 18896 19599 9633 12494 37520 37537 31360 30961 22324 22272 29219 28566 20404 20747 27890 28537 13091 11231 25240 26339 16709 18130 34194 34601 30988 30622 19019 17339
179 15 219280 7731 5913 22323 23425 1725 1908 23470 24650 14395 16288 24536 25605 5456 3401 28287 27617 30346 29615 19856 18990 32752 32237 568 1890 29234 28974 14443 13899 18978 18976
180 15 263156 19376 18920 20277 19428 37899 37864 8550 7908 37279 37242 9580 11468 36343 36341 33691 33322 17904 19818 12616 12168 7508 8924 34075 34093 17629 17024 8387 9071 27831 27055
181 15 214412 12858 12545 26539 25701 17396 16932 11092 13248 19916 20902 16941 16119 8920 11385 2364 568 36979 37074 9835 9457 37461 37480 1669 4597 10979 9105 32346 32532 22721 22714
182 15 202866 21328 21926 16629 15526 38470 38458 29915 29875 13415 14967 7715 6088 9140 10231 2927 350 15062 13584 14204 14287 5642 2497 24592 23673 30065 30176 11248 10798 13231 13219
183 15 201072 35109 34824 6459 8692 9162 7595 21199 20236 5152 5791 21670 20339 7897 6871 17528 17197 25613 24653 2715 6183 33994 33961 14105 14543 12682 13739 9500 8473 28555 28052
184 15 189260 13507 14720 33658 33363 27185 28239 30865 31327 25953 25100 15548 15740 3204 4845 3031 4573 19108 18538 17742 18921 1912 5581 4522 4113 4973 2217 24701 25653 10666 10876
185 15 230884 27295 28380 2074 3728 36419 36197 24506 25309 26329 27499 22130 20778 24873 26035 14633 14914 7096 9190 23295 24149 26613 25812 6309 3718 13735 12160 2271 3732 31028 31556
186 15 267904 37346 37435 11808 13271 25274 26262 32634 32372 19330 20370 12083 12654 16749 16327 36416 36517 31265 30557 9812 9622 24660 24082 20988 20318 12043 11965 8611 10440 35861 36057
187 15 234058 12537 14371 20443 18797 28377 27598 25280 25445 32009 32082 829 4025 2466 3172 764 1333 38672 38671 15815 15634 31884 31432 18047 19805 37424 37443 14805 13291 13221 11007
188 15 250183 10811 10530 3560 3116 34317 33982 24185 23187 13169 10688 29033 29858 11887 10065 23991 23289 24210 24192 35544 35548 36773 36683 21845 23347 21177 22839 15709 17212 6518 8757
189 15 194155 13431 15122 8717 8472 15162 14941 19601 21007 27573 27640 20679 22287 18887 18160 11425 11092 3852 5937 3670 1583 22085 21299 12602 13637 10491 8573 23221 22829 31298 31941
190 15 216785 160 884 1500 2180 26658 27837 4308 5900 25418 24867 38149 38157 19320 19213 6046 7400 37886 37857 28425 27710 10783 8297 25776 25979 22032 22362 19180 17314 5341 2360
191 15 215109 34687 34727 14707 14117 27381 27470 3348 5588 24966 24086 30340 30089 36713 36561 14137 12121 6435 7632 2942 598 35847 35971 7425 10100 6382 7112 5498 3594 18079 17870
192 15 221628 38659 38662 20619 19429 2668 5770 31594 31288 1935 2492 21992 21107 16541 14556 12515 14091 38655 38652 14105 11837 4685 5928 18669 16801 22650 22128 22570 20963 9178 10738
193 15 192069 4645 7920 2617 911 3937 4579 8111 9579 5942 8351 19210 18406 29499 30317 30159 30789 30394 30232 17652 18092 18897 18578 37052 37149 4423 1955 26465 26266 1084 1630
194 15 256084 15094 13058 25495 25840 26797 26830 10899 11720 36445 36379 23953 23362 18703 19807 19344 18368 3743 6215 14947 12790 7786 9996 33695 33340 23943 23590 31373 30701 27888 28256
195 15 220652 3579 330 30564 29907 6866 5296 36645 36549 18515 17940 7155 9945 37764 37727 6840 8569 32030 31715 27454 26806 3621 5760 34474 34762 22379 23139 3492 5737 4437 2561
196 15 232580 15541 15178 34475 34854 12411 11806 34469 34104 7888 9465 18444 18433 5471 3929 24770 24001 17706 17498 12884 14916 25409 24178 29578 29702 16363 18367 1486 2638 33831 33396
197 15 249348 20018 19864 9199 11046 1664 3673 35334 35607 8004 8253 30670 30934 35289 35301 8595 10104 3165 2557 36111 36211 34505 34630 16026 14119 2847 4691 37534 37429 32724 32725
198 15 210758 17882 19545 21982 22141 23637 24669 19582 20089 6673 5706 21644 21409 22417 21438 6264 3046 15498 15194 25513 26514 8288 5335 15069 14979 32227 32856 7434 7532 19338 20514
199 15 181013 8049 7734 20204 18758 19225 18429 2958 4359 25855 24982 10411 11190 5353 8041 18910 17420 22347 22998 35577 35484 9238 10258 10361 9974 29181 29318 1583 1272 7015 3853
200 15 244235 5258 2940 7863 7857 22075 20750 24423 24428 28121 28678 12433 14155 37231 37281 7190 8817 38062 38013 1408 2419 36074 36096 16951 15518 27521 28616 9431 11375 31253 30655
201 15 211580 9210 7624 37174 37160 9917 10662 15498 16244 6325 4225 31018 30585 1258 872 34412 34608 20986 20432 10527 10401 32512 31919 14930 13297 12453 14038 23170 22485 5086 6073
202 15 182017 41 2120 33991 34034 10786 13576 522 941 1354 1477 14549 16368 2412 5288 22103 22447 35455 35496 23272 22870 14006 11944 2386 3911 7314 6941 25727 24647 33604 33348
203 15 230816 19138 19986 17275 19176 9328 10763 19816 19886 35938 35665 13424 13194 26691 27321 26219 25045 32984 33082 21518 23211 14494 13729 6520 8867 1421 4342 18955 17686 24800 23440
204 15 165234 8189 6102 19897 19899 7493 8134 8398 8737 6009 5602 2696 3237 9194 8350 37538 37648 26876 27563 13208 15619 11657 12709 32192 31736 532 676 13979 14645 8685 6700
205 15 227876 32338 32923 25852 24691 33002 32441 1199 4497 10917 9121 36397 36368 18983 17392 13081 11118 29415 29338 21154 20094 13468 11154 18365 16743 10392 7987 8820 11663 11463 11397
206 15 220836 12091 12724 37749 37818 16681 17015 37937 37865 28606 29518 10965 10256 8719 5897 6686 7302 10351 12592 2847 4836 10709 10201 7607 8280 31683 31372 37350 37261 16064 13846
207 15 249922 21517 21454 18960 19400 34761 34658 34179 34045 33866 33845 20304 18946 2602 4388 12327 13184 31836 32262 20363 18770 38437 38461 10625 13410 1180 4193 23788 24876 7658 6139
208 15 253962 6724 9059 36531 36532 25163 25074 30220 30151 26427 26593 33544 33175 14128 13174 17840 16689 37574 37519 19078 17130 28933 29490 13749 15745 5386 7125 12604 13529 9552 11075
209 15 256013 20802 19566 32794 32359 5979 6159 33956 34261 24588 23608 10218 12479 14678 13951 37433 37488 19622 19537 21854 21372 18604 18694 16123 17125 34922 35115 1329 4891 27115 26660
210 15 242701 10236 8019 14700 16731 27363 27839 34820 34846 23446 23181 5809 2709 15860 15689 31787 32190 21744 21746 11966 12835 34597 34881 18531 17464 21649 22999 7854 7270 23015 22678
211 15 318276 27350 27950 33774 33789 3741 6137 30242 29566 9746 11660 35588 35705 30588 30316 29251 28468 2259 2025 36252 36479 30316 30463 30168 29661 36012 35868 34370 34247 28188 28330
212 15 255723 14646 13177 32673 32301 5383 7480 26586 27324 32878 32451 483 207 19404 19895 34151 33887 20172 20445 5254 4784 10440 7817 38541 38541 27496 28463 36071 36213 15476 16181
213 15 190648 3718 3221 3998 2112 1818 3293 26599 26870 10924 11668 27854 27024 22359 23029 22110 20518 4644 3345 37697 37666 32536 32906 3510 3264 1333 1105 28937 29501 10273 9444
214 15 186185 38694 38696 5659 3620 8019 8219 8525 6227 15307 16783 10609 7804 2967 5249 37084 37128 25591 25126 35477 35663 12967 10414 8917 7550 11841 13761 2014 1125 9061 8497
215 15 249508 28441 27865 22193 23166 36442 36283 528 343 13410 11887 7664 4927 10260 7533 25444 25981 35721 35500 5410 3613 29603 28732 37307 37442 24930 23924 17100 16221 17433 18753
216 15 261356 2292 2346 27495 28203 10758 7988 15973 16095 3812 6260 25935 25774 29244 28735 33556 33435 38538 38551 18091 16424 25209 26346 15828 15469 35789 35857 24703 24221 19473 18411
217 15 210637 23102 23611 6567 7966 17400 15292 4603 4350 17270 18890 27871 26882 5447 4987 8135 7395 21943 22578 28203 27366 11673 13158 36284 36519 19226 21116 23745 24294 11828 11669
218 15 223658 34777 34911 3270 4062 32045 32340 14662 16715 10352 8802 36986 37029 433 4207 17399 18314 9814 7564 35900 35920 28119 29127 2859 5215 18550 18099 27470 27771 6937 9112
219 15 195245 551 3345 31672 31650 19724 21130 3348 2545 2311 3869 7808 10830 37130 36995 18030 19147 30971 31236 35540 35391 2747 3958 12057 10260 15469 16742 24321 23591 2378 4350
220 15 205865 20742 19524 17725 16328 820 3136 24215 24457 12478 11255 11769 14213 7730 9041 38678 38680 5826 4149 10523 11259 13996 12005 32553 33098 3708 6261 26630 26252 29939 29336
221 15 249519 31826 31951 35488 35746 13264 12543 9054 10018 2023 4901 37501 37497 15856 16386 27905 27785 11872 12951 29791 29147 5125 5580 2292 1881 24634 24995 34420 34435 30848 30861
222 15 203303 21444 22086 9606 8614 30498 30200 2706 5189 33690 33404 20003 21013 21214 22611 7069 9260 20650 19711 34760 34891 21052 21364 19156 20521 5021 6769 6219 6644 1041 672
223 15 192524 5725 3577 36193 36055 19921 20008 33048 32846 34280 33887 15279 17536 25959 27027 4852 2187 636 1275 984 2196 14830 16657 664 4204 12121 10694 7349 9924 28815 28383
224 15 242493 13148 12379 14990 15801 9512 9006 28310 28974 2189 1201 31125 30600 34446 34240 6538 7554 31334 31219 6314 3703 30529 30038 29289 28768 10694 9272 32992 33489 21707 22691
225 15 155572 23369 22048 9981 10718 883 3073 14588 13226 35318 35400 4398 3235 14409 16381 16061 16374 6506 6195 128 2820 3188 2799 29565 29946 7586 8208 1354 4344 27132 27475
226 15 265970 37753 37828 34333 34427 6612 9680 33098 33218 21656 21980 21909 22373 20383 21019 2693 4114 21460 20946 12609 15216 1135 360 21376 21725 27538 28473 37051 36953 32857 32504
227 15 154458 9398 9015 36008 36190 609 1634 12902 12210 7999 9397 8161 8532 21678 20512 7152 5018 27630 27158 9585 8142 6596 7013 7548 5316 2884 5962 30255 30319 4668 7691
228 15 236308 34110 34044 29499 28923 7966 9180 23916 24638 5038 2393 36603 36475 4606 1684 3849 6243 5489 7729 35019 35053 12776 14189 12249 13735 35726 35768 24779 25180 23760 24806
229 15 279628 27389 27649 21833 20815 11655 9073 7422 5437 20769 20463 35403 35658 36577 36548 21828 20347 5816 3273 21565 20964 38530 38518 12768 12251 38137 38117 28967 28289 20877 21062
230 15 251372 25513 26113 10726 10892 38074 38094 8858 10852 25483 24731 37120 36967 38299 38309 4856 1585 23428 24642 34459 34206 392 3339 28005 27665 10911 12567 25488 24605 2603 328
231 15 244167 37053 37112 4332 2835 3947 4743 9373 7630 26804 26532 30089 30944 36370 36302 15935 15349 23160 21854 19962 19722 29055 29765 27170 27754 28651 29084 13204 12446 104 3691
232 15 197168 9571 9046 15962 15169 4320 6146 15843 17493 8455 8152 7094 4484 13480 12944 811 1096 17140 19031 18391 20328 12919 12217 30761 31333 38276 38236 30865 30212 22573 23706
233 15 162099 214 1689 22354 23336 16584 18010 19351 18401 5716 2910 2851 5305 24749 26145 10704 9462 18569 20251 26027 25990 3555 492 831 2698 18643 18828 5444 8358 27032 27076
234 15 228638 2402 518 14544 15210 34273 34166 32146 31600 32370 31755 6895 5686 24108 22909 21025 22602 11686 11827 38313 38336 32493 32048 3437 825 7837 9445 19465 19815 4804 4683
235 15 227289 34797 34522 7699 8536 18729 19229 29063 29832 17732 18501 34195 34054 9491 10160 7936 10236 24316 24614 31540 31258 792 2910 22137 23272 25847 25034 1589 3699 18249 17092
236 15 216290 10796 11541 304 2238 4988 3322 10837 13036 23563 23388 38599 38605 36657 36620 1051 2543 6856 6037 15081 17243 19842 19879 34535 34293 23483 22557 16912 17813 26859 25970
237 15 238877 20780 19147 28371 27456 10554 12094 17203 17736 23547 23621 30044 29742 35660 35537 2568 2687 31454 30841 13669 11543 15039 14128 18186 16430 6065 5495 23925 24991 21532 21396
238 15 201440 14593 15725 20138 21910 5935 3726 18288 18259 14439 12871 15931 15300 16899 16752 17011 15650 25235 23999 9044 6918 5706 3780 10631 11596 33185 33709 22282 21335 22483 22084
239 15 257999 34574 34692 19655 21468 4997 5727 25637 24435 22365 22469 23010 24488 37339 37407 3037 1307 25461 25338 31140 30757 38131 38131 3677 692 4772 1845 12794 11691 35910 35760
240 15 234363 35685 35904 14575 16270 17865 16072 4427 1639 9611 9838 16125 15761 25661 24624 26699 27135 15092 14157 16996 18138 30247 30255 10610 12818 37651 37607 28819 28607 2891 2260
241 15 134610 23251 21896 3871 6670 1900 2532 1008 848 1275 3576 6251 6429 7546 10572 1738 1744 32348 32919 20347 20186 29947 29163 19038 20623 4881 7059 14158 16298 704 3655
242 15 291394 37791 37749 28027 27521 35540 35234 27037 26457 14156 16418 38047 37991 24450 24993 16395 18195 20421 19554 5392 2142 17135 18273 17518 19542 31714 31315 29215 28661 21405 20622
243 15 271014 33155 32667 10741 13164 27493 28232 16133 15417 30058 29444 33025 33254 8016 7241 12145 10553 14189 13506 23138 22259 29721 28965 22965 22187 9817 9820 33351 33591 34821 35067
244 15 223749 17791 19099 10495 10641 20745 20954 31017 30402 33080 32593 10727 10029 17073 18836 3311 4818 27204 27541 19265 19788 8306 7768 8339 9919 35563 35377 31893 31465 4878 3080
245 15 192924 11676 13866 19246 19673 448 2641 12233 13347 6804 4114 6552 8880 17314 18591 21977 22866 10157 10454 19011 18358 17613 17218 35504 35610 2892 5558 26978 26506 32750 32162
246 15 235528 26051 25009 19063 18095 10017 9828 549 2974 36111 35914 22476 21423 33864 34187 23201 23838 38712 38712 24058 24489 4604 2164 13541 12319 7145 5993 29933 29968 5085 2202
247 15 248658 24907 23917 15294 15709 21599 22746 30277 29678 1623 1876 16973 16750 34580 34930 12318 10078 25404 25459 36032 35998 8117 9939 16683 17429 38360 38368 23046 23215 5610 5852
248 15 217893 20041 21076 37430 37415 1535 2374 6767 6305 21007 21353 13823 12425 9501 9470 23143 24177 22337 21313 19099 19996 3212 5655 28179 27692 4650 2190 25510 24726 36133 35924
249 15 217724 11645 9273 2838 4026 11457 13027 1262 424 12313 12361 28684 28031 29323 29736 22606 21043 23789 22493 15977 13938 36337 36311 24603 25337 14723 13496 16802 18372 19796 20722
250 15 238749 15530 14273 15526 16976 20725 20538 32281 32687 13991 15362 26903 26754 8476 10437 25096 25665 8968 7675 18653 19593 20421 19558 29841 30654 14794 13061 17270 17180 29962 30779
251 15 265450 32049 32391 32168 32157 24602 24589 14164 15840 33683 33773 14477 16500 21162 19621 22989 23723 19066 19329 27223 26248 15648 15664 32159 32609 3653 6188 13869 12148 24901 23622
252 15 168640 19143 19562 29066 28324 7606 6840 969 2667 1946 5112 30588 30795 37127 37051 10744 11827 7971 10414 8520 7777 22719 23046 21352 21219 7024 5999 5463 3756 562 258
253 15 205984 7804 4940 11742 14005 5248 4382 23232 22221 4145 7475 20208 19961 38185 38156 17678 17250 16040 14740 32000 31880 22273 20891 2816 1146 16085 15069 9679 10211 30346 30412
254 15 286082 34890 34798 35126 34946 33196 32921 35551 35806 20451 21263 34048 34478 16311 14386 23916 23976 22559 21942 22570 23822 24908 23733 18106 19318 6737 6253 5523 5299 23711 25095
255 15 214517 4925 1867 29987 29403 17174 17319 32826 32395 8639 5637 7936 6613 14429 13921 11599 12757 26110 25771 35604 35721 4529 7923 11724 10256 15306 15634 14145 15718 33214 32911
256 15 228899 14541 12931 23574 23485 18171 16965 10957 13543 5611 4702 38189 38154 36163 36359 19661 20892 18186 19018 13704 14934 19827 19654 31517 31677 4545 2889 244 141 31234 31244
257 15 222937 26734 27473 31239 30850 22573 23169 16433 16994 4556 3255 18837 20162 3600 2509 30194 29613 21570 23046 16301 18033 31001 30328 14850 15157 6590 5333 31698 32211 2496 4393
258 15 249810 28670 29305 28292 28696 12230 12102 1323 137 25062 23892 28324 27339 37936 37972 21782 23231 5401 4850 27357 27623 30053 30401 31495 31450 1242 3198 835 262 32261 32069
259 15 238919 10855 8569 17493 18115 30468 31271 9647 11095 14381 14096 31209 31228 15418 16333 21960 22264 35707 35630 24348 23092 4291 2210 26283 26384 24475 23845 27684 28060 4430 2571
260 15 257376 16402 16244 13654 12691 8591 7792 8202 10493 36510 36697 34740 34509 19028 18883 18396 17028 34562 34166 28603 28720 25206 24438 29297 29900 17252 17428 11235 10423 20043 19307
261 15 212394 21245 22782 18713 18399 13115 12898 5569 4466 4332 6315 2199 1704 30070 29389 23875 22955 15575 14040 16483 17838 17634 19520 30966 30954 24432 25045 5846 7213 35439 35486
262 15 234081 13286 12855 25798 24645 7725 7669 18728 17963 19741 21414 29812 30677 6804 9434 13719 11559 16566 15251 18637 20491 30629 31313 36402 36458 11804 10916 34257 34125 8694 8571
263 15 288591 31958 31894 38551 38559 36157 36404 21887 23073 14921 12794 36858 36754 11526 11703 26405 27164 4252 2543 24457 24604 17555 16063 13791 14135 27197 27659 25510 24926 29714 30498
264 15 220752 31787 31787 22834 21594 5690 5210 11653 13418 580 1765 8227 9223 31851 32399 21219 21896 21431 20226 10069 9711 27327 26767 26176 26345 18906 17614 23312 23495 14879 14717
265 15 290672 28517 28148 28041 27132 15939 17907 37194 37064 23847 24796 23321 22822 15401 17184 22048 23442 17681 16634 12515 12275 33147 32949 9083 7442 33049 32678 32489 31941 31069 30797
266 15 254894 21541 21018 25499 25407 1438 3688 37068 37078 36713 36522 37947 37885 3 2605 17167 15216 37524 37560 19997 21121 17074 16639 14703 16542 30785 30100 19621 19639 1538 5012
267 15 255684 2047 121 29590 29068 30538 30603 34067 33872 35003 35124 34645 34904 22602 24108 3492 5797 22995 23269 21053 20146 22722 23513 2755 187 13588 12387 37391 37457 7117 4598
268 15 264003 13581 14156 24558 24527 26678 27731 21502 19936 10472 12654 34411 34024 26785 27745 842 3050 35599 35638 31454 30889 6589 4496 7451 10140 28018 28401 23583 22474 38481 38475
269 15 237492 34784 35095 32175 32292 12633 10480 28919 29223 15493 17041 9763 12181 3005 4276 33383 32986 32987 33189 21645 20049 4249 6437 4799 7616 28189 27364 28917 29504 5924 4450
270 15 241309 29269 28416 36544 36345 26371 26209 23547 23536 21511 19914 25008 26295 10895 10556 21182 20425 17266 17864 2387 5852 30517 30046 25811 27006 907 167 27170 26439 3252 5589
271 15 247792 10349 8592 23662 22284 6842 5093 30854 30636 17369 17104 9963 8213 31452 30898 30132 29611 27040 27956 34825 34792 21252 21434 3223 6268 26237 25070 1142 1738 35398 35542
272 15 205528 5343 8531 7593 8831 19316 18815 4929 4490 35999 36256 26736 26637 23660 23341 9189 8768 36332 36332 4043 1765 10769 11960 13298 12490 21088 21571 22662 21148 15954 13743
273 15 246332 20828 19042 6642 5731 31256 30518 32977 32885 33695 33848 9374 12016 19305 20063 31948 31418 26100 26465 29109 28646 22770 22619 4560 1248 132 2995 11452 8757 27768 28118
274 15 262953 32841 33377 36117 36267 835 3562 26584 25513 21700 20792 1935 1621 745 3945 24230 25508 24692 24846 9441 11132 34911 35167 10439 8802 27624 28186 38149 38141 38449 38428
275 15 208868 21998 21749 34688 34452 2456 697 10814 11013 11837 12338 11117 13751 13404 13681 6797 9022 9829 12244 3722 7155 38057 38079 2521 3622 34356 34447 21215 20134 38275 38285
276 15 142788 3011 6237 7689 6974 32551 32966 26457 25270 9370 9150 1652 1042 4747 2317 76 1540 26046 26980 4560 2353 9785 9063 2455 5265 33158 33298 12828 12001 4101 3633
277 15 254796 11736 12765 14892 17033 18835 18882 19552 20095 37576 37616 11930 11160 36119 36040 27564 28631 2627 770 37956 37895 25662 26149 35647 35589 6697 9832 13156 15336 18546 18979
278 15 210665 35278 35364 12783 12929 9305 11653 28526 27951 34935 34620 15517 15950 26147 26440 10833 12521 12264 11389 1058 2280 10995 11808 20019 19017 13367 13828 15316 14399 16989 16002
279 15 206563 32399 32076 15234 15037 20677 19378 37398 37351 25564 25186 8907 8996 6142 5312 6718 3712 35169 35171 8334 6436 3616 309 483 1898 31369 30805 22838 22528 3356 961
280 15 221397 8335 9951 8190 8890 14856 14744 37742 37822 15003 14139 5804 7647 13796 13679 28560 27743 24308 24052 29915 30132 16935 15409 34020 33586 8345 7596 16634 14889 14304 16539
281 15 237850 28745 29731 22402 21378 12341 11099 2783 2423 2430 5328 7324 9456 12078 9450 32832 32887 30025 30163 8139 6176 28893 28294 32199 32067 35022 34956 13036 13044 29064 28954
282 15 257910 26625 26766 33831 33900 30290 30069 12387 14529 17591 16341 33121 32861 9750 6908 27565 26488 23766 23764 34279 33837 3940 1255 22676 23045 78 574 10377 11775 36112 36329
283 15 248095 18421 18640 9739 8514 11299 12025 90 2301 4167 3898 25404 25699 20170 20602 31197 31599 26787 26192 31396 30832 37260 37166 34945 34892 14841 15863 20471 20406 23932 23998
284 15 199322 16852 18231 4585 4810 16098 16347 8473 10489 23160 23168 32069 31676 10195 11604 2180 1884 19046 18463 2610 2130 31294 30613 26030 27066 5633 4165 31153 31096 19775 17993
285 15 157588 20053 20840 6496 7078 8894 8519 12656 13424 3512 1418 31627 31106 20171 21529 6660 6765 2463 403 28202 28056 5632 5602 11051 12812 6491 5407 15793 17765 17284 17441
286 15 274996 18778 19940 22970 23293 37060 36974 28602 29052 19963 19500 28003 29039 36823 36771 29788 30041 11800 10526 22586 22634 15372 16574 16913 17842 26445 25225 26232 26275 2411 3566
287 15 212044 30661 29944 5262 5163 35484 35390 17489 19562 10060 9611 24946 23925 30658 30742 12543 11645 26337 25492 403 4180 1756 4087 22365 20956 38667 38664 899 4012 7525 9223
288 15 274169 35028 34894 34861 35002 19805 18460 7258 4842 19837 20696 90 1044 29092 29889 24783 24286 38171 38177 27318 26772 31993 32535 19848 18156 26023 25207 11083 9400 17522 18245
289 15 235399 19544 19591 8225 8062 16676 14612 29650 28879 23685 25049 29511 29276 24795 23405 15346 16762 38125 38176 12502 13919 26714 27204 11403 11267 17259 19043 15554 17666 5260 6740
290 15 319786 31519 31090 28788 28750 28639 28473 22102 23137 32111 31603 19512 17666 29337 28417 29593 30495 33444 33445 12232 14746 10723 9324 36432 36587 26084 25869 23448 22715 35769 35994
291 15 231236 17341 18253 3811 5955 9181 8205 28757 29489 27999 28356 32208 32156 26383 27196 22230 21752 7743 9876 29426 30119 19402 18603 5886 5987 22357 23193 14100 13558 22221 21236
292 15 286433 21110 19544 23618 25073 25859 24644 13450 11252 26439 26788 16295 16589 37696 37730 30691 29895 13375 11657 32182 32080 16005 13942 32568 32871 24231 24020 23880 22575 20643 19349
293 15 222910 6938 4528 23127 23165 23904 23346 10346 12355 27068 27432 7876 5319 23128 24076 24505 25475 33169 33279 35168 35056 10518 12483 357 4144 27768 27732 19023 17381 5743 2711
294 15 226756 61 636 15856 17130 1738 1908 25526 24854 32187 31818 20320 20582 38062 38127 20270 19217 29165 28641 5826 5195 24249 25586 5695 5847 33649 33373 5340 5490 25502 25811
295 15 210222 31060 31198 23166 24038 31103 30476 37973 38000 7692 8346 8419 10347 15455 16132 13254 12532 19377 18150 19327 18859 5943 3925 23328 23607 18422 18673 3487 1040 4772 2878
296 15 160944 8014 5639 2991 1714 1202 4057 6701 9096 33313 33745 6543 6755 2426 4801 30496 31112 13511 12914 19026 17573 305 2203 21184 19699 38570 38580 8013 5671 8885 9434
297 15 201363 16451 18233 19325 18391 16017 16224 27773 27401 10042 7396 14694 13268 14165 16108 37555 37647 18010 19564 20256 21501 2896 2117 14109 13924 23369 23807 6510 5958 10532 13110
298 15 243220 13339 13688 12850 14381 38174 38169 24001 23966 38053 38011 6126 5230 19697 20786 33852 34086 16834 17847 12134 13411 497 3002 36574 36526 14279 13234 20966 19558 16649 15036
299 15 255246 7409 9235 17675 18950 30669 30725 9372 9195 37018 37036 38625 38619 35515 35677 21508 22811 3440 2160 9177 11260 18944 18224 19306 20061 19566 19701 26630 26683 24204 22940
300 15 232132 1680 2597 25723 24492 27614 27924 25419 24610 12484 12303 33324 33196 6703 9317 24576 24276 15865 15065 11270 10523 35268 35352 21756 21969 33412 33454 5785 6725 9287 10491
301 15 237408 34829 34791 20063 21687 8030 6014 9417 7998 13834 15302 10226 12300 9737 10051 29448 30358 14729 16183 37556 37641 35318 35518 35170 34831 3939 550 7589 9179 26876 27878
302 15 205374 27236 27809 5632 2612 8657 9743 19 887 10453 9567 26653 25648 38584 38581 28968 29895 1405 1603 54 180 16718 16331 14491 12575 11951 14576 31648 31080 34249 33884
303 15 256824 29427 28927 23550 22734 1303 505 35838 36099 23342 24406 7643 7591 25633 26283 37169 37136 30565 30996 887 2685 24213 23826 21813 22902 28898 28657 7662 9630 23088 23105
304 15 232574 335 2374 33134 32792 14546 13216 32378 32967 31585 31058 22357 22351 23611 24240 21172 21271 9285 10296 27494 27812 16157 14503 7710 8435 20926 21545 16240 14690 13788 14841
305 15 202656 7777 7365 8657 9023 19365 18931 20049 21746 11799 11731 31488 31681 1712 86 27978 28281 3682 6348 9539 9724 14831 15623 33588 33798 24007 25399 27239 27058 11609 11264
306 15 276146 21797 20200 26535 25941 8999 11798 35662 35432 20109 20587 32256 32288 3358 4919 37032 37064 21989 22928 3262 3345 34520 34771 2227 3618 29504 28629 35415 35242 32518 32395
307 15 209311 1967 2399 3151 3360 31593 31274 6117 8386 36371 36424 16946 15872 34517 34616 29636 30035 517 3794 25002 25743 7371 7512 4550 5281 16540 18257 22869 23800 24492 24967
308 15 230226 2913 423 13075 14683 13475 12561 459 446 23803 23000 38260 38256 33799 33369 37908 37901 7936 6542 24745 24166 35011 35048 926 3361 27396 28030 2139 4551 25938 26174
309 15 174639 27438 27469 6240 8111 8747 8014 8011 10664 1450 3183 25178 25559 17154 16377 16836 15631 18771 17817 31029 31005 1685 2081 20146 18756 1020 15 30175 30638 4419 5618
310 15 249327 31652 31216 24204 24224 22939 23450 14752 16163 29117 28914 11787 10423 14159 15795 17616 17480 22711 21200 11665 9055 20060 18691 21989 23077 165 2593 32499 31896 36344 36551
311 15 239613 18979 20004 32650 32518 13154 13063 36519 36691 22917 21538 12898 10982 21470 21976 19659 17788 31051 30876 33137 33516 11446 13003 8504 7236 14009 13045 19419 20562 3705 4382
312 15 196512 17982 17670 12726 14156 433 3431 8256 9026 15880 14929 2653 3672 4058 5772 24363 25270 38474 38497 26133 25999 35874 35934 6557 6319 9169 9611 34748 34922 8334 5873
313 15 320466 7542 5231 35099 35456 23784 23411 28528 28976 25009 24246 33902 33453 22466 22180 19200 18536 35180 35010 21931 21235 32691 32346 37039 36938 26309 26852 22129 21053 29774 30246
314 15 201656 33318 32828 12119 11552 6612 5470 2530 692 20887 21546 617 2486 11383 9437 20494 22086 10713 9207 7268 5121 21631 21701 25680 25419 26134 26511 30106 30396 22579 22220
315 15 186643 17091 18312 28868 29363 27850 26898 10302 11882 226 3025 600 4050 15085 12913 2769 2309 29883 30011 12067 9550 19070 18956 26988 26513 5950 7468 11218 13944 25337 25011
316 15 204625 7315 9613 22296 23128 23562 22175 699 1056 17096 14938 25910 26261 23699 22578 28449 28334 23286 24557 2978 6513 12442 13751 15821 15964 1343 4403 31264 31076 19622 20698
317 15 190588 18178 20112 13010 13400 23595 22097 6556 3797 26922 26048 1875 269 8972 11176 13269 12190 10986 11143 25251 25024 20533 22314 7419 6626 28113 27754 28550 29484 5007 8256
318 15 241000 18342 17731 12358 14378 22808 23414 9172 9380 30482 30778 36194 36050 15959 17558 965 1445 26586 26603 20035 18859 37684 37584 19190 20441 10686 9718 14057 15497 26733 27233
319 15 243400 2563 2622 18710 18416 30479 30708 25332 25339 21893 22828 31328 31429 36751 36655 31282 30596 11792 14396 8439 8276 37708 37773 2802 4282 12480 11062 29780 30396 2911 2493
320 15 227905 129 2563 11630 13100 36916 36863 32803 32848 252 3787 37814 37837 11066 11824 37 37 13710 15600 20258 21225 23583 23046 28146 28952 10901 13650 19166 20447 38471 38449
321 15 270348 22009 22181 32959 33426 7626 4638 19535 19112 24913 25773 21561 22690 14753 15009 19543 19061 35788 35857 17249 16916 17686 18796 28730 29133 24875 25636 24456 25688 26253 27371
322 15 269260 29739 28858 16243 15575 21061 20284 12048 10998 15392 13624 8401 8914 29592 29875 27311 27389 21320 22969 9169 9885 28679 28362 16589 18543 27295 27478 37105 36992 36632 36659
323 15 154615 5291 7614 13720 14891 12275 14730 2129 2588 11509 11522 27298 28267 10750 9964 617 84 32025 31462 30909 31653 12697 11830 6916 4366 10810 8248 15895 15133 428 83
324 15 213666 32936 32900 33602 34059 25292 24435 13792 12204 7900 10628 8003 9373 7619 7341 27906 28055 22911 23432 36450 36522 1697 5037 6214 6716 4342 4597 4556 7739 33863 33834
325 15 235464 18425 17283 18418 18013 14481 15555 33953 34180 10022 11880 18061 19188 766 3361 34681 34332 21771 21118 37327 37460 13057 11724 10530 10998 8897 7520 31107 30711 22835 24350
326 15 194135 9301 11465 4953 2123 18394 18987 31788 32066 3926 6053 8374 10873 17497 17223 1992 5387 28520 28837 34035 33836 6061 4383 11125 10550 33578 33120 25711 26262 7414 10392
327 15 247920 37360 37401 28837 28316 13586 13301 36043 35823 11866 11250 27422 28484 4283 6494 26950 25800 1575 277 32304 32186 7719 6349 24838 25762 35147 34878 14552 15355 7418 9400
328 15 232985 35767 35602 17877 19340 5941 6415 8358 6999 16749 17737 22978 23031 15693 16196 26930 26751 2643 5683 29798 28977 26016 26462 13089 12263 35041 34778 25848 26246 8504 7429
329 15 274019 6165 4921 19673 18032 34513 34520 31452 31852 17892 19422 32506 32937 27699 26657 18326 18056 27180 26240 26688 26749 29824 30480 3697 6239 29927 30227 2651 36 34331 34684
330 15 225565 21365 21553 35636 35450 25462 25694 15404 14656 13292 14031 4048 4694 32546 32624 31322 31794 29645 30490 2593 4885 6899 8629 18377 17254 34910 34775 4787 5492 5671 2391
331 15 240928 31892 32346 6196 7962 29152 29890 2871 2410 28271 27949 13197 14527 37297 37435 27010 27105 5083 4774 28066 27918 12721 11688 25757 26387 33612 33891 19662 20745 373 738
332 15 305849 22667 23674 37720 37685 11930 12605 30032 29936 31471 31070 24790 24459 15980 14465 19552 19228 22068 22106 21479 21185 34820 34471 1515 3022 37279 37321 32565 32379 38444 38433
333 15 254403 2438 1245 32692 32908 16549 17044 9429 8333 6646 8316 27875 26986 38051 38041 28563 29328 24557 24176 35841 35719 14631 13644 16045 15377 17733 19702 15543 13701 31411 30777
334 15 187439 7998 8910 10651 8021 18791 20735 8186 5137 23380 22232 38160 38142 16931 18760 9440 8899 15589 17410 14443 13661 8795 7354 33512 33362 17539 18792 6026 3393 4858 5961
335 15 180662 17289 17312 6772 4126 5572 3940 28982 29305 17601 17509 23705 23588 22567 20975 3193 4274 26179 25784 21018 20574 4345 1169 3618 3742 17812 18601 13406 12555 13769 13691
336 15 226024 36899 36782 8521 6042 37139 37065 21351 22725 17624 15625 7248 4150 17442 18833 15647 17152 5051 7509 19819 18900 26152 25570 13870 12471 3215 4675 34788 34983 17764 18873
337 15 272392 9276 9495 16781 14712 28789 28984 37368 37360 23929 23279 5826 7053 12974 11578 8294 8531 7787 8058 38210 38252 30340 29956 25987 26691 29395 29436 36867 36938 28667 29016
338 15 245770 15162 15988 10258 11865 23778 23246 22963 22935 30423 29809 19867 21313 16326 16597 29486 29494 11212 11903 36314 36407 18906 19934 20088 18821 1943 2584 37876 37896 12611 12615
339 15 200348 32286 32482 7279 7436 4028 1268 28605 29225 13995 13454 25436 25080 25018 24846 18348 19935 12686 13343 9371 9334 893 3033 9318 7231 26228 25088 35608 35364 1336 3281
340 15 220958 13132 10723 4871 4940 29747 30467 2446 182 30175 30227 7545 9748 28505 28623 9794 11605 25119 24275 822 1702 2963 1483 37555 37651 37374 37264 8560 10766 37590 37536
341 15 263107 25858 26921 29209 28620 28482 28539 15269 14770 11001 8957 23226 24663 30229 29798 26591 26515 3549 6911 37822 37779 28396 28172 5920 5876 33591 33434 4170 4109 25571 24592
342 15 247062 11218 10089 34743 34898 22750 21748 37246 37114 31652 31183 19999 19890 13398 11421 25354 24350 8641 10285 22256 22490 12025 11547 3064 1272 2914 3703 27263 26517 36305 36311
343 15 215491 4375 6650 7424 5049 14492 12697 38435 38425 15445 14726 19311 20967 7565 6072 19162 20653 1973 5013 19346 20116 15684 16911 35101 35347 28940 28370 33289 33651 8822 6339
344 15 260423 25480 25235 32111 31565 2262 2635 21557 22380 33484 33778 26781 27184 35407 35624 9270 9726 3775 2770 33624 33711 20362 19323 22093 22033 25899 24758 31936 31520 1488 2716
345 15 259648 32536 32248 4617 1964 27495 27359 26184 26302 36054 36266 29815 30654 24475 24337 1362 1904 3003 1908 34535 34773 10193 7752 9204 11058 27639 27844 25754 26264 31694 31842
346 15 240160 5865 3904 31479 32103 35768 36020 6652 5429 7937 8538 14231 15517 21176 21077 38022 37983 9167 9394 30377 30251 33760 33673 37856 37779 8170 9539 13541 14347 6200 4838
347 15 219025 5068 7533 12065 11166 34352 34390 6490 4421 5221 8125 15956 16709 16739 17018 796 4294 10340 8746 23720 23295 19318 18761 33467 33988 29877 30121 21769 22639 38604 38607
348 15 243548 10028 10761 10799 11852 30941 31413 35200 35298 17836 18311 12506 12875 18603 16784 30991 31397 13942 14775 25679 26842 34488 34714 31615 32213 25927 25244 499 2031 5382 2382
349 15 226235 2058 2649 21981 21498 32209 32004 19143 19322 2997 3840 17474 17095 16188 17416 28635 29423 26184 27033 27293 26342 12615 11792 24341 24988 20794 19082 8609 10048 22273 21414
350 15 237720 15256 16902 13547 14837 28019 27715 2779 2999 11345 13195 34523 34635 7881 6707 33593 33829 27596 28062 35125 34920 13717 12774 33460 33737 20978 22311 15441 15958 3890 1730
351 15 231359 9749 11521 8328 9794 12025 14537 36214 36129 21993 22129 1495 4011 34474 34599 7246 8437 18255 19447 26690 26899 3020 4359 36019 36150 31615 31771 18879 19491 23197 22297
352 15 255643 21516 21701 24318 24380 10409 13021 28193 28807 25753 26719 6744 5586 38165 38133 22105 21646 24789 24408 27795 28420 37555 37562 9384 8004 26471 26128 13613 11629 2744 3870
353 15 265807 9668 8355 30990 30750 38169 38136 34272 34585 31640 31877 28402 29180 30160 30933 33017 33125 30992 30686 15126 13545 26076 26903 9476 11200 29 98 9248 8706 4994 7597
354 15 263487 36962 36881 20115 21721 17922 18265 201 15 37441 37554 30931 30577 20817 22100 11420 8973 29719 28940 3683 7058 11809 13275 24846 23765 16721 16835 32681 33136 34091 33690
355 15 261436 33491 33729 8761 8619 17255 18594 9590 6894 27965 28539 21660 19974 30630 30255 30810 31155 19910 20482 26727 26921 16097 14303 19614 20202 13483 13714 25890 26845 24912 24946
356 15 216144 31837 32326 944 1502 14008 14383 38159 38174 33482 33378 26667 25867 13207 14855 14553 13341 14714 15255 472 4084 27135 27214 38305 38306 5994 6155 4937 5547 5767 8496
357 15 273572 33944 33963 19521 19690 38395 38367 25653 26331 20919 20265 15121 17215 24740 25927 8140 7943 25881 25726 32224 32479 19308 17923 8349 7315 3905 3797 38552 38543 27314 27844
358 15 242596 37902 37871 5843 3044 4917 5339 29086 28246 27915 28345 4702 4561 10173 11022 17208 15914 36220 36428 15238 13867 27400 26496 9949 10721 21125 20938 29630 29188 25938 26694
359 15 278238 25924 26240 29579 29725 28441 28590 37346 37458 16198 16171 2593 2417 28761 28730 15911 17769 35707 35915 26778 27275 2290 5153 32294 32185 25115 26367 35610 35674 5251 5138
360 15 191664 4025 6409 14642 15442 5518 4274 16340 15308 19653 18725 25085 26038 31082 30576 17164 18290 1126 4369 28817 28278 16639 15905 3817 6187 32250 32042 17620 19261 5803 4070
361 15 215926 17842 16195 33649 33856 32752 33204 4796 2169 15933 13877 8143 5505 16193 18079 6869 7799 22958 21844 20862 19598 20933 19727 32283 32121 27161 26153 1903 5149 7631 7319
362 15 264125 24474 23980 32004 31607 12431 10538 17808 17654 32512 32079 29187 29006 21790 23091 9741 10161 14631 13412 31136 30531 30532 30469 10239 8440 6264 9469 26705 27822 30703 30923
363 15 244886 34751 34966 17547 19471 17666 18370 32928 32708 17545 16863 36815 36914 7187 8438 3640 2235 30830 30352 7028 4065 4883 2076 19176 19151 37258 37397 3826 1145 35028 34875
364 15 225303 35175 35419 25893 26706 5108 8183 9569 9301 12616 14303 36123 35983 21009 22128 594 4192 5806 3832 5759 6219 25149 24184 12522 11009 20659 22033 28578 29180 37069 37050
365 15 237734 10029 12227 37557 37562 9675 7430 12024 11474 11696 10074 31886 32514 12665 10924 10442 11367 35587 35800 30561 30310 1066 1289 29492 29787 23877 24640 31490 30912 9121 9052
366 15 196610 17185 16584 8931 8265 34523 34867 20477 19007 13307 13954 37653 37574 26501 27061 6398 8511 148 2493 6962 9896 29763 29784 16593 15378 6143 5135 211 2403 20968 20471
367 15 262043 18642 17547 2817 1773 3870 2753 30742 30525 21768 22011 11289 8588 9172 9774 37431 37452 38326 38329 35973 36007 38003 38040 9088 8983 35819 36003 28420 29247 6194 5176
368 15 234900 5459 8628 14674 13506 14604 15699 21693 22263 4768 1478 18899 19449 38592 38589 4379 3552 21641 23174 25430 25465 33333 33358 467 2417 25896 27018 31786 31159 32005 32351
369 15 240052 6334 6125 9857 12689 20829 21651 4384 2167 6396 8040 12020 13867 37821 37752 36967 37042 13998 15437 23307 22572 25871 26538 30714 30233 5798 6709 35175 35112 30594 30041
370 15 183549 26726 27087 20366 20931 15574 17455 5986 5150 23087 24179 1511 3078 5508 7241 22739 21804 25616 26718 14192 11834 24394 23152 8076 10475 1705 2439 30760 30072 3197 29
371 15 162580 20048 19394 4538 3354 11308 12566 1006 2636 3466 6301 2666 5504 26468 27070 1208 4406 9869 7563 16449 18486 15091 15100 22502 22931 36050 36224 20121 21276 12435 12849
372 15 229004 29187 29996 12779 12323 36989 37154 16430 16400 26531 25921 18177 17966 3924 7386 16037 16137 337 3368 7808 10105 33357 33477 37501 37449 11515 12012 21090 22088 14593 16262
373 15 283974 14199 12551 29510 28660 18622 18323 26965 27547 36486 36496 4876 2680 22274 21602 9138 8739 20137 18413 20106 20758 26162 27086 24798 24423 31917 31927 31158 31340 38620 38628
374 15 187547 28597 27772 31767 32395 18743 17247 15759 14075 17782 18491 2297 1976 14647 13488 22051 20468 5971 3639 7152 5048 1043 2709 20002 20544 22496 21364 19481 18745 6646 7144
375 15 193799 99 2517 27278 27552 22160 21111 11014 12619 8775 5855 1684 5378 37064 36931 16270 15194 9626 12091 31885 32194 11187 8592 5622 6694 17823 17514 16622 15299 25140 25880
376 15 261304 3094 6026 29675 29839 16260 18383 11198 11026 31542 32004 18453 19893 12537 13299 22680 23859 15194 15521 33100 33449 34724 34417 11074 11530 33542 33189 24976 23863 28581 28542
377 15 193352 19564 21337 12045 13105 36536 36607 12039 9995 14557 14395 24560 24394 19533 20501 30775 30953 10440 9205 14039 15916 15790 13584 2264 5439 14132 11785 6997 5861 8419 5700
378 15 184456 10846 12514 18760 17136 14726 16698 33379 33608 28930 28934 8091 7614 2868 6203 15014 16963 27663 27044 25526 24650 7654 9139 15549 15769 7944 6748 6012 5860 7608 8778
379 15 211468 8901 10922 26779 27769 32212 31786 22869 23755 33496 33040 17411 15446 9567 9820 36 308 7747 4825 18464 18100 24442 23774 8672 9348 18607 17724 30091 29850 5041 8342
380 15 242899 19330 19614 36218 36206 13718 11632 17695 19049 34308 34232 10356 10041 7360 9318 6447 5478 28543 29489 18659 20270 21510 20440 21340 21709 30646 31037 25387 25854 12107 11590
381 15 154219 24404 24392 4441 7621 34676 34771 5460 3018 6128 3695 13483 15699 3392 1250 37381 37321 130 2516 1760 5286 12040 11345 83 3100 11567 12740 16764 17433 21065 21972
382 15 259501 17768 19072 19539 20784 18230 20182 31806 32199 17138 16801 23016 21524 14860 13655 22145 22099 33927 33840 29316 28700 6675 5191 25735 26629 5874 5245 29961 29584 28387 29171
383 15 275370 18420 18441 29888 29888 38131 38112 9723 8325 13490 14944 26109 26676 34909 34945 18290 17002 17279 16771 17756 16207 25198 26392 30032 30639 32837 32556 2936 4600 29215 29424
384 15 276472 20047 21426 34318 34251 3071 4685 35556 35608 36181 36413 27792 27218 2417 1160 4046 6016 31952 31619 35367 35332 32616 32418 7050 8881 22782 23862 29598 29345 22797 22582
385 15 232623 34876 34648 29621 29419 9484 7650 18114 19873 895 1637 4997 2957 32569 32648 15871 15276 36063 36308 22513 21587 17325 16331 9093 11855 7790 7987 20823 20992 30745 31225
386 15 287649 26202 27332 2574 3595 12869 12507 19652 20835 8431 9256 29528 30068 10781 8027 27617 27075 38330 38297 26616 27179 36916 36797 29558 29317 21888 21460 32116 32498 36484 36601
387 15 186674 18487 18218 6158 6845 1288 4924 972 2257 1499 1764 28400 28126 1419 539 14560 15228 30763 30825 18444 19476 31164 30920 26337 26925 21747 20635 15843 17492 16262 16209
388 15 201106 6766 5545 2694 1719 22773 23910 3560 4269 24900 25919 989 3914 33916 33850 1408 555 26511 26792 3747 5541 38681 38683 37959 37924 35657 35453 63 3714 11759 13305
389 15 217176 10502 9828 4874 2808 4446 2008 5047 3304 24411 23865 15216 15240 12908 12138 19155 20189 35161 34865 11667 13525 35636 35423 29645 29812 22749 21384 5931 5883 34122 34149
390 15 187697 31374 31947 36456 36550 14708 13801 26574 27780 4496 4713 1960 2013 5449 6941 16608 15066 23977 24265 6479 9427 2663 5016 38430 38423 8664 8409 10556 11223 6228 6977
391 15 200026 27742 27547 1553 3632 2648 3448 5928 8180 162 2400 27827 27667 27152 26659 27200 26429 33035 32625 23029 22710 9811 8918 7910 7527 1592 1553 30750 30588 23694 24329
392 15 230143 34475 34066 21476 20605 3420 4220 9227 11388 27008 27447 5446 4489 29887 29829 37668 37626 20910 21090 16917 18786 19390 17767 16057 15364 1498 1367 38684 38683 5616 2845
393 15 244436 36471 36636 22442 23395 20059 20298 27888 27779 32293 32337 23371 24468 4007 6928 495 2288 31519 31799 10080 11032 18047 18010 4189 3185 6157 9263 32536 32339 35991 35989
394 15 220945 4802 5625 16081 16926 30195 30440 16653 16844 30196 30098 2571 2078 4472 6048 33092 32693 12692 12051 21608 21479 21151 21317 30002 30257 20858 21797 19952 19842 11857 9263
395 15 202527 8936 8082 36468 36672 12086 10529 22803 23148 23888 25244 5336 3825 33238 33443 26098 25340 10808 11352 28135 27736 5178 8335 19316 19912 1257 2045 8129 5978 11483 11245
396 15 291607 5426 4956 11744 9193 36086 36001 27485 27130 33270 33800 24512 24551 8035 9739 27148 27427 24874 26046 32422 32718 8749 10920 36241 36250 37025 36897 36457 36378 15035 13323
397 15 268133 17316 17875 5518 2777 12619 13930 5020 8380 38406 38406 11537 12816 37239 37185 19756 20283 23382 22931 2577 1782 34655 34254 17694 19278 32812 32988 38546 38531 38090 38099
398 15 219585 12165 13718 7762 7585 29578 29627 26630 27211 28130 28548 1139 1284 37068 37090 23685 22498 9185 6411 13002 12978 2626 5176 18854 20671 32352 32042 4704 4325 27602 27481
399 15 210728 6299 8518 36595 36597 9753 7714 2810 3364 30370 30442 15110 13893 4664 7498 18674 17782 38600 38607 35312 35471 3821 1872 13400 12519 13062 15548 18635 16793 16305 15353
400 15 262170 32582 32604 15153 16759 12328 14525 13118 13412 4437 4677 32619 32592 38549 38551 36106 35914 31545 31009 16589 15218 9229 7605 35825 35679 22946 23882 15788 15639 10899 9515
401 15 231636 13787 13512 9594 9138 9337 12164 20170 20191 22676 21724 15310 14510 3853 2520 30512 30057 24917 24157 36516 36594 36586 36547 11167 8516 27864 27998 20504 18720 6752 7173
402 15 243112 9500 8332 37457 37432 37304 37255 13396 12300 9189 10983 19629 19717 37808 37725 33046 32570 8957 7706 28654 28616 35273 35393 5909 8867 23975 24120 50 1835 3743 5041
403 15 272134 21367 21320 27929 27931 17895 16581 38335 38369 5122 2309 38089 38058 11245 10062 18250 16557 11594 9484 35350 35476 33827 33923 11456 11266 37937 37955 11862 14202 19910 18344
404 15 184915 17985 18985 19643 20533 8107 10115 12659 11790 20040 20361 23419 22821 23156 22538 27847 28705 20662 19065 7163 4583 1615 213 24851 25835 8187 10507 4456 7861 11354 14088
405 15 192396 10271 10428 100 3379 23443 24468 43 1716 28364 27609 2809 3076 33394 33856 12971 13840 26518 27684 32479 32269 18487 19118 21011 21218 5719 6251 1762 164 23124 23594
406 15 195078 31455 32101 23840 23799 22704 21230 17168 18108 13729 12275 20774 19088 22963 23757 17320 18182 8938 6958 5051 6173 27331 26897 12753 15254 6617 7323 8680 8821 4525 4561
407 15 186912 10689 13267 25803 26290 33649 33683 3136 4314 7574 8810 12006 12352 18380 18360 11744 10270 7690 8965 27280 26497 3430 4589 30641 30908 14209 15310 18511 17285 8898 8953
408 15 188660 28588 28063 15414 16456 788 2341 157 2611 6429 3676 2558 2273 20471 19843 14509 16385 9790 11593 22796 22790 9243 9771 29192 30054 12858 14899 30816 31063 32216 31681
409 15 232659 13112 13501 13630 14727 26061 24864 8203 9459 29236 29687 3613 2874 4386 1900 27815 28627 14227 14427 35205 35412 35684 35684 28330 28990 12118 12382 37977 38010 1227 1319
410 15 229464 542 2958 34414 34628 35171 35138 18840 17156 33895 33457 21169 22269 15285 13725 890 2773 36886 36717 35656 35351 19970 21641 2176 282 17851 18675 2021 2764 12064 11490
411 15 251320 22256 22928 7876 8523 19744 18138 38359 38358 19072 17139 25223 25614 21623 22774 16253 16921 22048 22195 36980 37095 13897 13202 10454 9025 15619 16207 27337 27871 17410 17133
412 15 264452 22878 22568 20234 18508 32727 32545 30552 30488 2153 2685 1486 746 36975 36950 22648 22225 34290 34666 3871 5784 26063 25215 21592 21844 28240 28908 30169 29436 16687 15149
413 15 260209 30909 30228 17476 18322 2480 2106 34559 34348 17288 18215 13127 11238 12686 10102 17203 16136 18757 19519 30844 31010 22505 22395 35776 35865 30063 29562 3140 1010 38449 38437
414 15 226314 18680 19055 22176 22373 37500 37436 804 3208 14018 14617 7714 7931 2122 88 31195 30856 27263 26886 27395 28274 33039 33378 13027 11788 10914 9115 18583 17848 18463 16827
415 15 220589 16604 16705 20571 21473 16514 17456 4374 4527 12190 11166 12412 13134 26753 27492 10006 8373 29997 29477 34174 34086 12563 14868 7140 4607 14384 16306 24302 25189 33753 33620
416 15 261473 10093 8666 20268 19343 16415 18259 31367 30818 30587 31059 11635 10229 4837 8021 16312 15593 36284 36123 23939 23444 13416 13064 37689 37685 38121 38068 9121 6408 26758 26692
417 15 240296 37700 37739 32444 32294 6487 5016 21379 20624 32696 33056 21700 23108 16919 17414 8938 10369 2054 998 19278 19451 15724 14809 10678 13356 14884 14228 34928 34719 24561 24323
418 15 256663 12801 11001 21399 21039 36370 36195 25539 24400 25402 25328 33763 33911 1761 640 25699 26583 7256 10293 5116 1985 29873 29723 11378 11842 37197 37061 22658 22856 24617 25800
419 15 206272 8102 8867 11098 9745 5352 4779 18101 19993 2058 1720 16412 17168 34280 34356 26908 27366 27412 26920 18612 20374 26477 26240 23818 25176 5349 3385 6536 4277 27326 27366
420 15 235910 7781 5923 3506 1685 34330 34749 23853 23404 32856 32670 13944 14120 32087 32505 12696 10956 12308 10884 25219 26103 9806 9553 10356 12861 33711 33834 15029 15968 27406 26347
421 15 304702 7066 4300 35121 34794 26332 25432 34227 34184 18210 17595 13445 11593 18697 18649 36138 36281 23713 24836 32315 32432 24383 25070 14018 13160 35576 35449 26373 25297 35264 35440
422 15 174800 11255 11710 7410 9429 17951 17386 16102 16255 6981 5215 6697 6535 32993 32816 1926 1927 12919 14329 1445 3607 36157 36326 15865 16892 5548 5282 36013 35991 9239 8050
423 15 242471 20443 19727 24114 25205 11116 12551 10474 13039 19935 21104 23303 23982 38487 38509 9271 7150 11653 10232 31640 31335 3862 743 31620 31103 5733 8015 26250 27481 35188 34964
424 15 186328 2470 1111 5763 6222 27110 27892 29807 30092 1329 3535 3845 4060 7833 8213 31857 32301 12470 13702 19279 18288 11531 12077 30314 29631 10752 12230 16411 16423 22139 20583
425 15 289783 31389 31814 30746 29972 22030 22867 31611 31076 10877 10826 33145 32720 30355 30900 32744 32162 27869 27489 23223 24770 10431 7835 38521 38533 10200 8797 10144 9068 18944 20638
426 15 259158 4887 5258 33700 33417 18046 18179 19371 17671 10606 10241 3120 5073 24958 24829 31912 32540 37507 37454 6631 5899 33586 33827 35572 35294 6752 4366 33130 33243 24170 24508
427 15 225520 31175 30813 11971 14613 8312 8981 32698 32816 3026 733 15565 13497 1965 849 28556 28360 31622 32234 25368 25216 11980 9756 19693 18843 23810 23890 8542 6181 27617 28601
428 15 277211 14630 13888 24012 23478 38087 38098 30533 30856 655 967 34463 34351 312 833 36099 36290 29861 29246 27610 27130 16023 15711 21643 22324 31296 30819 13845 15763 27445 28513
429 15 259776 12013 10553 23906 23965 37897 37833 35957 35883 38397 38412 38126 38079 13814 15301 25484 25250 6090 5388 11878 13053 36808 36637 9418 6684 17814 15996 2054 3890 15065 16620
430 15 235651 21932 21718 14172 12809 34694 34421 23239 23652 14221 13481 16113 17176 5257 7090 19420 21275 22633 21081 31572 31680 33921 34124 6798 5987 5765 4421 33846 34322 10981 8304
431 15 169534 8478 8932 4561 1979 37141 37213 25628 26249 11187 11650 6966 7010 401 3476 24176 22975 15464 15203 5343 3232 18586 18228 8083 10806 20735 19849 3887 830 21282 19631
432 15 245643 3325 4244 16561 15209 36405 36400 33946 34060 33334 33130 21084 21011 1071 737 32030 31912 17507 15773 36342 36477 18637 18908 2305 3439 8376 9993 23448 23411 22683 24106
433 15 224764 1512 1648 1122 4669 10040 9122 38146 38105 25808 25649 37328 37441 31664 32117 1010 1349 18308 18902 33652 33961 22338 23890 9889 12338 12760 12815 9833 7619 27545 26470
434 15 175114 13825 12012 16468 17182 18494 20452 8967 11540 22494 22521 5526 8753 9018 11501 22123 20993 4010 5424 6600 6956 16699 15959 5147 3341 2740 2656 33841 34043 32941 32519
435 15 234508 21169 22084 33355 33586 18342 20327 25279 25912 32210 32658 10611 9375 3406 2344 25927 25846 37732 37663 2139 5479 24186 23646 22038 20607 21455 22150 4657 8026 10629 9029
436 15 246240 23222 22659 38201 38194 28082 28328 33558 34000 19505 18756 35472 35530 20643 21627 32078 32474 17846 16020 7289 5482 1010 4397 11990 12663 30430 31108 174 2812 8300 11062
437 15 202178 5546 4925 1563 3939 4530 5974 22469 22416 12681 13622 1078 920 17132 18409 13811 11939 9094 6269 20511 21600 29829 29438 29508 29637 32165 32077 26239 26452 26567 26689
438 15 215264 11492 13443 5463 5727 30637 30917 6568 7734 28920 28244 22038 23350 15489 15372 20779 21721 7104 8519 23675 22722 34103 34150 15633 16604 14190 16642 26499 26675 6490 4884
439 15 202790 12615 13449 7455 10452 34087 33960 24373 23584 16753 14751 19091 19581 853 666 5463 4440 29585 28910 3505 6853 31264 31569 24270 23902 4651 5923 14862 12615 24661 25710
440 15 251367 10827 10878 10462 10765 13281 12547 35483 35365 27391 27121 27751 27547 1547 3433 20676 19091 24389 25434 2442 5134 37144 37218 18582 20064 12066 12232 36585 36558 35583 35737
441 15 257329 27785 27376 37126 37116 16671 18194 206 1698 22491 23048 24077 23537 38407 38379 19275 18473 13657 15436 32273 32915 20046 18838 1681 932 232 1753 30167 30608 37568 37495
442 15 289012 29483 29831 4447 6031 26323 27114 7815 7525 35715 35718 38280 38261 15074 14342 37165 37312 33051 33444 31677 32326 13613 12559 26315 26690 10648 13288 13138 15416 38521 38505
443 15 258049 19760 21453 2637 700 29741 29493 37814 37778 14681 14355 23350 24177 34608 34455 24980 25166 36971 37069 33327 32934 23933 24671 8052 7116 9503 12241 6326 3354 16879 17523
444 15 220657 12861 11247 37527 37463 938 4476 1253 2295 19818 20457 9932 8637 26526 26600 26450 27129 7803 8622 24077 24043 24877 24969 1180 3185 23536 24950 30641 30173 28403 27574
445 15 225573 17472 19109 19236 20939 2178 4753 22131 20852 20975 20811 3846 5019 25965 25642 24578 23453 31700 32222 8098 9447 35230 35325 895 4108 5780 8000 29035 29918 34848 34746
446 15 175200 35914 35849 22245 23587 14365 12644 2233 2339 11642 10289 5041 2001 17151 19076 5714 3615 29916 29896 3494 6499 5768 8816 27349 26921 21524 21072 7407 4294 9237 10767
447 15 189559 35037 34928 17143 15754 7431 5983 4422 5297 11879 10022 32705 33298 17056 17941 6506 4110 10956 10033 16007 15976 27435 27913 9278 8392 17179 18059 6683 9450 17232 17821
448 15 272570 883 2859 12690 14535 19736 18457 34969 35183 16172 14849 4179 4860 19768 20866 37744 37738 26869 26079 37740 37737 14366 14340 30513 29774 22597 23877 34508 34785 27979 28423
449 15 250531 1317 4138 33877 33996 34560 34942 32431 32676 16771 18283 31672 32223 5523 6583 27106 26796 172 305 23308 22469 3614 2183 35730 35757 20023 20145 29595 28733 17465 15734
450 15 179234 18062 18196 14523 13559 24225 23360 13714 14753 35788 35740 6295 5745 23005 22054 13247 13956 7005 8242 27999 29019 9948 9037 487 4304 21685 23364 4971 7099 3089 1119
451 15 250225 29040 28984 17368 18953 3829 5204 14527 14861 7851 7024 20561 20773 30499 31068 38469 38488 18285 16915 7620 9905 31349 31314 38110 38051 11432 11023 26315 26105 17527 18523
452 15 247381 10841 8694 21230 21154 31299 30640 32703 33008 12469 9989 22952 23432 19096 17974 23071 22262 16156 16774 4909 4940 13860 13009 23731 22982 31916 31905 38322 38293 6672 6690
453 15 250391 23173 22438 7366 8690 17184 18147 7623 10467 37467 37489 33193 33103 5534 5517 15027 14119 18373 17250 37076 37009 25394 26438 23603 23236 9923 8273 18651 17548 33402 33361
454 15 234559 26809 25976 35456 35669 1778 1668 6687 4537 9021 8997 34816 34520 3574 5849 17502 17046 32287 32439 1501 214 20813 21714 33276 33655 9061 7472 27894 27600 32724 32846
455 15 225043 19182 18471 1794 2154 4564 7729 16085 16481 28833 27993 8701 6915 7063 8932 16226 15289 36960 36902 30964 30228 11311 12289 12357 14034 13618 14505 37902 37894 35744 35747
456 15 215968 9070 8981 38355 38345 14111 15549 24853 24861 13098 10602 5509 3046 23237 23122 10173 10061 26990 27940 29169 29329 5247 6315 16531 16824 35220 35037 17693 16724 705 1223
457 15 168637 4651 6633 19854 21080 27588 28504 6248 7814 2214 171 18939 17483 13508 14840 19463 18701 15867 17009 2588 1035 10364 7937 20841 22062 16810 16872 27401 27384 4461 5563
458 15 208423 11996 10751 10449 9829 31894 31623 10522 9566 36623 36805 11046 13704 19117 18986 25037 26383 28387 27412 19717 18976 11417 11643 9397 9872 9878 9347 380 3776 24669 25024
459 15 205252 4235 895 37813 37888 7365 8859 3583 5158 33695 34001 36842 36950 4826 1832 7484 5788 28672 29508 25741 26294 2321 3770 27008 26260 6840 6477 19079 20371 11061 11099
460 15 219380 1078 1125 28135 27466 32069 32049 33420 33735 8816 7796 8731 10073 1895 3002 28225 28128 2766 2682 27014 27309 35799 35792 1186 3213 14339 13116 36339 36307 14413 13341
461 15 194012 36209 36198 13577 11865 1903 3992 22564 21014 22992 24235 7596 10439 28753 27929 8518 10933 18067 17079 6000 9037 485 1137 20014 21292 23151 22881 15545 16137 17142 17249
462 15 173013 4661 6754 2391 4463 14544 12149 20754 20649 25650 26933 21011 19586 6551 3760 30464 30753 7750 10695 4326 7672 16329 14698 21698 21471 17464 17283 15132 14764 7542 8676
463 15 231183 20936 22521 8719 10448 38386 38359 18299 16341 16053 14511 4983 6095 3739 2882 29750 29227 11863 12661 36588 36515 21496 21989 19018 20839 10504 12659 37276 37388 11369 14071
464 15 190618 10330 10063 9015 10955 33538 34002 29197 29571 27731 28275 6666 8660 8178 10864 5726 4107 1948 4047 6062 5917 6059 7369 20693 20197 20230 20454 30722 31203 22178 21716
465 15 221459 9075 9181 16475 16003 7455 8082 33613 33187 24569 25269 21563 21278 31844 31379 20503 21779 10687 12055 16144 17814 20760 18978 1126 3174 16991 18086 23592 23548 22427 23935
466 15 280308 30445 31101 5224 2509 29409 29625 15872 16370 30792 30589 19285 17538 32853 32873 36191 36230 21392 20545 2023 1560 13534 14645 29844 29661 22590 21318 23538 24001 37394 37370
467 15 187855 13785 14214 20336 18538 3083 4182 2211 1592 15667 16187 19006 18132 10061 9750 22916 23045 15664 17704 30361 31178 4946 6199 12742 10406 37979 37987 25381 24891 681 3946
468 15 246848 32404 31954 37564 37525 24293 24408 4173 3261 27480 27929 30240 29835 16427 14530 25681 25584 7417 4376 10043 8501 23505 23917 13611 15252 17416 17810 12035 14400 26271 26512
469 15 235537 3960 1838 14317 13487 29888 30509 1740 1675 33656 33752 37713 37642 14219 13390 10185 9697 13208 15056 29595 29309 2919 4691 22130 20588 38057 38023 28850 29543 13985 14080
470 15 267072 166 2895 27489 27868 25058 25229 10526 8602 15432 16219 32936 32800 25004 26351 27453 26830 36157 35981 27031 26912 14228 14258 35814 36026 30115 30011 21413 21535 5018 5766
471 15 256690 31364 32088 36450 36312 21711 23068 6285 3200 22731 24265 3069 4206 17604 19571 1101 818 36101 35848 19047 20845 16048 14969 33046 32837 21477 22149 38582 38585 16247 15514
472 15 202771 30758 31114 24219 25432 31194 30942 8853 10787 29135 29066 33005 32726 2760 783 5945 6014 1689 4638 15057 14762 19175 18925 9623 7932 2059 1712 27265 28144 12727 12525
473 15 232784 16011 17081 11460 9081 32343 32041 25768 25723 6210 4691 10058 10732 28370 28842 13002 12892 31068 31607 12942 12321 17790 16616 31708 31889 15408 13143 30226 31023 8617 10297
474 15 259618 27519 27480 4317 6477 30927 31182 21411 21689 22374 21287 33354 33540 26022 27020 7962 7094 9995 12429 33941 33846 38704 38705 28701 28315 10848 9633 11628 12570 16820 14898
475 15 242968 20769 21875 8441 7185 28542 28948 35099 34839 13244 13460 3479 5508 38668 38664 23485 23572 15424 16030 19697 20982 25655 24999 12108 12608 20021 18970 28374 28139 10705 13468
476 15 172375 20371 22172 10724 9620 17199 16609 17455 18527 15254 15922 2703 856 16760 16633 20790 19703 29658 29597 16481 17455 7350 9438 60 3504 17629 16845 21602 20905 1433 1691
477 15 240089 3379 3791 21286 20934 21477 21845 17962 16257 10296 10314 14004 15580 20453 21290 30993 31419 37392 37382 25678 25554 5573 5355 24292 24600 1034 1826 32122 31802 34171 34279
478 15 200661 17175 16330 2563 3056 8252 7195 32735 32925 1655 1543 13333 14305 4641 7987 19252 20417 15242 13817 20446 21972 38523 38524 27321 27032 21334 21606 8902 7393 19453 17967
479 15 217338 2818 1929 7495 4791 31120 30942 19660 21037 2245 3004 31325 31297 12910 13883 36522 36408 757 747 36887 36879 34706 34932 33095 32698 14997 16524 5365 3725 1771 854
480 15 221168 35451 35278 11318 9685 24581 23801 2645 1619 1787 1485 4398 4068 26619 27425 36125 36077 23804 23316 26769 26941 10749 12684 17088 15708 510 671 25115 26057 29501 29323
481 15 251856 24900 23922 6613 4381 1727 907 35436 35250 38542 38542 19469 18984 17484 16542 1245 3306 22774 21515 26576 25712 36379 36334 5147 5699 25132 25450 33309 32971 20087 21426
482 15 217098 8044 7008 5273 2243 17629 15858 35507 35617 13857 13404 38251 38249 7355 8856 21032 21882 21991 21482 12776 12656 16278 16438 14189 13889 22877 21370 21597 20686 14717 14464
483 15 209448 21558 22358 37263 37326 21165 19749 26735 26276 13641 14710 11118 13874 18677 17943 11678 14063 27116 27091 9552 10594 7728 6594 17327 16515 6834 5607 20698 20962 10720 11517
484 15 219756 21471 21902 599 2800 20919 22686 6969 5020 31347 31253 11589 11408 33220 32957 10595 11198 26235 25391 36629 36580 29593 30454 14093 16128 20009 19164 7748 10355 3680 193
485 15 183836 24915 23693 8005 6861 3891 1582 37803 37819 7728 8015 26151 26328 9111 7708 2602 5212 25 660 13928 14971 19240 18412 29780 30350 9335 9576 15119 16222 22163 23694
486 15 257112 10651 11349 4393 6948 18624 17288 15565 14279 27202 27684 31149 30636 23182 23284 29765 30414 3813 6954 29290 29141 26973 27766 5583 5921 37819 37754 30660 30929 26722 26013
487 15 227465 11968 10709 1344 4991 28518 29234 14547 14484 22045 20588 11828 10217 6687 3712 6738 3635 35658 35652 38615 38621 30319 30888 9481 10600 20019 19677 18846 18148 27719 27781
488 15 264768 17969 18510 9099 6515 11556 10393 32526 33045 32506 32562 27059 27661 34514 34863 11255 12780 9939 8256 19898 18849 29582 28920 19484 20688 33193 33242 31672 32366 10709 9866
489 15 220524 7482 4761 21465 22596 20698 21697 4011 4735 3886 1286 34557 34638 30260 29765 33003 33289 14623 15377 27443 26612 5243 6399 26974 26756 9454 9989 12502 13817 24054 23797
490 15 187720 6834 9710 9048 11424 36756 36910 430 766 24923 26165 9300 8001 36932 36874 17092 17352 676 2754 11261 11431 15745 17656 4001 6812 12261 14770 35202 35280 14190 14227
491 15 215708 14976 13992 21529 20133 12752 12856 6258 9220 11871 12498 19621 18619 20043 20445 20835 22326 29829 30627 14450 16206 16928 17611 5372 8058 37035 37040 33026 33570 5110 7918
492 15 243027 2203 248 20883 19102 31812 31496 18507 17180 23745 23964 23596 22954 5970 3724 10622 11878 33505 33584 13471 12824 14955 14797 15126 15773 18145 18871 36816 36704 34428 34352
493 15 226600 8285 9840 22626 23373 30316 30428 6927 4007 10373 10529 12436 13998 9861 8461 38455 38452 9579 11599 27801 27698 13245 11135 26596 27347 23963 25036 11075 9104 31712 31817
494 15 204263 19798 20929 4476 3025 7381 6198 7233 5881 22046 21904 25440 24373 29780 29549 24876 24127 11401 11697 18057 16825 17573 18973 6769 7860 29392 29248 15811 14055 15296 15371
495 15 225283 35670 35930 33856 33807 4514 7140 14267 16537 14699 15721 26148 26779 6985 7858 19690 17961 2719 1999 31758 31344 37793 37769 12681 14209 30925 30274 2728 1693 7171 4481
496 15 298776 33989 34013 35593 35596 12141 9897 8598 7794 21199 20892 36217 36194 6201 7608 37120 37239 22421 23970 22328 22173 12482 12027 27854 28484 35095 35296 34290 34028 27942 26948
497 15 197578 27639 27114 18595 17222 10463 9950 160 360 19721 21036 13614 13205 31494 31953 27121 26390 13022 10856 27382 27444 9176 9779 3955 5719 20603 19166 16403 14544 7625 5037
498 15 181157 20582 21242 10080 12046 2699 1731 4110 3054 10842 9441 2477 3346 26259 25469 21776 22561 31380 30681 23936 22657 1478 1419 2627 1015 6084 6710 29322 29542 32795 32927
499 15 244471 11495 8926 22676 21140 10295 8317 37133 37122 21295 21895 15914 16455 4854 8005 26053 25364 20918 22319 17831 19813 1183 3901 16713 17601 31112 30691 33612 33535 34505 34843
500 15 196608 14367 14796 3913 6525 3210 2529 27197 27206 3623 5002 12362 10935 10087 8947 27106 27741 25528 24361 25795 26721 37912 37968 22895 22123 19891 18689 1904 1730 9971 11953
