1 4 53188 5559 2251 6637 6325 31278 30590 23012 24059
2 4 28317 9997 8365 11406 11870 4631 5321 9363 6782
3 4 94505 33124 33075 10402 12673 36789 36833 37817 37829
4 4 57197 3420 87 30025 30106 19880 20480 18172 19118
5 4 59356 18785 19222 3445 2746 21004 19546 30961 31274
6 4 49442 11465 12499 1225 2397 36209 36219 12904 10991
7 4 54429 32978 33174 6552 7009 21202 20676 7305 7940
8 4 52427 24761 25570 6425 9241 2268 4689 32080 31509
9 4 66413 11344 12186 28663 27984 33946 33974 9064 7265
10 4 95751 13213 12180 33058 33113 36506 36562 36912 37076
11 4 70325 22731 23888 20702 21899 7671 5902 36803 36775
12 4 46292 2584 1463 2753 1097 25130 25493 27399 27853
13 4 64635 3327 6597 18463 18894 28745 28653 30259 30682
14 4 53201 11864 12976 31437 30776 17321 18361 5880 3501
15 4 68496 26794 27461 18024 19541 27950 28032 12853 11290
16 4 54584 13549 15584 12210 10485 29726 29020 12746 10860
17 4 91098 22100 21449 26394 27177 28638 27834 36741 36806
18 4 48352 12446 14973 14669 16086 8471 6051 24855 24554
19 4 80761 36092 36094 12099 14374 35855 35864 16906 17655
20 4 77254 36517 36721 8022 6188 22251 23239 29778 30267
21 4 48156 2629 5075 8807 9506 18729 17136 30031 30503
22 4 94939 34290 34531 35042 34745 33518 33662 15824 16066
23 4 26298 10053 9547 6195 7026 6259 7907 10366 9693
24 4 52083 30605 31084 23411 22077 3825 3656 7263 9803
25 4 96452 30319 30543 26774 26714 33722 33621 29751 29090
26 4 58984 29797 29950 2421 1571 36699 36604 4814 5742
27 4 65377 10205 11892 10945 10579 26139 24990 34433 34557
28 4 76969 35553 35384 24556 24968 33943 33775 2160 3325
29 4 53847 22252 22503 31286 31519 9364 8440 4407 5080
30 4 85904 33391 33902 29055 29328 33007 33105 11928 12986
31 4 41730 18234 17721 16629 15926 10841 12786 6459 6964
32 4 59396 7505 10561 27258 26719 20018 19634 19464 21274
33 4 60031 17686 19755 7147 9740 33855 33906 16351 14939
34 4 41486 8733 7528 17917 16762 16777 18722 8431 10104
35 4 48105 9458 12046 2874 5799 12316 13175 35484 35716
36 4 39401 3091 1667 14954 15906 3744 1526 27463 27486
37 4 99756 31927 31762 24420 24531 32548 32498 35800 35714
38 4 32056 2592 4807 4000 4407 12836 12113 20642 19639
39 4 43815 24413 23432 11385 11539 7845 10813 11126 10850
40 4 67503 3234 560 30353 29795 18958 20144 31834 31243
41 4 68028 1986 4259 31787 31651 18086 17893 33177 33558
42 4 70050 38326 38342 15564 17012 23773 23605 9900 8382
43 4 64962 11476 10962 9401 11903 34417 34801 25909 25903
44 4 32684 6681 3873 8696 7997 5805 3296 19674 20838
45 4 61579 12588 12574 16355 17643 17026 17894 31005 30826
46 4 54760 3395 1796 4601 4209 38306 38289 22149 20854
47 4 49572 23369 23064 9058 11303 14597 16719 14941 17134
48 4 23303 17854 17852 1622 2796 276 3567 9377 8016
49 4 57448 13454 14346 35225 35082 9971 12806 13160 12222
50 4 32820 139 3571 21953 22427 12363 14640 6570 4268
51 4 56092 22439 23799 32950 32435 11161 12903 3566 458
52 4 44598 9790 12538 12114 11536 23160 21650 10684 8952
53 4 69200 30983 31594 38708 38707 201 2413 16608 18364
54 4 77866 10066 8398 24457 23309 37275 37234 25535 24234
55 4 53412 16579 17789 12204 11268 37980 38032 2 3313
56 4 67568 18920 17221 5770 5983 27312 27952 32459 32530
57 4 49291 2570 5916 23292 22118 29919 30018 5833 6698
58 4 80413 33855 33828 14912 13853 32363 32327 19387 18308
59 4 79750 29598 30017 7479 5231 24980 25985 37631 37651
60 4 74593 6739 7321 17315 15818 34201 34339 34987 34967
61 4 100519 36967 36923 38667 38668 24549 24495 25466 24359
62 4 42287 29662 29825 6344 9297 7249 5533 9604 9744
63 4 56576 19121 20925 18311 16893 16258 14752 17030 15377
64 4 66132 22991 22333 8115 7410 35288 35239 16271 17470
65 4 98688 31538 31339 30168 30886 26974 27285 34680 34921
66 4 70064 34754 34398 32909 33244 16050 15628 3867 2998
67 4 66198 16976 18704 27993 27762 5807 7359 31972 32021
68 4 56520 6282 9252 4461 7225 30860 30078 29047 29621
69 4 60940 33475 33927 2900 5869 12300 10912 27501 26503
70 4 81663 36360 36564 32514 32631 1497 258 31708 31450
71 4 74288 33538 33032 33283 32744 14547 13255 11492 10382
72 4 77572 30123 29606 34935 35152 6497 4546 25410 25274
73 4 66321 35828 35634 15247 14002 15903 14040 15924 14998
74 4 43715 30561 30412 16046 18109 7427 7827 610 2876
75 4 45694 10829 12243 5422 2991 16646 15642 24221 25290
76 4 62853 35189 35198 17991 19030 11552 12842 13835 14048
77 4 65148 13483 14051 1245 941 33409 33213 33299 33381
78 4 80820 5141 5581 36104 36051 33160 33571 26621 26527
79 4 41604 23857 22972 7044 6734 735 2371 20369 20842
80 4 48305 26111 25987 3515 4352 20197 19866 10559 12947
81 4 49739 4555 6385 9317 6572 28014 27167 20288 19134
82 4 93191 21963 20429 37805 37817 19786 21329 36935 36807
83 4 46846 5550 5577 14101 14158 36040 35942 2867 3528
84 4 25802 4973 6650 13757 12677 8344 8497 5179 2082
85 4 83160 18189 19620 25554 26673 31711 31649 28496 29176
86 4 43832 5469 7350 26860 26872 10093 8546 12369 12146
87 4 71501 19935 21372 34995 34650 20389 21902 14058 12726
88 4 83118 29273 29404 36620 36750 27869 27295 10136 9769
89 4 77664 25728 25392 35056 34857 21568 20046 14728 12347
90 4 47360 1644 4425 14526 13866 19581 19443 23450 23231
91 4 64246 29817 29820 10327 7596 6154 7185 34010 34337
92 4 68532 9563 7324 32419 33014 10080 9614 33603 33925
93 4 48028 22123 23442 23675 22538 4745 4498 9492 9723
94 4 53855 12815 10519 26060 25575 6398 4973 22046 23697
95 4 94375 9139 7108 33784 34023 38293 38306 36753 36791
96 4 77598 25227 25305 26822 26002 16556 16528 28393 27509
97 4 72720 10007 11236 35430 35634 34117 33999 11347 13903
98 4 82640 37348 37356 34800 34874 17851 16101 13302 14075
99 4 4988 3062 4312 2157 3158 99 490 917 1053
100 4 77976 13831 11439 29975 29133 31688 31960 21976 22670
101 4 66131 37441 37316 25246 26510 9609 7385 10368 10974
102 4 55212 29160 30098 3175 2230 22183 23806 14498 16623
103 4 81905 19199 17279 19955 18454 34788 34622 28440 28350
104 4 52876 2877 3735 18735 20506 10842 12151 33641 33858
105 4 67072 29559 28687 15797 16811 22713 22072 15771 16123
106 4 66312 29720 29061 20514 19837 27591 28656 5066 6923
107 4 83192 24383 24735 14928 15553 36007 36102 28672 27936
108 4 82516 33848 34244 20299 18905 19151 18468 29847 29189
109 4 59172 37768 37775 19089 17654 15698 16132 1411 3252
110 4 73083 30668 30054 33216 32926 15111 15253 12359 14591
111 4 74429 29144 29491 21339 21079 36091 35985 6463 9463
112 4 67952 14261 12794 38562 38547 14723 16348 17395 16663
113 4 68735 21697 21840 37476 37486 21332 20593 5414 2217
114 4 52290 33554 33854 9327 12216 5166 3847 17316 18880
115 4 28496 4438 6742 3128 2878 24819 24363 3236 5504
116 4 112204 35155 35076 36122 35942 38654 38658 30324 30809
117 4 67876 37851 37842 14083 13440 3420 5989 29491 28795
118 4 61625 15079 12786 30884 30441 1420 4713 29649 30319
119 4 52958 9892 7920 36065 36042 899 1156 19342 20010
120 4 39021 662 1686 14951 15994 17770 17131 15394 14055
121 4 75635 488 2515 38046 38034 17660 19341 38350 38356
122 4 37104 6907 8711 27708 28641 5437 8158 6329 7344
123 4 46237 2426 4950 13050 15043 26092 25378 16229 15294
124 4 62478 19176 17991 19496 20610 27861 27479 11565 12421
125 4 29488 3465 6279 3232 2159 13178 12696 16986 16682
126 4 56881 27274 28077 5019 6218 36791 36621 2018 5053
127 4 70990 28539 27924 35165 35153 4530 7575 20504 21853
128 4 91711 35909 35995 11618 13871 34626 34308 32486 32341
129 4 76739 32450 32887 25725 25605 5406 5452 32343 32878
130 4 27273 4817 3829 6698 6822 233 1560 22344 21037
131 4 83392 28479 28073 33412 32970 37015 37026 5334 8091
132 4 36052 17498 16837 6054 4235 18619 18317 2895 378
133 4 45244 17504 19286 4937 4952 12929 14326 21185 20683
134 4 71268 23363 23590 11530 11742 26885 26449 27307 27592
135 4 108436 38252 38242 36008 35795 33117 33069 28168 27685
136 4 85377 18818 18744 19665 19150 30463 29759 37776 37704
137 4 76194 24866 23981 28461 29080 19331 19546 22585 22201
138 4 57024 18150 18719 18422 20320 11611 11187 23098 23879
139 4 60680 780 2294 12907 15209 23779 22626 38384 38376
140 4 56766 5484 3975 33120 32812 4340 1696 28014 27180
141 4 61026 24989 25879 14360 16763 16978 17741 19956 20186
142 4 44306 23439 22005 8 721 1379 1785 30557 31089
143 4 73648 26870 26503 12450 12868 23082 24642 29659 28760
144 4 66057 35860 36003 22553 23457 8656 5962 15503 13232
145 4 85187 5965 7306 35574 35418 30300 30504 34645 34676
146 4 71101 9423 10202 35577 35631 18945 17063 24932 25339
147 4 56488 35274 35014 6931 8545 16713 14715 11693 11950
148 4 72090 25921 24885 19828 18314 37877 37859 6487 3843
149 4 44798 10519 12118 9568 8181 7684 9290 28227 28656
150 4 51596 28969 29208 7001 4963 9832 9085 18693 20564
151 4 89598 38436 38464 17980 17209 34010 34095 21572 20613
152 4 35132 5892 3842 1441 2786 34621 34634 1962 870
153 4 85781 35073 34961 20989 21646 18263 19163 32902 32879
154 4 63264 19921 18348 7586 9187 23351 24729 28223 27835
155 4 52724 29849 30522 12180 11618 3073 3144 20804 21855
156 4 79168 17762 17212 23151 22732 25792 25392 32256 32160
157 4 64423 9919 12733 21931 22682 17892 16557 30787 31119
158 4 45917 8058 6496 37836 37867 2058 2292 9445 10249
159 4 72347 15212 15290 31868 31681 22192 20672 21162 19419
160 4 47642 24892 24227 22619 21991 9525 11273 2517 4370
161 4 73473 21470 20866 26182 26911 37861 37941 6329 9033
162 4 48160 5623 4694 18063 16857 8021 6658 28494 29461
163 4 55304 14521 15341 22382 23842 14615 13980 17612 16288
164 4 52653 3031 867 17835 18400 36490 36634 8461 9693
165 4 53875 5120 5291 24300 24715 28659 28394 9265 6946
166 4 52837 21185 22016 609 1397 25295 24098 18958 17947
167 4 65927 8876 11105 25472 26007 19090 17792 28971 28360
168 4 88082 18114 19947 36038 36221 21929 22035 34022 34121
169 4 74884 11720 9935 34865 35246 30928 30403 16092 14292
170 4 50850 13741 16099 6740 9781 37086 37123 5996 9027
171 4 75189 18935 20167 14396 12299 36299 36066 24357 25069
172 4 53840 8963 9198 31446 31332 2062 4592 24829 25874
173 4 59485 30977 30707 24171 25511 13520 11206 5689 4204
174 4 75770 27899 28182 10410 11215 35308 35258 21096 22687
175 4 46670 1433 766 30164 30202 15461 14534 11280 9939
176 4 40584 27317 26587 14222 16024 1277 1221 7914 5798
177 4 79015 32856 32555 33736 34113 17998 18789 14179 12838
178 4 81753 15160 14778 35534 35540 20952 20950 30546 31100
179 4 46802 7053 8073 15358 15295 28503 27654 7589 7038
180 4 81364 34197 34059 10635 13064 35495 35174 21378 21321
181 4 45643 1953 2972 28098 27082 21186 22267 5817 5199
182 4 29608 17534 16317 5102 3033 1902 133 12472 13390
183 4 78624 22019 22078 23804 25044 38004 38058 14453 12762
184 4 101294 26634 25950 30985 30884 38054 38006 30945 30756
185 4 64997 24690 23673 19237 20056 12907 13544 24413 25078
186 4 46014 8134 9467 29525 30410 17677 18964 2182 4398
187 4 48600 25594 24949 25153 24418 9682 9184 321 757
188 4 70232 12001 9407 10283 10953 34038 34459 31469 31036
189 4 66537 26502 26022 3879 6566 37879 37858 14912 15198
190 4 49308 8297 6478 8861 9270 23386 24692 21092 20328
191 4 66132 5942 8829 28833 29816 17900 19817 29990 29152
192 4 69682 33478 33380 1904 1833 29134 28901 22587 23632
193 4 29660 14769 15851 1718 1512 1236 513 19352 19665
194 4 59201 28793 28748 17360 18390 8177 7256 19672 21325
195 4 75632 24003 23057 17306 16757 31461 32051 21770 23263
196 4 97232 32540 32190 27050 27680 27198 26119 34753 34669
197 4 57248 23845 24897 3177 3440 18933 19312 25606 24636
198 4 80556 15471 13979 32481 32368 14883 14735 37861 37787
199 4 48629 5825 2986 27739 27822 9760 12209 17463 18613
200 4 64268 35651 35920 8261 5357 30959 30580 5464 8770
201 4 62097 29733 30405 32027 31570 14192 12711 1670 4353
202 4 72817 16636 15889 17972 18390 23502 21994 32912 33263
203 4 53306 23203 23660 1884 1340 34200 34436 7346 9531
204 4 24263 15594 14978 12772 11588 244 1420 1719 540
205 4 57112 22664 23701 23408 23868 12171 12251 13147 12071
206 4 52102 24481 25380 353 155 30835 30897 9459 9977
207 4 35692 14453 13387 10011 8741 15380 17235 4772 1527
208 4 84791 30596 30605 23568 23992 16761 16737 35064 34811
209 4 50372 3760 5775 27571 27040 30105 30663 1529 228
210 4 84786 23932 23451 12581 10485 37584 37566 31886 32108
211 4 47282 2516 2900 23798 24395 28106 28962 4683 6361
212 4 66792 14960 13856 33450 33408 2382 5749 32699 32105
213 4 58939 21813 23177 19369 19410 3841 6817 28651 28288
214 4 63810 3605 7047 16870 15596 24660 23571 34628 34691
215 4 34065 1946 2788 6160 6665 26970 28077 7506 9623
216 4 32333 8343 10424 7392 8817 374 1642 24308 23325
217 4 67181 38256 38270 29416 29179 4959 8071 11346 12445
218 4 82808 4142 2178 32662 32858 29623 28887 37084 37033
219 4 71037 396 189 33608 33615 34603 34683 20190 19027
220 4 40868 30162 29450 3122 2804 12442 13095 5360 5014
221 4 43231 242 362 6712 8085 35412 35499 11673 11981
222 4 66255 20452 20187 7043 6878 27599 26646 27725 27643
223 4 48449 20648 20406 1951 3309 17295 18582 20668 21212
224 4 30476 357 694 6248 6278 15752 16501 15739 16705
225 4 42677 442 3220 16581 17669 34066 33831 2258 4801
226 4 69311 13416 11729 26957 27658 15094 16935 31172 31900
227 4 44180 2848 6136 25061 25478 26087 25326 1230 3968
228 4 70950 11366 9788 38396 38378 25039 25275 13887 15187
229 4 63055 11665 9471 9922 9324 28471 29363 28761 29680
230 4 40937 36255 36068 9961 10573 1417 3949 3539 5012
231 4 55060 26617 27117 23430 23814 2744 3972 16034 17407
232 4 81810 15726 16643 36886 36909 18331 19686 31320 31303
233 4 52667 12980 14748 9363 8854 18638 20051 24853 24278
234 4 44249 31168 31617 8709 11289 7733 5287 7702 8565
235 4 52398 21517 22316 15334 14592 10770 8947 17877 18552
236 4 68161 31881 32350 10822 10488 25860 26290 16639 17017
237 4 90456 10010 7155 36111 36362 34381 34233 32568 32955
238 4 69385 29730 28891 21826 23045 13938 12068 21238 22388
239 4 67581 17622 17016 22413 22028 21880 22723 22562 21336
240 4 91573 33794 34167 21652 23133 27505 28266 31516 30810
241 4 42120 5513 5812 12322 13770 22625 22308 12190 11795
242 4 84097 31463 30762 38708 38708 26989 26146 7962 8385
243 4 91185 27428 27003 29829 30500 27998 27512 28727 29068
244 4 61637 18010 16554 19498 18954 31472 31308 8067 9575
245 4 68060 27300 27972 4556 1144 33175 33224 20045 20999
246 4 64427 36523 36513 11141 9209 5046 5699 27824 28250
247 4 29288 2169 5017 4894 1760 26159 25924 3388 5001
248 4 70031 36573 36585 5415 3261 21580 21632 23971 23647
249 4 85078 36827 36887 33443 33178 22008 20401 14070 13267
250 4 72185 16351 15596 24127 25172 23111 23714 26643 25740
251 4 62316 30774 30474 5779 7214 7131 6095 34212 33818
252 4 33015 9696 11939 3595 1187 23916 22863 4062 2646
253 4 78850 19855 21681 32813 32678 7775 4700 38120 38071
254 4 30168 2479 1132 6881 7847 15641 17298 12710 11691
255 4 36175 15354 16493 6800 4707 17083 18710 5982 6055
256 4 59532 12928 10350 25789 26226 18479 18499 17219 19163
257 4 42178 13161 13166 10683 10585 14955 14927 13924 12193
258 4 83298 20658 21948 12874 11424 38547 38543 32044 32081
259 4 58638 19067 18512 35530 35224 17292 18622 1409 3971
260 4 77850 25096 24758 27441 27880 22659 23344 22117 21176
261 4 54168 14613 12210 6006 7922 14070 14409 33022 33260
262 4 78968 14604 13069 35575 35490 10837 11071 37695 37738
263 4 81292 25022 24860 35044 35363 36265 36264 5285 2499
264 4 59371 17641 17343 13244 11317 4780 3543 38549 38553
265 4 70200 16201 16701 11249 11947 25935 25926 34365 34148
266 4 65311 22419 23558 6299 5152 18256 18967 34665 34659
267 4 71744 4681 4095 34944 35240 38533 38551 11522 11632
268 4 29803 9638 8808 8948 8026 9466 9233 9202 9304
269 4 84127 32657 32416 25333 25273 13967 15958 33202 33317
270 4 90080 29577 30113 16653 14753 31771 31504 34599 34356
271 4 64902 18840 17413 16878 18902 16760 15503 28650 29050
272 4 59192 18152 18023 9521 7671 11962 12411 34356 33984
273 4 38919 256 1305 11744 12552 21045 22414 15604 14844
274 4 67797 9631 11982 24675 23935 12400 14626 38041 38031
275 4 49418 20706 19045 11737 12514 29321 28901 9 2531
276 4 52816 28535 29104 6181 5724 2109 5585 29196 29556
277 4 60120 14704 15715 18467 18167 31858 32349 10122 9527
278 4 54169 24859 25281 14470 13336 22100 23290 6283 5310
279 4 26636 15286 14026 3171 5161 1169 4401 13670 15618
280 4 27074 4678 2120 4693 3733 13351 15623 11121 13825
281 4 67932 9005 8673 38584 38594 9234 9445 28093 28535
282 4 39147 653 1904 4203 1037 37064 36953 7014 7153
283 4 86920 34058 34139 25731 26642 10925 13669 37936 37894
284 4 51455 29462 29739 9940 11765 16346 14898 8571 7744
285 4 57672 14505 12728 17196 15088 22010 22204 18380 17426
286 4 79989 18714 19302 23422 22248 21692 21739 36159 36044
287 4 69064 34457 34568 22424 23310 748 641 28701 28482
288 4 85218 26838 26433 35013 35130 29907 30171 14765 15012
289 4 54203 23855 24554 7094 4843 17197 17950 19608 21227
290 4 36540 12035 13003 13767 13578 15052 17203 4821 4532
291 4 55999 7717 7979 13898 15772 30167 29695 18217 17985
292 4 41995 20681 22218 22856 23468 464 819 8493 6420
293 4 39475 22303 22449 13014 11384 11162 9076 2865 378
294 4 34979 13017 10964 13929 15205 4724 6978 12054 10618
295 4 35332 3866 2698 16813 15557 5975 4700 17511 18822
296 4 47027 26497 27321 8716 10814 18821 20109 4750 2019
297 4 70172 16737 14765 30296 30566 24318 23669 16364 16891
298 4 76450 26140 25219 35453 35715 5751 4820 28219 27346
299 4 91068 36490 36619 24791 25667 35904 35663 16650 15088
300 4 50006 34148 33718 14601 12647 4729 5350 9030 10076
301 4 74239 36153 36308 14761 17025 35539 35689 6346 5500
302 4 81431 30799 31011 17767 19500 24315 22900 28908 29441
303 4 56864 2499 6100 25080 25804 17373 18753 26129 26364
304 4 63888 10253 12291 3834 1303 29272 29254 36501 36718
305 4 41852 5495 4834 19258 18677 3762 6106 23800 22556
306 4 81664 38479 38493 34817 34801 13655 12803 15130 16182
307 4 54172 5965 7328 2105 5359 29357 29977 30288 30292
308 4 44569 3897 5989 2843 192 37587 37572 11385 10974
309 4 53681 12972 14847 10068 8365 37145 37140 6917 5460
310 4 74939 13659 15698 18697 16927 24139 23874 37179 37077
311 4 72144 3816 5963 31519 31014 23976 22807 30869 30550
312 4 23504 390 2349 21460 23168 2384 5039 5146 3764
313 4 58793 3514 3094 10227 8583 24593 25996 35158 35478
314 4 84627 2220 4593 33899 33502 32876 32887 36789 36950
315 4 77103 3207 141 34788 34646 29466 29227 28918 28161
316 4 56557 25559 25710 36981 37090 7219 5748 938 3885
317 4 74254 25767 24979 21568 20835 20876 20948 24607 23207
318 4 27848 5666 5580 13255 15236 2293 4204 13597 12731
319 4 25090 15223 16724 9168 10290 5170 6149 1802 971
320 4 65904 13139 11123 8942 7454 26901 27295 33398 33225
321 4 60200 14492 16259 13454 13835 16324 18466 30981 30284
322 4 83598 19373 21186 37168 37271 27197 26985 20760 19679
323 4 41638 12224 10292 2109 491 9023 7717 28692 27703
324 4 69811 23260 24158 36876 36974 16411 15517 10717 11940
325 4 68736 32984 33366 25406 26432 5969 5176 21561 23102
326 4 51343 22494 21346 11183 9320 19633 21181 10869 11630
327 4 54625 5238 4922 1479 3485 36488 36654 25077 25822
328 4 68771 33122 33123 17446 17381 21260 21594 14136 11763
329 4 76951 29824 30670 4014 7334 36399 36441 25952 24869
330 4 75571 15246 14033 29536 29013 31491 32158 18191 16899
331 4 29308 15199 12993 10615 8639 2700 1141 8121 5771
332 4 82750 27517 26750 23090 24540 33402 33552 19429 18433
333 4 66412 15657 15591 5047 8256 29170 29538 33142 32846
334 4 80435 30427 30940 30549 30074 8097 7101 31471 30765
335 4 39619 8214 6966 17506 19099 20116 21723 3688 6415
336 4 89277 23997 25275 16240 14594 36406 36501 34954 34607
337 4 43214 7266 8573 24297 25486 6867 6110 15588 13943
338 4 62407 30495 29927 5186 7355 11409 12040 30919 30978
339 4 41499 18819 17335 1479 1985 18909 20512 12667 13746
340 4 48208 6995 4244 13503 13823 34996 35085 4767 6108
341 4 74805 23867 23234 6022 8940 25069 25610 38549 38555
342 4 60722 31258 31415 22360 23206 18573 20137 3712 2752
343 4 80055 27987 28908 17779 19071 21929 22237 32374 32270
344 4 82040 24316 24162 13900 14238 34206 34329 30128 29970
345 4 46720 23717 24645 21867 22509 4789 7538 8028 8096
346 4 102440 35164 35098 30836 30255 34942 34976 27108 26519
347 4 58192 21861 21629 565 610 13410 14508 36905 36915
348 4 84978 17122 18811 30427 29792 28445 28111 30229 31024
349 4 45199 10773 11051 13920 14960 20262 19518 11544 9716
350 4 112949 36071 36008 36317 36319 31301 31699 37498 37377
351 4 41540 25664 24787 3876 5237 5724 7438 16662 17920
352 4 13956 1660 792 8008 7646 3050 4092 4728 7334
353 4 39763 530 2938 21610 21764 12011 14045 15553 13687
354 4 67518 18005 18265 18464 18928 30189 29565 17740 17265
355 4 62243 11977 11748 23247 23718 15482 14228 27098 26934
356 4 44862 7607 8297 16399 16654 10492 10258 21580 22689
357 4 88957 32715 32538 36960 36784 24075 25421 17447 15661
358 4 94115 33819 33581 22621 21226 35054 34981 26150 26323
359 4 50992 17824 16266 30581 30228 11661 11125 3674 1145
360 4 54801 918 2035 7360 7475 26721 27685 33503 33782
361 4 57427 12525 11562 6191 3669 35290 34969 17778 18601
362 4 52946 28223 27628 13217 13164 15821 16480 8922 7592
363 4 68146 26487 26419 24560 25071 27491 28044 6645 5541
364 4 53822 25363 24699 18802 18334 13666 15948 9447 8143
365 4 50721 11039 10878 12315 13834 24758 23553 15290 16699
366 4 53017 28728 29114 9585 6684 23201 24007 4758 6695
367 4 50622 11956 12569 8929 11607 28172 28240 14221 12355
368 4 101944 23585 22645 37871 37950 33496 33015 32478 32566
369 4 92288 38349 38363 11011 12522 30743 31221 35257 35126
370 4 42555 18129 18799 4972 6576 24619 23363 5474 7436
371 4 33218 28254 27444 6822 8682 3326 6858 3121 368
372 4 41256 1635 198 13898 15527 10579 8094 25458 25906
373 4 65888 36990 37086 291 243 6950 5286 38129 38163
374 4 25707 8653 8406 14196 12294 9201 8307 84 1993
375 4 46521 10018 7356 2424 4480 23362 24708 22348 21636
376 4 66782 1902 1141 33479 33276 22360 22141 25737 25698
377 4 65532 22949 22123 29643 30484 27470 27038 1854 284
378 4 90641 31157 31804 26999 27251 26224 27028 28922 28248
379 4 51820 30154 29844 8398 6801 19984 20171 6239 4318
380 4 47422 1694 2800 26699 26100 21286 20482 9599 6877
381 4 83193 7888 5812 30090 29771 29178 28987 36836 37022
382 4 68473 37723 37761 3418 6344 29593 29272 14858 16568
383 4 61528 33181 33434 7457 4644 25543 26738 10729 9713
384 4 49716 7600 4549 29595 29308 3077 963 21873 22640
385 4 57767 17328 17612 11888 11960 13587 14877 29406 28829
386 4 73844 14307 14861 12972 11302 30147 29985 34879 35187
387 4 100073 37670 37625 31733 32092 28084 27967 27605 28680
388 4 89526 35965 35819 20297 21407 23137 22211 32509 32722
389 4 72538 35550 35727 24583 25745 4249 1807 26291 25321
390 4 83721 31270 30944 37392 37471 2196 3751 33794 33816
391 4 80849 22607 23828 37428 37478 37049 37093 3978 3662
392 4 39200 8290 10458 2892 442 34551 34404 3267 6683
393 4 54563 2894 6022 16753 17637 23105 21801 25452 25816
394 4 62074 20785 20800 4213 4281 33326 33561 19269 20718
395 4 75126 4103 4590 33489 33496 33549 34006 22767 22097
396 4 74441 20470 21624 20703 19538 29515 29618 22364 23117
397 4 50194 17594 18589 5984 3092 29634 30184 9531 9581
398 4 55988 26435 27089 6520 7657 1838 4279 35192 35509
399 4 39809 1799 4211 3178 2902 16238 16802 28547 27850
400 4 54706 1002 2862 34780 34850 7699 6197 24902 24286
401 4 59149 16297 14399 20661 20192 4015 5542 32964 32627
402 4 59079 16019 15579 14500 13059 18366 18545 24964 25655
403 4 45238 13691 12190 6403 5213 31156 31334 5298 4859
404 4 64376 18748 20394 10086 7863 32083 31736 19554 17838
405 4 87104 37160 37079 9244 7240 25802 25337 36674 36508
406 4 37623 7080 8382 8367 10797 8161 5932 23421 24481
407 4 60588 14670 16622 32045 32641 23321 22680 5700 8064
408 4 55912 31023 30965 11546 13712 23197 23697 4125 6293
409 4 65451 27569 28461 27517 27134 2278 307 24450 25697
410 4 60264 14098 15567 5962 7847 34628 34935 20642 19140
411 4 78721 18685 19826 32575 32140 21888 22728 25254 25067
412 4 87576 34180 33912 37207 37180 7187 4982 30897 31474
413 4 95528 32817 33091 23014 22924 26049 26677 37530 37431
414 4 50222 16433 15058 22059 20854 8533 11199 15753 15958
415 4 67064 23586 24880 11124 12217 11419 12538 37701 37779
416 4 66564 33697 33627 33740 34167 345 3707 15423 14599
417 4 80968 36739 36921 32727 32409 24450 24795 7294 8341
418 4 98216 31335 31692 37631 37554 15253 14672 38552 38548
419 4 63308 7706 7766 35177 35005 10564 9938 25688 24553
420 4 88520 25614 26866 22032 20750 35390 35708 27615 26556
421 4 84732 28966 28352 30973 31508 9113 7455 36863 36973
422 4 45553 20612 22053 5839 6564 10513 12253 19978 20725
423 4 46400 14391 14133 17602 18880 25238 26267 769 4109
424 4 29965 21717 22732 2409 3229 6220 5036 7111 4247
425 4 70930 33680 34116 23520 22996 19746 20461 11717 9293
426 4 60951 5245 3807 35377 35100 12448 12900 23119 23889
427 4 74557 36398 36292 30914 30931 17190 17770 8695 6769
428 4 56994 27307 28072 18878 18763 23195 23704 1863 3841
429 4 66282 37080 37191 23027 22176 6467 7556 16279 15452
430 4 60787 37387 37367 16770 18953 20548 20226 1279 3400
431 4 62506 8502 10050 17679 18003 38589 38584 13363 14784
432 4 49465 31594 31406 19086 19428 10483 12705 669 3540
433 4 79275 31516 31372 35946 36005 28379 27701 3253 3431
434 4 94128 34986 35029 26459 27392 20669 20585 35547 35296
435 4 56153 27073 27726 1752 2476 30809 30305 10558 12085
436 4 78536 10749 10845 28894 28405 34917 34604 23611 24784
437 4 79894 27529 27214 27150 26173 13673 11787 31516 31579
438 4 63935 11530 9217 13228 14164 28572 27662 26589 27424
439 4 71415 33331 32900 23719 22520 20693 19807 11526 13570
440 4 51478 17945 17835 25081 25945 17249 17966 4073 5003
441 4 45263 24494 25838 8768 7292 4897 2034 18420 17391
442 4 80259 24152 25089 25393 25905 13885 15611 36894 36880
443 4 58280 27417 28109 15546 17793 2042 2361 27845 28669
444 4 81208 25564 25983 28284 27588 16288 15069 31374 31375
445 4 42954 23664 23812 1597 4923 75 2933 28357 28982
446 4 50800 796 3910 32974 32736 23754 23391 5977 5289
447 4 38802 462 456 16793 17271 14346 15559 16902 17878
448 4 83960 24273 25562 31705 31377 22130 23702 26842 26249
449 4 69800 14416 14575 17617 15707 35768 35545 19449 18216
450 4 44762 19100 18490 2066 4307 30205 30755 4582 7032
451 4 81554 6335 7266 29642 29856 37881 37864 28085 27607
452 4 83038 26316 26604 32298 32158 36291 36161 8893 6791
453 4 67113 12591 12038 18799 16995 21503 21639 30999 30801
454 4 16672 1266 4411 3051 48 4271 6984 12252 14017
455 4 54117 2521 5214 3822 6628 29364 28762 31940 32188
456 4 59993 37351 37305 11779 10010 21931 21317 3931 6907
457 4 39868 835 3733 13968 15113 24698 25121 10334 10264
458 4 29931 5944 3164 19442 18655 6494 8633 5534 4652
459 4 70805 32901 32527 9482 10392 11461 10745 34663 34488
460 4 57159 11608 11591 7242 7759 30587 31150 22012 22505
461 4 32012 7171 4524 6459 4502 15247 17172 11138 10396
462 4 49566 12395 14588 4468 5238 21450 20026 23645 22428
463 4 60560 30448 30184 26553 27386 13665 13383 5035 7418
464 4 54784 2623 1010 27346 27955 4836 7566 33676 33432
465 4 39068 3417 3541 13199 12098 16424 15524 15795 14972
466 4 36908 14382 14335 4420 3257 25496 26007 1837 771
467 4 70217 15373 13644 2608 4574 34841 35171 34950 34678
468 4 59992 6492 7235 33064 32658 21574 21590 13861 14464
469 4 80176 21863 23267 33289 33452 14110 15377 30958 30977
470 4 87415 34330 33965 37834 37914 8368 5643 28737 27877
471 4 53751 3669 4034 36642 36481 11147 10360 15731 17746
472 4 63184 9810 11661 9124 6608 30921 31608 29126 29279
473 4 74534 27600 26971 20765 20945 30090 29308 14713 16945
474 4 71583 14098 13408 24382 24063 36494 36555 14505 14839
475 4 53368 10224 9868 18238 19327 25186 26231 13063 11068
476 4 58645 21324 21786 29324 29925 22313 23732 346 1410
477 4 26861 20713 19233 3442 1997 3643 1570 5779 5326
478 4 78377 32342 32536 38514 38524 20259 20955 6857 9039
479 4 45481 8104 5452 7281 6326 8261 8118 33206 32814
480 4 51452 6181 8896 4953 2648 32899 32519 20283 19384
481 4 26092 4512 6660 8348 6385 16420 15408 3336 5500
482 4 46564 15763 14551 14927 13750 24544 25729 2971 1526
483 4 64636 27361 27486 37769 37784 10207 12095 5458 6667
484 4 80731 31283 31454 3419 2546 27668 28292 38544 38540
485 4 56362 21675 20176 16371 15032 9947 8306 22460 23465
486 4 94869 34878 34859 23352 22390 30093 29766 30264 30723
487 4 37071 3084 3564 24061 22864 16735 14555 2459 2260
488 4 76724 4739 6781 23328 23159 34337 33958 33501 33198
489 4 83596 16486 16952 24561 23627 33985 34097 29464 28730
490 4 56268 20073 20169 36566 36647 384 2896 13313 11127
491 4 67583 25171 26028 9136 9694 22086 22332 28086 29017
492 4 70792 24854 23998 35953 36175 20547 21847 7137 7323
493 4 62032 3254 5483 37016 37081 28826 29492 8445 5640
494 4 61514 22218 22131 13506 13912 5147 3198 36022 35955
495 4 89758 38653 38650 32425 32140 38137 38090 2983 4637
496 4 70460 33081 33379 21346 21722 17355 17834 16293 15273
497 4 66911 15063 13270 17819 18496 35835 35917 14922 14188
498 4 90260 34605 34867 25068 25584 26135 25405 27018 27124
499 4 62870 13047 14094 9646 8263 38064 38026 17831 16140
500 4 62076 18489 17008 15461 13755 14462 14867 29184 28919
