1 10 336 15 1 18 46 81 4 60 84 11 26 22 30 59 12 61 25 7 57 86 46
2 10 414 91 96 62 98 57 3 9 3 78 55 52 66 47 74 20 49 61 9 41 55
3 10 406 80 71 51 30 69 4 66 94 52 34 13 3 86 68 17 58 55 35 19 61
4 10 317 64 79 17 94 6 84 83 7 36 30 66 75 17 88 53 24 20 68 35 30
5 10 452 55 95 63 96 96 22 59 87 54 84 20 22 96 43 60 7 35 8 27 65
6 10 440 71 71 25 9 97 48 61 75 46 79 76 70 31 71 82 5 45 75 16 14
7 10 382 70 78 47 87 73 54 34 20 62 35 91 32 18 77 11 33 14 48 58 31
8 10 391 82 74 11 95 67 5 33 99 38 80 22 10 65 40 27 94 51 32 93 93
9 10 433 44 68 64 95 97 21 21 58 81 77 78 74 7 84 23 62 49 11 78 78
10 10 501 89 78 91 10 87 64 41 56 19 26 42 17 63 17 76 27 39 89 80 80
11 10 505 7 10 48 19 91 56 79 64 70 48 88 40 77 14 74 77 59 7 39 95
12 10 402 13 64 46 27 80 29 44 68 5 89 65 53 92 24 64 65 88 33 6 66
13 10 453 58 58 81 66 25 35 12 60 51 87 98 76 65 86 59 31 70 83 48 38
14 10 529 35 29 85 17 58 94 20 99 71 27 52 40 51 97 98 46 100 19 92 88
15 10 360 43 19 24 23 30 47 23 44 95 22 78 41 25 95 8 91 32 67 92 86
16 10 270 8 31 39 71 10 19 71 52 29 83 38 64 54 85 46 93 36 1 7 81
17 10 295 56 34 37 54 23 45 64 16 30 53 21 99 29 45 79 9 13 79 17 49
18 10 489 83 8 48 6 81 83 41 47 46 86 85 12 99 72 41 82 62 45 26 24
19 10 332 30 41 25 93 89 95 67 50 32 18 7 23 39 15 12 51 81 87 33 50
20 10 418 79 44 71 81 39 72 9 28 12 45 99 30 58 11 27 61 41 24 88 38
21 10 419 39 97 63 47 50 5 66 1 93 25 27 33 35 68 91 30 26 100 34 32
22 10 278 1 95 57 65 32 94 17 15 29 58 92 86 6 29 82 10 6 4 26 98
23 10 284 40 60 2 28 20 75 81 90 100 33 1 79 43 90 38 26 21 64 10 97
24 10 410 66 1 34 43 78 32 33 99 86 1 21 93 54 49 8 15 54 71 79 84
25 10 447 35 7 97 61 12 78 56 16 64 90 88 48 39 28 84 48 51 23 33 77
26 10 526 20 15 65 87 98 60 89 18 60 45 16 89 66 91 48 31 96 38 100 60
27 10 275 49 66 9 68 77 59 17 96 19 23 25 53 18 50 97 48 16 42 17 44
28 10 461 51 60 30 21 39 92 43 43 77 12 82 37 78 93 70 64 90 80 17 90
29 10 396 86 79 42 41 10 38 70 44 90 73 40 15 74 83 54 88 17 96 12 91
30 10 396 1 76 80 42 87 94 8 92 32 24 72 6 42 94 94 84 60 4 20 34
31 10 363 32 69 87 2 86 1 38 24 30 30 17 78 20 91 79 17 20 66 45 79
32 10 318 17 40 24 42 10 42 30 6 79 41 42 96 20 57 2 80 98 28 76 15
33 10 455 43 28 63 87 80 91 52 47 76 30 74 36 55 97 35 62 4 46 87 32
34 10 490 58 4 14 57 94 41 86 88 69 47 90 62 21 19 46 2 72 53 63 50
35 10 391 46 10 62 53 42 28 93 53 12 77 25 4 73 11 53 19 78 57 5 98
36 10 381 52 91 96 15 63 15 51 37 52 94 32 8 60 18 13 75 36 29 22 53
37 10 452 4 87 47 85 67 93 82 46 74 84 92 15 79 70 51 27 23 32 46 31
38 10 423 89 91 4 53 92 37 23 7 76 57 95 82 72 24 27 44 13 67 38 91
39 10 383 56 6 39 1 48 5 88 38 37 51 47 61 43 19 78 51 27 2 16 66
40 10 485 85 7 25 12 84 98 27 42 87 82 95 58 90 62 13 13 47 25 54 49
41 10 425 6 68 31 17 28 57 100 69 24 16 88 75 99 66 95 60 8 66 53 70
42 10 580 43 50 74 8 85 26 72 92 82 89 38 30 97 23 97 53 90 60 47 9
43 10 300 66 69 8 68 6 64 1 33 44 56 3 26 52 76 36 2 78 2 82 70
44 10 501 71 64 97 1 66 97 25 12 27 61 10 76 100 9 37 58 100 38 94 65
45 10 379 1 52 10 90 29 74 46 93 8 4 62 49 95 29 74 87 72 49 77 3
46 10 412 73 59 30 41 58 90 77 14 53 32 72 98 14 78 12 63 63 39 64 94
47 10 372 75 14 47 88 91 53 13 50 33 78 13 82 98 54 50 14 41 60 4 10
48 10 398 32 80 12 86 24 40 54 32 93 83 76 69 56 43 94 30 17 97 40 37
49 10 387 100 2 39 84 45 33 48 57 55 97 54 56 29 14 2 54 87 80 25 100
50 10 322 31 45 87 98 12 84 9 47 65 34 9 82 52 91 39 94 16 100 83 79
51 10 391 89 98 46 37 37 9 87 77 13 45 39 2 80 22 4 95 77 88 17 26
52 10 366 94 46 3 54 50 68 76 2 40 29 64 39 72 46 35 40 22 86 2 77
53 10 456 42 46 90 100 58 48 18 79 72 93 15 91 17 66 84 7 85 34 89 68
54 10 282 42 30 16 50 20 51 79 72 33 30 66 64 9 90 9 35 35 41 44 43
55 10 462 71 86 13 68 96 6 6 92 47 74 20 91 49 12 95 53 88 8 93 66
56 10 461 92 90 12 84 39 41 84 85 67 46 14 51 84 92 97 13 36 18 52 1
57 10 308 58 11 23 74 31 87 9 96 54 14 92 71 46 35 16 23 49 43 8 15
58 10 405 46 93 13 51 34 78 55 36 53 61 58 30 54 70 32 71 63 95 99 39
59 10 424 11 86 46 73 28 51 49 49 51 37 79 8 98 12 68 65 19 74 81 50
60 10 459 59 39 36 47 64 48 97 30 43 60 76 19 3 70 34 95 62 12 100 39
61 10 508 15 28 86 23 12 12 73 11 81 65 83 38 100 44 68 52 57 76 61 4
62 10 408 16 60 4 56 79 83 66 70 35 33 58 60 100 77 1 39 93 76 59 78
63 10 346 6 41 2 64 16 71 92 26 79 63 90 54 22 25 64 92 59 49 3 65
64 10 388 19 92 13 18 76 44 5 31 55 98 67 10 52 10 98 40 17 9 84 28
65 10 449 25 27 20 76 73 71 81 75 63 19 18 26 38 49 97 40 100 100 47 32
66 10 358 60 56 23 11 16 19 4 69 90 52 6 36 73 91 35 55 69 48 72 85
67 10 346 48 52 9 20 76 61 95 73 32 6 78 88 32 40 8 51 54 80 1 46
68 10 483 60 37 67 35 84 43 13 26 99 57 73 47 18 80 71 9 21 25 98 68
69 10 240 19 54 25 64 13 40 52 83 37 58 4 55 1 45 65 26 59 31 25 80
70 10 472 76 72 56 33 68 80 98 97 17 92 92 15 36 47 21 21 28 74 98 3
71 10 378 67 58 95 38 37 46 19 45 8 20 47 64 95 83 22 71 30 14 53 63
72 10 344 75 37 24 11 26 55 74 2 61 66 6 49 25 39 23 88 66 71 50 17
73 10 361 19 91 47 95 94 85 57 54 88 61 2 31 17 91 100 80 17 42 11 1
74 10 566 98 18 98 96 62 16 97 71 49 82 38 7 94 2 63 75 55 24 54 82
75 10 374 6 85 65 88 42 81 33 63 97 35 5 15 28 96 73 64 27 65 92 43
76 10 331 96 37 4 6 42 78 53 40 31 30 26 12 71 18 37 87 4 5 50 21
77 10 428 60 85 25 88 88 47 70 37 23 94 40 42 92 52 55 50 79 84 4 19
78 10 340 40 49 74 9 20 42 34 89 35 28 94 92 1 56 49 33 6 64 73 3
79 10 376 81 16 41 56 46 22 14 20 5 26 33 68 18 57 52 62 92 99 89 38
80 10 326 64 69 22 81 44 99 14 80 38 44 64 14 50 72 34 63 64 74 14 22
81 10 325 77 99 46 81 6 81 73 67 26 65 23 26 42 1 56 40 31 2 27 62
82 10 459 96 82 21 64 69 31 11 89 98 38 39 56 69 22 21 23 57 61 93 55
83 10 452 43 16 95 75 100 47 97 78 2 37 87 41 5 50 76 38 59 83 2 39
84 10 284 5 48 4 12 41 50 59 92 75 48 45 75 22 35 51 94 35 63 18 45
85 10 348 82 91 57 95 32 85 22 70 78 71 4 90 40 76 62 86 9 54 49 60
86 10 467 14 21 40 18 84 41 39 47 98 7 77 16 7 72 54 26 93 46 78 34
87 10 380 94 22 3 80 26 15 100 71 77 88 83 16 37 20 5 87 17 43 34 47
88 10 420 61 1 86 81 93 60 65 5 5 43 89 77 19 85 43 41 37 33 28 1
89 10 341 5 35 7 59 83 61 66 32 52 34 29 33 64 82 1 45 40 48 80 54
90 10 316 59 61 38 29 26 28 40 90 13 3 38 80 51 61 64 44 50 91 16 37
91 10 472 79 72 27 78 83 4 33 45 62 34 33 10 98 42 83 67 37 7 56 62
92 10 367 73 91 13 75 83 39 27 87 47 7 97 85 1 28 57 91 51 52 10 93
93 10 455 32 5 10 100 44 21 64 12 90 58 27 6 62 16 58 70 98 20 84 56
94 10 443 85 20 73 1 35 67 63 16 15 99 66 76 38 13 97 30 71 19 11 22
95 10 348 67 77 10 96 35 55 2 48 87 51 90 60 53 19 37 78 9 9 46 33
96 10 393 14 45 18 1 52 18 72 92 64 31 56 92 53 43 19 48 72 8 72 47
97 10 368 54 44 6 69 45 81 54 66 55 1 55 17 51 41 67 41 72 6 2 15
98 10 400 87 43 75 88 25 6 13 85 8 35 17 70 80 39 89 81 99 54 8 96
99 10 428 66 68 20 4 87 81 30 22 100 22 65 59 36 77 82 31 10 26 40 74
100 10 445 75 97 74 94 12 26 61 4 84 10 71 11 69 71 61 63 8 68 42 81
101 10 491 41 70 96 57 48 84 81 49 24 34 85 25 42 49 86 65 30 8 81 80
102 10 428 93 20 11 20 64 36 56 74 40 35 28 18 47 67 67 83 85 28 45 67
103 10 433 43 59 58 26 1 94 99 89 33 85 82 57 77 4 57 87 37 13 55 83
104 10 445 46 36 58 39 57 76 59 13 55 88 88 56 94 72 84 82 1 21 15 55
105 10 457 78 59 41 32 43 39 82 2 100 68 70 15 21 57 17 71 32 78 88 73
106 10 424 75 68 69 47 15 51 36 82 39 21 75 40 71 80 12 1 86 55 52 76
107 10 437 95 48 29 15 14 60 72 70 35 6 89 13 4 68 41 9 73 55 95 53
108 10 436 18 56 52 62 40 55 96 66 87 25 57 2 37 34 38 43 34 63 86 60
109 10 262 69 13 5 80 32 15 72 19 34 89 7 98 26 89 10 16 62 15 11 30
110 10 419 52 99 85 39 21 1 99 10 12 7 32 18 66 41 86 33 31 63 40 75
111 10 373 18 45 88 16 52 29 34 1 67 67 48 51 45 96 15 34 51 28 49 39
112 10 371 36 16 37 54 86 34 22 100 39 83 53 75 50 36 92 2 45 82 4 85
113 10 424 65 38 71 70 59 72 58 22 30 38 1 16 80 37 57 86 71 86 38 19
114 10 405 37 28 55 98 72 18 65 45 91 94 94 50 14 9 23 46 43 35 13 13
115 10 468 100 63 72 42 62 30 63 67 50 89 26 76 58 85 17 33 48 68 90 50
116 10 393 13 42 91 90 100 100 30 53 3 25 36 24 35 25 47 24 52 78 85 31
117 10 497 48 37 91 86 61 22 77 80 44 7 83 31 90 21 16 49 15 44 97 44
118 10 407 75 70 82 47 47 25 19 31 59 89 8 60 1 44 64 31 65 55 89 41
119 10 408 72 25 91 64 24 33 93 99 43 29 54 4 31 65 76 28 1 9 26 83
120 10 426 74 78 16 43 6 18 98 76 69 77 38 72 48 43 83 86 27 40 74 65
121 10 415 38 27 58 86 17 35 95 40 24 9 78 4 94 36 89 3 13 13 13 36
122 10 476 95 29 99 81 24 45 100 91 24 54 73 71 65 2 8 67 11 5 96 17
123 10 499 53 24 88 59 67 86 29 100 98 23 87 77 65 26 82 43 18 23 37 25
124 10 341 14 45 2 57 56 48 27 42 49 65 61 12 57 52 94 28 3 90 64 58
125 10 381 2 27 49 75 40 43 70 33 91 66 78 65 39 56 19 62 74 19 15 45
126 10 465 51 93 91 32 69 36 47 39 96 13 46 60 20 55 36 88 78 23 48 45
127 10 258 54 93 60 70 2 55 22 16 48 58 55 34 19 29 13 8 16 60 34 11
128 10 443 76 13 84 32 24 51 10 34 44 22 16 31 46 81 85 69 84 23 85 49
129 10 372 13 10 41 44 6 79 67 63 28 43 62 4 68 14 92 91 15 36 73 9
130 10 448 95 80 65 82 93 7 44 15 28 89 3 38 10 13 60 24 68 19 94 81
131 10 575 98 92 74 17 37 63 80 64 46 92 63 1 75 78 69 7 100 65 77 45
132 10 377 68 60 18 27 86 10 14 76 50 95 99 38 15 41 50 36 10 84 62 9
133 10 520 100 81 90 48 36 33 40 73 73 16 71 6 95 76 84 79 51 24 11 81
134 10 336 14 98 44 30 43 60 34 87 27 21 96 49 18 28 48 36 91 49 6 63
135 10 276 97 17 32 10 81 82 15 62 11 80 30 80 2 76 56 100 7 87 14 30
136 10 461 10 45 27 22 64 100 91 95 7 6 11 83 88 9 85 51 96 93 98 9
137 10 416 90 32 77 38 75 12 5 67 56 96 82 19 27 3 26 90 63 67 20 56
138 10 412 54 53 64 1 72 15 49 35 89 6 77 36 33 42 40 82 24 69 14 65
139 10 448 39 94 34 11 24 26 70 67 87 34 59 38 87 35 58 43 98 81 5 75
140 10 445 97 97 84 71 41 54 20 52 32 14 6 28 24 29 75 1 98 61 80 96
141 10 466 43 30 28 72 67 86 84 66 89 16 38 56 95 67 59 15 29 17 51 91
142 10 400 64 8 14 46 4 77 95 88 65 78 97 86 51 46 49 55 60 37 2 54
143 10 431 98 11 98 95 60 68 8 66 40 25 77 22 82 97 47 19 25 40 4 28
144 10 372 7 4 29 21 12 55 72 16 60 97 87 65 51 25 1 41 49 14 98 76
145 10 302 86 24 24 79 81 79 21 21 34 82 2 54 22 30 46 88 52 94 10 89
146 10 516 62 94 42 14 95 71 91 4 60 19 71 63 92 18 39 41 15 78 79 16
147 10 420 83 30 62 80 54 54 49 13 4 14 57 49 91 33 71 40 19 7 35 57
148 10 531 62 13 70 19 62 29 16 95 65 70 100 68 63 81 61 58 76 48 89 10
149 10 552 70 73 93 46 81 57 60 84 42 8 63 45 36 57 89 64 78 41 79 62
150 10 293 57 70 13 91 21 52 82 91 41 80 14 91 55 71 25 52 57 44 2 51
151 10 485 72 96 53 3 45 90 79 12 74 34 79 97 49 28 55 36 71 53 30 30
152 10 266 5 94 39 94 51 81 77 97 1 56 67 17 11 70 15 76 44 79 23 5
153 10 348 39 21 45 8 65 13 89 73 2 40 41 82 56 55 32 89 41 10 26 47
154 10 350 48 62 78 14 46 39 24 31 46 61 66 40 24 70 43 12 20 62 43 56
155 10 401 46 56 83 16 85 36 96 1 63 96 46 8 9 88 26 59 7 91 41 68
156 10 372 81 47 13 79 29 31 41 10 14 96 3 9 65 20 52 70 91 87 77 73
157 10 324 32 16 12 92 4 46 70 88 73 22 35 49 41 65 24 28 67 69 48 64
158 10 357 72 75 18 33 43 66 26 49 39 36 96 25 28 96 29 48 32 79 64 7
159 10 422 81 48 75 70 25 1 60 76 13 79 51 31 62 24 95 73 54 37 12 67
160 10 450 19 98 98 87 5 84 58 91 100 70 29 78 80 80 92 32 15 47 67 13
161 10 342 64 6 15 80 76 73 12 18 80 9 100 9 12 27 5 31 36 83 28 6
162 10 343 67 61 96 78 1 50 18 24 99 79 42 23 46 37 12 24 35 1 13 5
163 10 375 3 26 4 7 79 61 94 58 29 100 5 40 87 31 58 44 67 49 43 60
164 10 471 77 97 71 31 5 13 29 80 81 93 70 61 68 83 75 16 81 78 32 22
165 10 333 52 55 17 21 51 5 65 69 26 55 27 25 4 58 21 17 78 32 76 40
166 10 496 100 44 98 70 9 92 77 33 39 86 92 86 73 20 5 66 96 28 32 84
167 10 354 1 77 35 8 21 57 73 83 45 57 31 52 36 76 76 20 63 37 62 34
168 10 555 78 41 91 91 70 98 29 82 76 73 45 72 99 10 93 24 53 81 60 21
169 10 467 68 33 92 79 64 92 11 15 68 11 47 81 29 97 80 6 72 88 53 82
170 10 466 88 97 70 96 64 11 46 68 22 86 8 16 90 33 9 99 92 8 94 44
171 10 510 60 9 66 64 65 54 51 11 51 87 72 50 88 44 11 58 87 51 87 95
172 10 452 30 38 53 82 54 18 77 56 58 74 81 46 74 16 6 77 81 25 51 1
173 10 393 77 17 68 5 4 84 91 96 26 5 17 1 83 9 47 42 63 74 16 84
174 10 359 75 90 59 20 26 65 28 46 43 8 54 37 11 72 86 21 26 42 41 38
175 10 395 48 55 65 76 63 36 21 17 32 81 62 14 44 7 49 92 27 12 83 24
176 10 477 6 6 96 24 24 16 67 33 95 10 48 19 71 22 91 22 14 61 85 30
177 10 526 91 83 95 61 30 15 86 16 81 47 30 90 60 67 11 82 83 72 91 72
178 10 469 6 23 64 94 70 37 80 16 79 90 88 54 9 60 49 79 85 15 57 75
179 10 464 44 45 89 21 97 41 19 16 80 87 46 85 74 60 48 68 75 97 8 45
180 10 379 20 57 14 23 95 41 55 40 61 93 29 70 30 71 98 89 28 88 44 88
181 10 447 1 1 94 40 33 62 95 97 85 24 64 63 19 67 78 81 75 98 15 40
182 10 466 100 38 72 20 51 91 26 28 39 67 7 7 67 98 57 12 92 98 72 3
183 10 494 75 19 81 85 24 22 96 80 1 54 90 16 62 28 81 52 70 24 38 45
184 10 406 81 66 89 2 95 90 57 80 7 62 17 32 19 5 16 87 94 61 33 52
185 10 378 31 6 27 14 29 92 9 33 59 60 75 47 95 28 80 52 45 64 23 18
186 10 396 71 84 49 48 60 67 5 77 8 96 84 60 23 17 67 43 32 16 97 43
187 10 444 100 54 42 4 27 24 10 29 79 78 22 76 46 58 100 31 35 79 94 82
188 10 395 50 59 28 90 2 88 81 82 41 93 61 74 18 9 53 38 91 56 69 89
189 10 284 48 92 11 77 70 79 5 60 80 19 28 78 27 28 52 75 26 91 9 61
190 10 293 41 72 36 71 8 36 13 82 55 99 30 8 35 69 74 6 69 85 6 87
191 10 459 62 11 54 26 30 88 80 47 48 65 82 45 67 11 64 8 64 98 23 26
192 10 489 8 48 25 91 63 83 66 70 36 85 96 47 83 71 81 41 99 6 55 72
193 10 412 90 67 66 74 17 43 23 82 51 64 62 55 5 13 95 1 19 14 87 74
194 10 301 30 3 92 86 30 62 38 16 40 62 2 50 44 61 38 75 44 73 19 63
195 10 365 82 27 58 98 70 26 100 38 54 46 5 93 13 51 19 10 50 35 6 81
196 10 486 83 12 86 45 17 65 77 62 98 40 73 28 48 68 62 84 40 94 24 23
197 10 227 38 33 40 49 5 56 54 81 38 76 4 92 8 8 12 90 32 84 53 7
198 10 420 10 91 76 18 83 69 88 97 34 31 18 57 32 11 93 94 3 5 89 37
199 10 388 64 66 27 49 96 16 8 51 30 17 84 15 37 23 85 18 25 66 30 37
200 10 364 29 20 30 50 19 59 80 85 57 65 82 19 9 17 20 40 92 29 37 56
201 10 327 92 12 62 56 9 62 10 50 79 35 69 85 36 45 14 86 10 7 28 71
202 10 324 13 91 87 26 46 9 52 35 29 43 30 41 33 84 38 50 12 34 66 70
203 10 368 36 78 40 13 7 78 90 93 91 14 7 17 62 86 14 56 51 36 63 12
204 10 508 92 86 65 37 76 80 52 37 89 9 98 96 22 6 75 7 11 10 56 95
205 10 466 29 36 41 94 65 26 83 24 8 80 95 76 58 55 72 22 54 56 78 5
206 10 456 97 63 37 36 63 39 95 64 38 57 18 27 44 48 77 66 89 34 12 14
207 10 385 64 76 82 58 94 1 9 64 45 54 9 9 30 10 21 15 44 57 84 66
208 10 456 76 53 69 18 85 9 21 7 19 35 22 48 86 15 85 16 92 13 16 85
209 10 343 53 26 15 12 82 22 18 43 28 9 81 38 41 24 39 26 64 92 8 30
210 10 396 71 56 98 58 27 84 15 69 12 81 62 9 38 72 79 100 38 46 56 7
211 10 452 21 26 22 59 81 87 91 48 61 19 78 32 79 78 65 8 57 63 10 44
212 10 358 7 8 48 17 13 81 61 45 89 7 87 21 3 43 61 64 17 88 62 77
213 10 368 59 52 53 95 69 1 7 21 35 22 83 35 7 36 66 82 24 60 58 58
214 10 471 94 23 65 20 93 91 54 86 19 53 24 9 82 96 70 75 84 22 4 42
215 10 504 48 35 59 14 21 94 38 47 100 27 84 28 99 9 8 74 97 86 77 56
216 10 457 45 62 43 28 81 39 13 47 67 93 65 39 35 65 90 82 65 69 68 21
217 10 333 55 11 34 71 25 27 99 21 47 10 33 48 14 40 14 38 59 76 37 79
218 10 446 94 31 87 69 37 40 97 98 58 51 13 8 86 97 46 63 12 25 28 1
219 10 452 86 85 27 69 92 14 47 29 10 93 75 6 95 10 14 10 53 99 66 66
220 10 344 18 33 36 9 35 41 92 80 32 98 93 39 2 48 41 36 73 12 9 34
221 10 284 18 11 29 56 40 30 17 61 77 67 48 47 60 96 30 69 24 35 12 32
222 10 499 100 12 59 89 22 79 79 11 84 73 46 27 37 19 58 88 54 54 85 43
223 10 406 62 56 45 35 30 24 36 26 72 39 95 33 76 41 22 52 66 67 4 92
224 10 409 57 94 99 19 50 44 43 18 76 99 90 26 49 56 18 98 5 42 25 7
225 10 348 27 33 85 25 53 97 51 33 79 88 39 100 52 82 17 99 11 54 21 71
226 10 459 73 46 13 41 99 99 88 42 63 82 45 44 16 70 61 95 21 31 95 99
227 10 384 52 15 6 2 17 19 98 21 54 89 33 54 77 58 32 68 77 47 35 82
228 10 266 5 69 48 62 27 55 40 14 47 59 2 92 69 40 65 15 29 3 1 32
229 10 415 80 77 69 88 81 77 95 9 15 32 58 57 91 64 7 80 8 54 15 98
230 10 332 18 51 40 3 80 85 2 81 58 32 28 34 29 49 73 90 79 30 9 94
231 10 364 59 96 14 12 15 72 77 4 97 44 67 69 88 10 23 50 4 67 11 34
232 10 457 56 62 58 63 80 24 74 95 80 26 60 76 49 4 3 84 81 6 31 46
233 10 324 36 40 40 31 66 72 3 46 52 10 71 80 6 12 58 92 53 6 21 99
234 10 399 60 95 38 68 28 79 26 9 66 92 32 20 98 69 62 44 2 88 87 73
235 10 350 24 46 53 48 12 98 86 69 40 67 10 81 86 6 21 78 81 37 25 74
236 10 377 7 24 60 32 55 76 86 62 14 56 74 97 67 12 33 59 65 38 11 16
237 10 376 22 73 62 76 12 56 25 92 65 27 20 49 5 72 86 47 84 43 90 9
238 10 420 15 84 90 98 71 29 41 53 18 52 23 9 97 42 7 89 66 66 97 93
239 10 449 84 92 10 61 22 42 7 97 96 75 92 29 62 49 60 96 45 71 84 50
240 10 404 7 52 29 60 84 100 100 13 33 33 10 96 45 82 87 84 24 49 87 22
241 10 348 48 69 53 56 76 3 76 48 31 5 22 46 21 49 10 62 58 36 40 86
242 10 513 68 51 65 91 50 60 92 47 44 14 56 70 33 66 51 52 96 96 87 96
243 10 468 100 29 94 97 99 20 7 17 67 6 51 41 3 41 4 93 61 89 100 15
244 10 209 21 41 8 16 11 75 15 14 5 5 96 77 5 99 30 65 23 17 48 21
245 10 357 26 94 87 62 13 75 41 11 8 8 92 99 16 30 59 33 12 8 93 64
246 10 454 29 9 23 100 19 61 90 7 42 90 68 47 97 24 81 55 50 94 69 77
247 10 421 83 29 92 92 5 97 51 50 85 33 79 90 39 27 37 82 15 78 41 36
248 10 328 28 2 66 10 39 76 36 86 57 97 49 17 75 48 10 45 49 2 2 67
249 10 480 99 52 24 40 55 86 95 28 62 80 65 32 27 96 49 12 35 16 89 93
250 10 505 69 16 91 55 63 71 9 31 83 68 49 43 98 38 53 27 81 95 36 91
251 10 380 77 6 44 31 56 3 16 71 77 40 49 83 74 100 11 6 70 6 1 39
252 10 453 34 78 62 63 91 70 16 60 84 5 97 3 3 65 53 32 58 74 69 24
253 10 362 97 15 37 90 76 54 91 28 12 58 30 86 4 33 41 27 17 19 48 37
254 10 288 23 87 96 27 34 71 1 94 2 52 28 79 55 13 8 55 19 27 95 53
255 10 400 70 91 80 94 15 9 70 98 39 85 97 49 63 84 16 98 21 16 30 39
256 10 367 42 3 33 12 72 18 28 77 45 40 19 23 100 39 54 73 25 91 41 68
257 10 432 25 51 58 24 94 5 47 66 5 57 90 3 54 38 41 76 72 65 54 42
258 10 458 69 47 96 12 5 15 79 15 46 37 76 90 43 63 22 47 60 85 77 27
259 10 510 72 16 78 78 51 28 65 17 80 63 52 33 73 85 81 97 67 3 19 8
260 10 432 56 59 20 21 37 15 88 69 11 18 95 50 83 100 69 13 64 72 18 11
261 10 492 91 42 7 62 11 53 75 75 89 40 60 28 18 77 86 77 100 14 78 62
262 10 275 34 52 56 53 6 16 97 18 34 24 33 34 54 95 12 38 3 9 15 51
263 10 450 30 73 15 15 71 46 92 7 50 11 63 49 15 37 60 77 69 11 98 37
264 10 411 53 8 93 57 25 83 40 84 54 32 13 86 100 66 53 31 38 50 45 86
265 10 352 59 51 92 63 21 4 5 77 63 65 9 75 47 1 12 76 83 100 50 100
266 10 330 1 54 87 14 15 36 18 18 39 13 36 58 83 93 60 92 49 68 25 100
267 10 455 57 82 23 58 49 76 16 53 60 73 80 34 14 66 91 44 83 89 96 81
268 10 434 50 8 31 20 21 58 84 5 53 61 89 38 89 64 88 15 20 74 18 79
269 10 360 52 28 85 7 2 6 19 68 76 37 38 39 50 50 62 51 39 53 27 98
270 10 449 23 40 97 37 25 83 94 50 88 14 47 96 33 42 20 73 89 52 46 36
271 10 304 62 72 15 19 34 44 69 16 45 40 29 90 52 77 44 32 24 92 7 2
272 10 441 96 78 26 44 97 58 5 90 29 17 84 65 59 50 62 56 68 43 26 100
273 10 318 78 48 35 81 20 24 24 69 8 14 39 19 37 52 15 3 64 18 78 57
274 10 332 42 35 50 49 91 11 17 85 24 24 55 23 14 60 56 11 21 34 46 43
275 10 433 14 8 99 88 47 37 59 33 71 25 33 74 26 63 35 75 87 21 71 96
276 10 454 80 68 17 41 55 9 74 8 72 50 36 46 79 5 100 12 45 13 10 64
277 10 505 28 54 96 71 98 6 73 95 2 64 79 69 98 58 10 65 92 38 56 19
278 10 462 61 78 69 17 17 11 36 19 6 71 81 85 60 97 83 31 78 66 87 85
279 10 401 50 77 32 61 44 41 95 72 81 3 26 47 64 30 55 32 32 49 23 81
280 10 458 85 99 33 86 53 5 74 13 66 57 83 56 3 31 23 21 93 7 60 2
281 10 295 58 100 32 41 47 83 17 47 93 97 58 39 19 35 7 68 28 45 10 44
282 10 312 12 63 16 35 2 75 93 31 17 62 27 63 50 92 51 95 28 57 95 55
283 10 412 41 83 17 85 14 35 84 23 46 40 46 51 87 72 53 54 95 49 32 30
284 10 274 10 80 10 21 58 27 33 70 28 17 60 38 81 94 56 1 3 60 4 60
285 10 393 99 12 74 66 30 99 57 50 48 16 71 98 33 74 16 28 6 67 58 57
286 10 330 50 3 14 6 54 90 55 38 38 71 54 9 82 65 18 79 36 95 12 37
287 10 274 17 69 8 18 93 72 20 93 17 62 15 22 47 45 32 100 76 54 18 7
288 10 371 94 82 29 5 9 58 57 24 43 6 33 81 100 27 37 4 13 69 49 4
289 10 327 34 59 1 24 77 48 12 99 7 7 27 11 60 21 74 16 87 50 30 77
290 10 397 78 87 79 41 46 61 49 42 96 80 12 15 69 42 3 58 58 39 7 66
291 10 410 70 52 29 65 95 36 62 30 49 78 50 25 10 86 39 5 21 86 88 15
292 10 382 39 82 5 73 67 16 10 4 79 10 18 26 95 27 48 36 19 95 98 31
293 10 481 78 83 27 71 22 10 81 90 84 58 74 10 82 12 23 44 41 43 90 95
294 10 335 39 90 7 21 76 48 50 15 27 64 23 46 46 34 90 66 4 77 57 43
295 10 493 4 66 88 6 54 52 46 24 82 5 78 92 91 21 55 80 67 92 52 23
296 10 526 9 42 94 70 90 65 42 8 8 76 97 6 85 51 88 47 90 57 55 62
297 10 361 51 64 18 35 56 44 58 20 17 1 41 44 66 88 22 2 39 49 84 99
298 10 337 52 50 81 38 21 45 53 11 50 30 8 70 67 17 27 64 14 91 49 13
299 10 332 70 92 36 24 68 27 44 76 58 5 46 19 1 69 14 16 21 50 58 11
300 10 482 51 73 77 33 83 97 67 19 76 99 13 4 64 94 55 44 18 72 99 25
301 10 402 81 10 64 24 24 97 46 26 63 41 67 17 18 81 22 4 45 89 73 55
302 10 344 28 48 84 3 39 16 33 81 60 28 14 65 12 1 45 77 88 55 28 100
303 10 430 56 4 17 29 52 38 88 7 90 58 61 92 57 61 37 37 9 7 71 19
304 10 521 67 9 87 25 80 50 72 45 95 25 75 52 52 93 1 35 46 69 77 68
305 10 329 86 59 56 100 38 35 17 87 4 5 6 11 1 90 49 18 65 2 90 22
306 10 299 52 51 20 61 22 56 16 44 7 58 24 36 97 97 70 80 35 98 31 70
307 10 324 15 2 35 52 37 64 23 17 82 84 96 67 5 86 1 4 94 29 18 95
308 10 313 50 10 34 12 76 46 55 20 35 5 48 11 27 8 23 98 30 49 14 32
309 10 357 98 87 44 58 98 4 74 96 29 38 23 3 18 60 27 90 8 78 28 41
310 10 427 61 82 28 97 18 42 2 85 56 49 49 62 90 37 89 36 88 48 53 14
311 10 517 75 32 67 83 81 53 7 100 95 28 100 4 91 62 87 20 26 53 18 87
312 10 300 51 65 47 79 46 69 57 87 15 37 31 47 23 98 26 50 1 75 79 36
313 10 305 14 77 33 68 25 77 38 54 16 85 14 16 53 88 83 64 16 27 90 38
314 10 391 97 72 51 48 57 36 49 53 42 73 91 76 4 98 71 31 15 27 12 38
315 10 470 71 71 90 54 61 42 16 3 41 47 83 80 57 51 31 67 90 85 48 24
316 10 493 90 21 41 60 40 97 71 77 88 52 10 85 79 11 26 84 92 69 80 34
317 10 378 9 6 47 94 97 79 59 78 21 94 24 89 36 73 57 100 38 20 85 20
318 10 431 82 69 81 85 14 2 28 47 51 63 89 22 53 58 14 43 27 4 100 50
319 10 376 94 94 77 40 66 8 10 43 11 23 5 25 70 69 62 29 64 72 12 58
320 10 417 58 3 12 31 98 35 85 80 10 47 4 47 75 79 27 36 72 100 81 15
321 10 346 21 54 23 12 40 82 28 1 8 82 96 64 67 33 92 79 34 1 24 28
322 10 380 86 6 38 24 41 80 74 22 58 80 95 16 2 48 35 20 20 6 27 3
323 10 331 71 93 14 14 24 77 3 97 98 65 14 45 30 46 82 69 6 51 72 82
324 10 384 1 42 53 10 86 67 44 76 24 87 39 100 88 47 10 66 93 41 43 93
325 10 383 64 33 51 23 40 60 67 17 72 45 1 12 47 45 88 72 5 15 44 22
326 10 427 57 69 73 11 31 78 94 99 50 99 62 69 31 48 7 90 67 9 62 83
327 10 364 38 93 27 23 96 63 2 100 45 72 26 12 93 54 73 98 8 83 48 39
328 10 382 64 18 85 92 2 87 82 49 51 88 9 39 6 12 72 21 99 96 8 47
329 10 352 80 68 92 27 8 67 32 17 40 78 63 25 7 78 84 54 17 46 17 3
330 10 488 81 63 59 33 27 31 96 20 72 100 82 16 25 28 64 37 10 85 95 10
331 10 558 69 35 78 16 96 83 60 92 91 35 36 24 67 6 90 97 49 41 62 73
332 10 396 31 71 77 14 14 57 6 45 64 63 89 52 80 51 32 56 69 25 33 79
333 10 386 7 85 88 22 52 78 55 90 19 85 54 24 90 67 55 59 50 85 13 76
334 10 448 57 3 46 51 15 18 94 23 52 53 86 33 89 6 40 99 68 92 13 11
335 10 408 59 3 67 39 89 2 11 97 32 24 19 92 75 29 55 34 35 39 68 25
336 10 438 74 82 6 37 81 16 89 26 17 66 81 43 17 10 79 20 76 23 28 25
337 10 441 94 57 79 80 61 7 26 63 3 23 79 38 22 92 63 12 34 38 91 42
338 10 304 17 46 1 85 9 45 77 71 20 61 4 91 71 65 30 98 90 89 61 18
339 10 361 86 61 56 60 57 64 53 68 7 70 56 36 33 100 3 34 40 56 61 72
340 10 345 96 21 85 20 32 25 44 94 84 2 7 41 7 64 34 37 21 73 22 57
341 10 215 16 19 17 72 29 25 26 18 57 20 15 8 3 93 79 54 13 95 14 89
342 10 344 77 19 21 70 62 75 14 11 95 20 12 8 10 85 15 84 91 55 33 78
343 10 489 79 93 58 65 65 62 85 54 71 62 57 20 31 3 20 19 54 42 92 89
344 10 260 44 57 7 16 12 56 33 100 16 33 41 99 34 75 16 54 56 83 66 73
345 10 393 53 99 66 23 84 66 22 96 2 99 63 13 2 61 90 90 21 2 89 73
346 10 411 29 80 66 17 7 19 93 96 68 12 29 11 62 25 21 70 39 78 100 94
347 10 364 42 38 60 9 52 44 76 87 71 76 75 72 35 36 1 97 2 25 41 42
348 10 324 12 77 41 87 22 46 19 9 35 40 3 34 28 13 54 45 94 48 98 34
349 10 386 80 86 99 5 80 9 59 86 23 1 18 1 30 40 22 38 14 70 58 81
350 10 412 83 50 26 15 8 8 85 64 100 28 28 48 92 68 49 10 7 3 37 75
351 10 302 55 15 94 70 52 14 7 12 25 38 64 89 38 84 9 84 2 18 32 63
352 10 309 55 95 31 53 99 79 84 15 9 13 21 77 51 60 13 49 9 90 15 20
353 10 425 49 63 76 90 46 69 89 35 25 62 21 88 63 61 82 31 3 35 78 58
354 10 328 67 19 5 79 48 22 14 28 64 1 10 76 13 26 28 90 61 45 100 77
355 10 432 42 3 33 70 18 38 39 96 52 51 90 22 61 20 44 71 70 13 92 54
356 10 434 74 6 28 78 45 63 61 53 78 33 93 30 7 52 82 8 36 8 39 31
357 10 335 8 16 42 62 87 56 47 76 38 74 53 98 16 17 48 50 38 18 42 37
358 10 338 47 44 19 66 5 24 15 15 21 28 68 86 98 58 22 59 38 10 90 65
359 10 430 98 13 61 67 5 58 54 60 98 97 75 8 26 66 46 81 25 99 50 10
360 10 376 13 7 34 29 93 24 45 93 87 38 86 47 7 12 10 25 54 42 42 67
361 10 434 69 69 39 31 44 77 79 51 28 90 98 30 75 40 8 42 96 61 7 10
362 10 174 5 16 24 59 3 33 3 48 4 81 17 53 20 99 5 51 84 95 53 46
363 10 586 6 50 91 13 83 37 94 2 89 79 98 28 73 27 92 2 70 26 37 97
364 10 355 8 64 70 43 91 53 27 14 2 45 77 46 98 82 22 76 21 56 28 55
365 10 338 7 28 94 72 83 42 35 78 15 86 71 21 38 32 21 37 37 60 22 77
366 10 407 60 26 26 51 87 73 90 82 37 46 82 28 53 54 56 81 11 86 7 28
367 10 379 45 91 9 72 71 65 50 64 22 42 22 77 92 21 83 19 13 24 67 31
368 10 275 50 61 2 79 32 72 18 8 17 87 45 80 57 77 27 56 50 34 46 41
369 10 388 67 8 88 70 30 85 1 34 68 9 50 26 26 47 2 82 94 13 59 18
370 10 347 84 60 71 100 16 63 65 12 15 35 26 19 32 78 52 14 8 35 65 15
371 10 428 59 56 84 79 15 5 54 44 45 90 93 32 8 66 53 94 44 21 80 44
372 10 454 100 62 60 56 15 54 84 52 78 97 44 4 62 18 43 55 60 36 22 25
373 10 360 60 84 58 19 50 73 9 85 73 27 13 14 66 21 94 10 21 31 7 8
374 10 219 30 79 4 4 39 32 51 75 18 76 72 59 2 62 7 42 6 94 45 64
375 10 416 39 25 44 86 52 75 32 41 23 41 82 54 45 84 82 37 78 70 44 22
376 10 422 65 71 24 29 49 74 53 27 78 96 39 14 45 48 78 97 21 83 76 84
377 10 470 64 50 37 85 88 59 38 92 55 7 60 74 50 57 71 8 41 51 84 85
378 10 335 87 36 16 65 4 96 50 61 76 12 20 38 3 73 6 13 94 80 63 96
379 10 208 28 70 21 90 23 38 59 61 56 47 19 34 15 25 2 47 34 21 4 31
380 10 380 14 38 61 18 11 99 53 44 99 23 46 40 42 22 83 42 58 8 8 27
381 10 548 28 26 60 79 54 7 91 38 91 25 86 26 92 91 53 73 88 97 43 8
382 10 431 53 59 31 59 89 65 8 47 80 18 43 15 47 62 97 46 13 5 78 17
383 10 351 54 85 14 23 1 21 29 38 40 30 72 68 37 92 69 12 100 31 23 40
384 10 411 37 83 86 23 65 38 17 61 48 47 21 29 97 15 37 99 17 94 89 51
385 10 382 47 71 36 75 52 46 82 62 12 26 1 49 81 51 62 70 81 81 24 59
386 10 343 43 63 12 31 49 84 10 35 78 16 56 94 43 89 81 7 39 57 18 31
387 10 514 87 7 77 51 75 82 74 70 32 48 4 35 65 8 74 3 98 74 57 93
388 10 425 42 71 62 78 71 82 47 4 77 3 43 84 36 62 29 9 46 65 79 99
389 10 360 75 38 45 81 52 40 70 57 60 93 38 63 7 12 20 68 55 64 28 72
390 10 354 12 23 50 43 47 36 31 23 37 22 88 95 93 90 21 50 47 48 17 90
391 10 430 74 56 66 22 76 83 45 55 30 36 52 31 11 55 95 49 43 34 46 15
392 10 358 12 79 6 44 78 11 62 20 41 17 43 81 46 95 80 50 64 72 16 71
393 10 364 58 50 35 42 67 6 20 50 49 31 51 95 78 99 18 92 36 7 43 21
394 10 564 97 80 93 95 63 31 34 89 36 23 48 72 83 46 100 77 94 99 57 86
395 10 332 6 96 22 30 54 69 81 11 26 64 56 46 15 36 57 71 71 66 28 77
396 10 399 70 83 50 59 11 15 43 31 83 2 26 66 22 67 83 90 55 70 56 16
397 10 427 44 71 26 68 57 49 18 61 56 39 47 13 74 32 73 8 42 94 97 8
398 10 360 82 61 34 40 89 57 92 46 26 33 46 86 33 24 23 86 18 84 7 81
399 10 332 31 56 35 66 47 4 81 96 53 95 3 99 10 1 84 45 5 97 66 52
400 10 306 45 40 38 89 80 7 51 51 4 97 36 6 24 77 22 79 54 88 29 91
401 10 394 90 82 59 97 10 83 60 59 55 25 59 75 8 15 36 27 97 75 19 11
402 10 441 36 62 64 49 69 94 56 5 28 89 89 6 70 91 3 12 80 92 57 82
403 10 455 18 18 20 94 73 68 61 14 100 37 73 90 90 84 59 33 9 75 66 41
404 10 360 26 92 8 68 87 13 86 68 56 4 11 82 13 92 73 11 75 80 16 28
405 10 446 76 5 95 5 69 44 61 50 56 4 65 97 29 44 55 29 45 64 7 3
406 10 292 79 22 67 97 3 41 71 19 9 83 51 27 20 62 5 18 23 80 37 45
407 10 458 26 20 82 12 78 20 70 90 90 46 55 56 9 93 68 4 3 58 92 72
408 10 360 14 98 20 70 50 38 13 44 93 98 70 46 62 40 24 43 94 50 11 18
409 10 402 72 35 35 55 64 59 3 42 2 82 54 1 18 36 81 1 86 43 88 66
410 10 356 96 50 70 83 11 68 65 76 26 59 46 12 2 1 28 88 30 1 72 67
411 10 470 85 96 94 79 3 5 86 69 6 57 24 5 46 2 93 63 95 64 56 25
412 10 440 91 84 27 22 72 76 99 44 100 11 69 57 43 90 21 7 1 26 28 54
413 10 564 60 29 98 35 56 18 85 26 92 10 100 99 67 7 66 89 61 55 20 99
414 10 383 74 8 96 20 39 85 84 69 2 25 47 5 42 13 15 1 11 33 69 68
415 10 386 12 18 26 38 7 89 86 63 34 35 11 44 90 31 70 39 95 49 52 51
416 10 490 98 68 31 36 94 35 72 98 7 25 99 10 67 69 93 41 18 99 34 93
417 10 436 61 57 92 63 34 53 25 90 74 22 91 9 41 60 68 62 28 81 32 34
418 10 440 67 29 65 52 24 35 60 40 31 44 28 78 84 25 40 46 54 14 97 33
419 10 260 36 24 52 16 38 18 4 91 51 22 19 10 3 2 69 82 12 59 41 9
420 10 467 96 22 77 22 62 39 48 98 91 39 32 15 78 36 48 74 10 63 42 78
421 10 369 44 15 88 4 22 38 43 11 37 96 37 75 100 58 19 32 27 8 45 7
422 10 367 90 19 84 32 1 85 55 78 58 22 18 75 20 84 40 91 42 34 51 76
423 10 334 75 69 56 88 58 79 37 32 91 46 21 86 27 26 1 72 2 62 50 89
424 10 320 11 12 59 62 1 42 57 27 75 94 92 4 48 56 26 29 30 64 1 79
425 10 374 47 66 62 53 62 81 77 70 26 82 12 97 18 91 43 39 72 53 49 62
426 10 455 64 44 82 12 54 42 56 22 84 60 51 83 21 27 75 6 46 50 36 7
427 10 485 81 5 68 91 15 28 81 47 52 3 69 52 72 17 60 23 44 33 65 10
428 10 304 82 14 53 87 18 52 7 22 73 44 15 50 29 82 17 34 41 94 45 54
429 10 533 49 80 60 61 96 24 74 73 52 38 73 99 96 37 77 65 31 27 59 52
430 10 420 76 44 72 69 1 68 52 7 66 99 80 6 14 49 92 36 46 99 26 43
431 10 279 13 80 56 33 33 69 16 2 41 100 5 82 58 7 100 25 3 35 24 92
432 10 499 78 95 91 32 91 69 52 15 19 12 52 73 1 63 76 92 65 33 99 55
433 10 339 27 83 91 52 6 68 18 29 20 46 68 64 51 52 22 48 44 4 77 8
434 10 556 96 77 38 65 1 40 81 99 94 33 78 70 71 30 48 45 92 41 96 14
435 10 348 76 82 21 75 49 74 42 58 82 83 12 51 2 76 1 77 100 87 51 32
436 10 572 28 26 95 84 68 42 61 27 93 89 97 45 72 10 81 24 34 75 87 73
437 10 423 84 46 69 83 58 36 21 85 77 88 51 30 16 52 58 76 37 40 58 21
438 10 502 55 6 62 99 67 3 35 7 69 65 43 57 98 67 80 1 35 17 84 43
439 10 305 5 85 75 63 43 62 7 54 15 12 18 13 60 52 62 32 27 86 70 66
440 10 432 9 60 81 64 85 86 60 91 35 28 85 1 20 36 35 17 30 4 100 72
441 10 313 50 9 15 5 80 1 43 58 41 78 5 3 53 66 25 84 22 53 58 99
442 10 376 53 22 76 23 16 41 63 97 15 53 87 23 14 53 66 62 21 81 59 60
443 10 380 81 9 99 69 20 61 22 82 40 65 35 36 51 19 50 38 16 20 61 60
444 10 206 57 10 16 13 23 50 21 12 8 33 4 89 18 88 87 90 17 54 7 83
445 10 392 88 35 39 50 14 1 32 75 55 8 100 84 21 12 23 60 28 43 91 50
446 10 366 42 55 72 33 26 4 38 21 37 90 98 90 47 88 53 84 8 40 37 47
447 10 479 65 17 42 28 96 64 35 57 34 80 99 45 62 49 99 19 16 37 51 79
448 10 372 75 44 74 32 75 2 83 95 39 37 29 55 11 44 14 50 20 80 46 81
449 10 444 54 25 47 96 56 100 14 92 76 56 88 9 32 24 86 49 32 50 70 51
450 10 428 69 53 63 7 77 5 63 67 3 72 64 66 20 33 47 87 39 18 91 64
451 10 411 41 33 30 37 92 63 57 57 87 54 15 65 24 71 28 90 46 52 94 21
452 10 417 25 26 36 80 27 87 26 56 77 100 39 81 98 87 92 80 91 3 11 2
453 10 440 76 70 93 40 71 75 15 5 23 69 1 62 27 35 69 9 100 42 75 98
454 10 281 53 1 42 11 6 20 26 48 52 44 42 38 11 31 100 82 10 89 10 74
455 10 468 24 61 24 4 40 93 96 61 85 20 50 67 75 97 40 79 77 3 74 63
456 10 364 57 83 75 38 20 82 60 51 13 1 77 86 20 38 23 84 97 82 14 58
457 10 394 61 71 55 53 24 68 72 65 42 14 20 62 55 68 42 16 36 72 86 21
458 10 384 23 57 51 39 52 96 31 49 82 64 5 26 29 73 65 10 89 25 54 39
459 10 386 87 71 63 98 71 43 30 44 29 57 3 69 26 24 98 93 13 52 63 84
460 10 421 9 73 96 60 57 79 9 52 90 80 6 8 7 70 77 3 92 24 84 41
461 10 397 6 56 9 1 53 82 28 16 85 94 62 44 26 90 62 77 73 2 93 65
462 10 225 20 53 12 61 43 89 60 80 64 67 5 8 7 16 34 82 35 32 2 50
463 10 385 24 99 46 88 7 98 47 21 28 64 30 91 55 3 83 71 79 6 83 67
464 10 462 94 71 52 17 79 23 38 21 94 4 74 66 65 45 32 44 23 49 27 81
465 10 375 5 56 53 13 3 37 78 78 12 68 100 82 20 63 51 60 67 39 80 76
466 10 393 31 25 37 84 46 47 59 3 31 2 52 14 57 83 1 82 84 2 94 94
467 10 505 50 76 85 40 34 49 95 90 60 7 34 13 56 65 51 1 81 39 86 84
468 10 412 79 22 30 37 31 51 80 10 60 99 47 43 33 78 2 15 90 22 63 42
469 10 488 7 11 65 11 75 63 82 100 99 68 45 93 61 17 47 24 58 90 72 22
470 10 308 34 20 13 91 100 62 38 74 72 65 23 88 4 59 42 50 33 91 26 57
471 10 416 85 22 96 20 68 72 58 18 77 77 33 87 5 32 40 18 33 7 25 54
472 10 360 2 25 75 30 15 53 94 28 24 19 16 56 53 67 40 68 65 78 67 59
473 10 439 48 45 79 75 76 72 7 27 78 1 87 2 29 30 96 39 5 8 44 78
474 10 345 32 3 50 48 70 30 16 74 29 100 66 38 1 19 87 58 76 61 5 2
475 10 414 55 45 1 67 64 62 13 74 45 61 92 8 100 33 75 41 54 4 19 18
476 10 348 81 38 51 79 8 47 98 34 58 61 1 17 8 70 13 5 29 24 88 35
477 10 364 29 53 66 42 54 99 20 38 73 34 74 96 13 99 1 48 36 32 89 59
478 10 431 24 54 79 68 94 22 42 86 3 57 69 51 52 19 98 2 50 83 28 33
479 10 532 80 70 71 49 7 51 49 43 79 64 66 51 57 78 81 57 95 26 81 4
480 10 400 99 22 48 98 83 8 71 33 23 77 85 8 45 20 1 44 42 30 4 31
481 10 521 31 78 96 36 85 54 1 40 96 98 63 29 64 1 51 36 88 53 77 61
482 10 420 73 89 29 100 50 83 100 5 3 57 56 86 91 20 2 51 39 65 82 56
483 10 445 39 56 51 38 93 62 45 43 46 77 75 71 65 78 64 94 68 95 11 77
484 10 395 42 36 55 28 32 31 40 13 22 59 77 66 71 54 56 98 24 63 75 35
485 10 332 95 71 59 96 15 95 57 52 14 85 36 74 32 97 6 57 30 51 71 93
486 10 320 36 2 44 83 8 80 98 33 34 18 10 28 5 42 34 2 46 38 86 47
487 10 506 95 66 19 36 19 21 95 21 73 20 46 73 57 60 67 95 66 5 96 17
488 10 414 12 54 12 97 88 48 35 48 22 48 41 38 73 88 74 26 83 47 78 2
489 10 392 35 27 85 90 7 57 31 97 99 34 25 28 59 23 27 81 25 59 98 10
490 10 512 87 13 9 48 65 83 71 11 81 22 92 46 44 6 97 74 66 88 29 16
491 10 330 29 40 87 6 67 72 20 98 27 97 66 75 24 36 45 94 9 31 39 71
492 10 399 12 83 70 2 5 33 84 41 20 28 65 84 91 13 38 67 20 82 94 93
493 10 361 47 86 16 58 22 28 44 73 60 52 41 61 70 43 7 93 77 4 68 68
494 10 414 34 91 15 67 66 22 33 58 16 31 51 7 90 51 82 78 47 87 84 85
495 10 410 3 48 44 71 10 69 53 78 87 10 87 78 68 7 14 89 91 52 56 56
496 10 395 20 66 59 40 34 35 65 11 60 85 57 81 82 77 97 7 2 82 18 78
497 10 328 23 91 33 13 61 15 1 19 83 84 17 78 76 89 8 44 74 35 35 77
498 10 475 99 70 55 14 46 73 44 33 31 67 75 87 78 51 79 1 32 39 55 90
499 10 350 82 98 33 31 63 78 45 82 23 65 39 42 17 51 42 58 52 56 42 90
500 10 489 4 71 97 65 85 35 100 31 53 7 34 85 68 43 62 25 32 18 77 73
