1 10 157837 5559 6637 17476 1441 23012 4204 9997 11406 22649 23274 9363 21982 33124 10402 34880 23852 37817 1121 3420 30025
2 10 188000 19880 18172 28269 18785 23603 15519 21004 30961 27169 11465 26700 25405 36209 12904 5012 32978 25952 22108 21202 7305
3 10 184814 37835 30578 6425 2268 32215 2681 13666 25313 28663 33946 20498 7610 26102 11512 33058 36506 24313 36973 8243 33367
4 10 144116 32217 8329 36803 22897 2584 2753 10439 24526 27399 9595 3327 18463 23474 17567 30259 26739 11864 31437 1780 28765
5 10 165876 5332 26794 30194 33552 27950 12853 7657 13549 35007 6757 29726 12746 5294 22100 11776 31667 28638 36741 25771 12446
6 10 129146 14669 8471 3870 15153 10082 19443 12099 35855 19963 26009 24686 37380 8022 22251 30973 29960 28262 32475 8807 18729
7 10 135147 30031 5315 34290 35042 3711 24719 15824 7118 10053 6195 24303 29187 10366 34324 30605 23411 2488 18421 7263 21575
8 10 190592 24534 18382 33722 29751 5084 29797 22676 14822 36699 4814 24657 10205 30809 16806 26139 34433 24955 35553 8966 25000
9 10 172995 12529 25526 6585 22301 31286 9364 13261 23156 19408 37931 29055 33007 22676 27008 31949 14505 16629 10841 32866 22387
10 10 113385 7505 27258 10242 15381 19464 37922 17686 7147 35257 21400 16351 8973 8733 17917 8605 36527 8431 15772 9458 2874
11 10 148476 12316 35484 33235 3091 11617 27113 3744 27463 19761 31927 14636 20855 32548 35800 13680 2592 31223 21628 12836 20642
12 10 184820 17337 6074 11385 7845 37971 17414 30538 4770 30353 18958 30978 2711 18563 31337 31787 18086 17547 32687 4566 27499
13 10 159145 31468 17183 9900 14140 11476 9401 35880 36640 25909 12073 6681 8696 14846 4598 19674 33646 12588 16355 30510 27101
14 10 132253 14873 3395 10598 17137 38306 22149 4230 23369 15508 34014 14597 14941 37209 17854 19340 25487 276 9377 10380 13454
15 10 179516 35225 9971 38445 12253 3778 36574 21953 12363 36083 5494 10952 35535 32950 11161 31596 2245 1299 37752 12114 23160
16 10 111433 10684 28864 30983 38708 12542 30474 16608 14647 10066 24457 3776 13780 25535 12853 16579 12204 12517 33080 2 35911
17 10 142879 18920 5770 20610 30224 32459 13459 2570 23292 4624 21552 5833 34666 33855 14912 10743 18256 19387 12395 29598 7479
18 10 156501 24980 37631 22905 6739 22879 5820 34201 34987 18303 36967 14539 23018 24549 25466 3181 29662 22841 37012 7249 9604
19 10 113115 6657 37179 18311 16258 6375 4602 19532 11252 8115 35288 16599 29700 4624 13984 30168 26974 24496 30931 6517 1944
20 10 190167 30517 15749 3867 26874 16976 27993 15194 28486 31972 33939 6282 4461 34973 95 29047 16102 33475 2900 35406 9188
21 10 162108 2124 36360 36159 23015 1497 12914 31708 26619 33538 33283 127 9004 11492 6204 30123 34935 30458 7633 25410 30270
22 10 149745 6370 9086 15903 15924 11492 30561 15811 36971 7427 610 30870 10829 29173 5223 16646 24221 33628 35189 19862 29058
23 10 175945 28549 21018 37426 23716 1245 33409 12207 22284 1404 21891 36104 33160 33685 17862 34573 7815 7044 735 27695 24354
24 10 138498 26111 3515 23960 15900 10559 20501 4555 9317 1276 4039 20288 30139 21963 37805 21926 35137 36935 24037 5550 14101
25 10 187973 36040 2867 22925 4973 28975 10981 8344 5179 1481 18189 32849 35809 31711 28496 32242 5469 30307 19555 10093 12369
26 10 152721 11866 34174 34995 20389 35338 8894 2485 22042 36620 27869 9114 16869 5019 14348 35056 21568 2172 147 18237 33880
27 10 167801 14079 17964 23450 7143 29817 10327 734 25489 34010 2569 9563 32419 37654 16211 33603 36665 22123 23675 4719 17949
28 10 140294 20885 12815 2195 11937 6398 22046 38534 9139 6069 28733 38293 36753 23190 25227 20483 6024 16556 28393 2765 10007
29 10 134390 35430 34117 14379 37433 8839 20518 34800 17851 3112 25241 26594 26141 2157 99 12467 21317 917 20054 29293 749
30 10 151170 715 26825 21976 24763 37441 25246 37522 4566 10368 3611 29160 3175 14213 38360 14498 25076 19199 19955 3871 11141
31 10 167400 17661 2877 1236 18735 36514 28449 33641 18921 29559 15797 27922 11598 15771 34517 29720 20514 12160 37887 5066 4323
32 10 156420 24117 24443 36007 28672 5164 33848 35105 4702 19151 29847 5012 37768 20775 5206 15698 1411 3828 12034 30668 33216
33 10 182544 15111 12359 35753 29144 26380 16458 36091 6463 37363 14261 7745 517 14723 17395 12706 21697 20976 20895 21332 5414
34 10 174279 20886 30639 9327 5166 11747 33503 37606 32367 3128 24819 12994 31731 19815 15048 36122 38654 32038 30545 34186 17424
35 10 135260 14302 33447 29491 17281 15079 30884 8427 36449 29649 6388 9892 36065 17667 20675 19342 29247 662 11160 24565 27853
36 10 203524 13452 8239 33164 29619 38046 17660 34819 22452 18316 30337 27708 5437 35187 25418 32267 32816 13050 26092 8397 11308
37 10 143479 19176 19496 30578 12546 11565 24664 3465 3232 13507 15702 16986 3120 27274 5019 26241 2158 2018 18049 28539 35165
38 10 160660 4530 20504 33695 35909 25308 35453 34626 32486 14830 32450 32888 17563 5406 32343 35593 4817 13717 20104 233 22344
39 10 147067 8559 11668 33412 37015 20618 35341 27215 13330 6054 18619 16451 5753 16556 35623 4937 12929 29847 13817 20185 22220
40 10 196297 20865 12209 27307 36698 38252 36008 4144 17715 28168 19424 18818 19665 14126 2853 37776 26208 24866 28461 31050 21511
41 10 132152 14747 18150 24720 37460 11611 23098 29039 780 27082 36618 23779 38384 15045 5484 10569 8711 4340 28014 4258 24989
42 10 134987 14360 16978 26151 21723 29189 1185 8 22923 1379 30557 31970 26870 13363 22435 23082 29659 156 35860 29076 30183
43 10 117635 2009 420 24603 27283 35574 30300 24057 20820 8375 24504 35577 18945 930 25076 7218 4751 6931 16713 1770 21201
44 10 142516 25921 19828 3836 15353 6487 32432 10519 9568 10144 29380 28227 31249 28969 7001 6914 14351 18693 15148 38436 17980
45 10 139782 34010 21572 8533 5892 7266 26341 34621 1962 13608 35073 13363 26530 18263 32902 18560 19921 3153 29310 23351 28223
46 10 86190 2035 34063 12180 3073 19742 30714 304 14274 23151 25792 13362 16485 4838 38270 21931 17892 6953 27447 3242 9494
47 10 167689 26129 7207 20594 24673 4828 20000 31868 22192 1543 129 17311 10035 22619 9525 30954 29266 27584 12584 26182 37861
48 10 122705 6329 35428 5623 18063 8059 10759 28494 814 14521 22382 36657 14260 17612 17288 3031 17835 24595 31833 8461 11569
49 10 170490 20343 24934 28659 9265 4116 21185 28531 23358 25295 18958 9456 8876 33816 27180 19090 28971 7225 18114 36582 32581
50 10 108376 20586 23439 691 6558 34865 30928 6305 3954 347 37634 6740 37086 23754 37290 27185 31413 14396 36299 602 28964
51 10 159395 8963 31446 16308 32721 24829 15885 30977 24171 37185 1583 5689 37137 27899 10410 24865 16499 21096 14141 1433 15890
52 10 213485 20228 11634 11280 4536 27317 14222 33601 1562 19066 6055 22989 9395 33736 17998 26752 8773 36354 16218 35534 20952
53 10 131436 30546 1469 7053 15358 18828 3264 7589 13011 34197 10635 36098 12 21378 12698 1953 28098 837 31296 5817 21384
54 10 133272 8230 7443 1902 12472 26129 22019 20051 35459 38004 14453 5867 26634 8391 16833 38054 30945 14646 24690 5317 27494
55 10 177433 24135 28357 5394 27796 29525 17677 31197 31099 27888 9841 25153 9682 16037 21554 15397 559 10283 34038 36783 7767
56 10 188099 26502 3879 34286 14487 14912 26424 8297 8861 22010 35846 21092 16519 5942 28833 38615 37189 29990 14258 33478 1904
57 10 180214 29134 22587 31893 14769 28100 18283 1236 15621 19352 35349 28793 17360 28691 13517 19672 13238 24003 17306 14394 35087
58 10 134771 36418 32540 8374 29814 27198 34753 15246 23845 33056 20786 18933 25606 5036 15471 6938 15849 14883 37861 2382 5825
59 10 148536 27739 9760 35735 29832 12850 36316 8261 30959 9897 38599 27257 33853 32027 14192 7666 33376 6266 12811 17972 23502
60 10 150446 32912 35900 23203 1884 1928 34200 29503 32839 16457 14204 12772 244 25273 13190 2662 31863 23408 12171 19940 11210
61 10 131823 24481 353 17304 18354 30835 9459 22784 14453 10853 10796 15380 4772 849 30596 19569 24775 16761 35064 5963 3760
62 10 195106 27571 30105 31913 12585 17140 13060 12581 37584 16214 25647 14297 21412 23798 28106 34975 28902 31944 10360 33450 2382
63 10 144832 32699 10804 21813 19369 19765 35876 28651 1740 3605 16870 8064 4359 34628 10431 1946 6160 22363 37610 7506 21566
64 10 150837 32622 28165 374 25757 24308 5778 38256 29416 14422 37201 11346 7109 4142 32662 25597 3676 37084 20906 396 33608
65 10 156729 34603 20190 7199 30162 3241 17629 12442 5360 17346 242 19958 27658 35412 11673 21562 20452 16550 18350 27599 27725
66 10 111023 8407 16759 1951 17295 30991 25197 21288 21058 6248 15752 25672 27497 2091 5650 10996 16581 28877 9569 2258 32860
67 10 120119 13416 26957 30896 34442 31172 20795 2848 25061 25268 7686 1230 31314 11366 38396 8401 22688 13887 31374 11665 9922
68 10 164626 28471 28761 37229 36255 4616 23479 1417 3539 27460 26617 27358 24215 2744 16034 31079 15726 27078 21757 18331 31320
69 10 103136 8985 32657 9363 18638 32982 11324 3005 30868 8709 7733 4075 24745 13893 28357 15334 10770 6734 25624 25840 32642
70 10 184736 17037 25820 16639 22304 10010 36111 37960 12727 32568 21884 29730 21826 33334 4745 21238 380 17622 22413 14783 29048
71 10 141124 4659 33794 34030 36157 27505 31516 365 5513 21098 29976 22625 12190 16478 31463 636 26161 26989 7962 22021 27428
72 10 137780 29829 27998 10591 25970 26327 5740 19498 31472 14969 28878 15181 30749 4556 33175 21070 29253 19064 18514 11141 5046
73 10 130160 27824 13549 2169 4894 1419 15742 3388 21102 36573 5415 6835 19937 23971 21230 36827 33443 9625 730 14070 14464
74 10 136128 12816 33219 23111 26643 4870 30774 12040 27793 7131 34212 2420 9696 34320 6085 23916 4062 11443 19855 38094 14957
75 10 132588 118 3577 4325 12158 6881 15641 33255 11772 24063 28791 6800 17083 33923 19785 11035 5 25789 18479 19547 36862
76 10 122625 13161 10683 18682 19129 13924 13945 20658 12874 8493 15044 32044 28666 19067 35530 748 31371 1409 29540 25096 27441
77 10 137163 22659 22117 8389 14613 58 30693 14070 33022 27468 14604 7030 14064 10837 37695 27614 25022 17064 36195 36265 5285
78 10 126055 8545 16624 13244 4780 12300 24073 27665 23664 11249 25935 19219 9690 29073 32887 6299 18256 26087 19053 3888 16024
79 10 155914 34550 38344 11522 887 9638 8948 13367 17812 9202 29921 32657 25333 18493 34929 33202 8317 29577 16653 2685 11904
80 10 118129 7926 18840 5451 37298 16760 28650 27062 18152 18149 7090 11962 34356 2813 256 16776 11744 25159 34356 15604 27755
81 10 140689 35009 9152 12400 38041 16445 20706 1513 24930 29321 9 3426 31972 37994 30164 6181 2109 6898 29196 26675 14704
82 10 167572 18467 31858 33203 15330 28454 25254 14470 22100 33227 13549 36605 8939 3171 1169 36016 34412 1159 4807 4693 13351
83 10 134119 11121 31222 9005 38584 35134 20741 28093 24842 653 25716 4203 37064 6302 20202 8940 22724 25731 10925 38467 8887
84 10 157410 29462 9940 31635 6828 8571 9487 14505 17196 389 21603 18380 16254 18714 23422 4491 19889 36159 1051 34457 22424
85 10 140412 748 18813 28701 16315 26838 35013 25492 25151 14765 7069 23855 7094 5581 26132 19608 34905 12035 13767 17892 36955
86 10 133277 17706 7717 20993 33974 30167 18217 17162 20681 35858 26825 464 8493 6077 22303 21081 7074 11162 2865 5927 13017
87 10 170951 13929 4724 32192 8931 19432 12872 16813 5975 11820 31330 32788 32423 8716 18821 31893 3794 15810 1983 30296 24318
88 10 189735 16364 1305 26140 35453 34906 13891 28219 31620 36490 24791 31548 2703 16650 10687 34148 14601 3674 22895 9030 7166
89 10 217428 31041 37653 35539 6346 14300 30799 24538 35372 24315 28908 29882 2499 38608 29631 17373 26129 22975 10253 33214 5308
90 10 170384 19002 38293 14477 15502 19258 3762 32339 3212 18132 31103 34817 13655 12774 27993 27908 27414 2105 29357 32168 19429
91 10 83979 3897 2843 5056 16850 11385 23031 12972 10068 7850 18709 6917 18409 13659 18697 2243 15825 37179 12166 3816 31519
92 10 131403 23976 30869 11492 390 29254 38514 2384 5146 11390 3514 17047 8186 24593 35158 36736 2220 3964 33899 3418 19725
93 10 137797 35628 3207 2646 12320 29466 28918 4404 25559 21579 31526 7219 938 9849 24178 25767 21568 11082 20144 24607 27781
94 10 130601 18853 34420 2293 13597 12687 15223 31723 26704 5170 1802 14995 13139 4098 9684 26901 33398 13055 14492 33477 22276
95 10 190731 37880 1928 28753 37498 37168 27197 15798 7702 19816 5237 2109 9023 10842 267 37578 30606 36876 16411 11594 27809
96 10 177336 32984 25406 34282 14669 21561 25929 22494 11183 6259 35060 10869 2849 5238 1479 29784 33775 25077 37327 33122 17446
97 10 120760 21260 14136 674 29824 37782 37876 36399 25952 2922 15246 9356 8333 31491 18191 7170 15199 1196 5744 2700 10974
98 10 120259 4487 27517 6096 37324 33402 19429 9363 15657 18803 37803 29170 33142 9047 30427 31348 8083 8097 31471 511 8214
99 10 166957 17506 20116 36091 34428 14231 36165 16240 36406 27324 1487 23067 27404 24297 6867 14753 5581 30002 5985 5186 11409
100 10 146248 30919 20755 18819 1479 5130 18909 35017 27374 15242 2569 13503 34996 23976 27006 7155 11094 6022 25069 27028 26074
101 10 204936 31258 22360 29380 34387 3712 26795 27987 17779 31307 22918 32374 3075 24316 13900 21992 24638 30128 30366 23717 21867
102 10 158611 4789 8028 19787 35164 15781 5071 34942 27108 9529 21861 16699 19589 13410 36905 20384 17122 34498 4533 28445 30229
103 10 140312 18685 21283 13920 20262 11556 6332 1582 14753 36317 31301 29751 102 21538 6351 3876 5724 29418 30403 8747 5667
104 10 147817 8008 3050 25015 34199 28087 15420 15492 21610 21099 34105 15553 10054 18005 18464 23796 5171 17740 9012 11977 23247
105 10 147170 15482 27098 16632 7607 23651 21573 10492 21580 31881 32715 13641 11 24075 17447 3096 33819 9959 2576 35054 26150
106 10 215955 31024 4924 30581 11661 15524 5388 36787 3206 25078 20069 26721 33503 29728 12525 12242 4343 35290 17778 26969 28223
107 10 191089 13217 15821 24927 10712 25657 18281 24560 27491 28885 12692 16418 9725 18802 13666 36995 10732 37086 18234 12315 24758
108 10 164424 15290 18355 28728 9585 84 29411 4758 19545 11956 8929 36761 20592 14221 25863 23585 37871 37669 1549 32478 35001
109 10 139696 26886 29919 30743 35257 12005 18129 25659 28562 24619 5474 30782 28254 4366 30644 3326 3121 4383 1635 11852 32060
110 10 96700 2259 25893 23488 30066 291 6950 9216 30536 15883 17768 14196 9201 13494 4828 1703 1018 10018 2424 30327 36331
111 10 153938 10937 1902 15357 11822 22360 25737 18776 22949 9214 37293 27470 1854 4702 30824 31157 26999 23528 31815 28922 31329
112 10 151035 12347 9159 19984 6239 7901 1694 25140 9698 21286 9599 1260 7888 6318 12196 29178 36836 38543 37723 26837 35404
113 10 188262 12555 33230 35431 28191 7457 25543 36926 12331 32438 372 29595 3077 7872 28177 31877 21925 11888 13587 29289 7365
114 10 228480 14307 12972 6795 15699 34879 27041 37670 31733 29302 17226 27605 3595 35965 20297 31019 7843 32509 12726 35550 24583
115 10 158527 4249 26291 4246 31270 10872 30889 2196 33794 20205 22607 34039 26933 37049 3978 17599 8290 33153 6122 34551 3267
116 10 170960 35614 36260 16753 23105 3188 24670 24867 19524 4213 33326 27799 33777 16685 22078 33489 33549 36516 11228 14576 31609
117 10 122776 6835 21521 22364 31125 17594 5984 2251 31089 9531 139 26435 6520 26190 1192 32170 36781 9876 6479 224 3178
118 10 94907 16238 28547 6087 1002 28905 22760 7699 24902 10729 16297 2965 14324 4015 32964 8029 16019 15601 7832 18366 24964
119 10 94707 24155 7746 6403 31156 23912 16819 2604 35318 10086 32083 9242 2020 2063 9268 9244 25802 12394 3595 18281 27323
120 10 180460 34856 5231 23421 11461 14670 32045 36678 11296 5700 5924 31023 11546 34791 25603 4125 31973 27569 27517 12743 8891
121 10 178186 36271 14098 30911 30495 34628 20642 3266 18685 30388 5645 21888 25254 16671 34180 7882 15859 7187 30897 33641 32817
122 10 180422 23014 26049 28953 3095 17080 7414 22059 8533 36456 21084 15214 35907 11124 11419 27297 34205 10591 16676 33740 345
123 10 221562 36317 12508 23786 37214 32727 24450 24046 25807 29838 28726 37631 15253 14562 14609 27817 19731 35177 10564 15052 2489
124 10 187911 25614 22032 4476 37907 27615 28289 28966 30973 32748 8511 36863 344 20612 5839 23626 31302 19978 9172 14391 17602
125 10 145548 25238 769 36393 21717 30918 23730 6220 7111 1817 33680 36138 12684 19746 11717 1982 5245 11036 3307 12448 23119
126 10 159936 17954 10487 30914 17190 24581 6938 24021 32337 18878 23195 25708 29748 2835 32407 23027 6467 25895 12216 6108 16387
127 10 179108 38608 15929 1279 9013 3815 30324 29877 29277 17679 38589 11706 30206 36099 14262 19086 10483 34590 33961 31147 15487
128 10 170050 23456 6657 3253 14583 34986 26459 34093 18458 35547 29654 27073 1752 23149 7024 10558 10130 10749 28894 9699 3396
129 10 164507 34390 27529 13900 2996 13673 31516 21054 11530 2887 26468 28572 26589 32684 33331 3876 3876 20693 11526 33905 17945
130 10 165144 25081 17249 25824 24553 3015 37647 8768 4897 2969 9542 35064 31810 25393 13885 32815 17885 31956 31220 15546 2042
131 10 134020 27845 34630 25564 28284 6438 8837 31374 24395 23664 1597 4810 75 7332 33679 28357 11232 796 32974 11345 14662
132 10 167032 15286 462 19325 23578 14346 16902 28017 24273 36641 10304 22130 26842 9680 14416 20623 1826 35768 19449 6974 19100
133 10 151365 2066 30205 31869 33251 17338 24928 29642 37881 15469 10652 18225 23863 32298 36291 9031 5715 14470 15263 18799 21503
134 10 131911 30999 29333 1266 3051 3062 34601 12252 20453 2521 3822 34922 6883 31940 33728 37351 11779 6645 12273 3931 36260
135 10 134416 1883 13968 28317 25199 10334 37144 5944 19442 11453 32205 5534 8787 32901 9482 25383 14270 34663 7514 11608 7242
136 10 140530 30587 22012 25074 7171 3110 7614 15247 11138 14149 12395 35483 23712 21450 23645 3724 30448 13174 32613 13665 5035
137 10 161372 3665 10705 27346 4836 34955 9985 17436 20035 13199 16424 11545 12405 32494 18986 4420 25496 26844 13761 29811 5018
138 10 191814 29894 35856 34950 2555 6492 33064 5418 19536 13861 4585 21863 33289 25162 29325 30958 13957 34330 37834 36840 1978
139 10 185973 2666 3669 21373 4310 11147 15731 36322 9810 31749 2896 30921 29126 22437 27600 8406 21306 30090 14713 37356 14098
140 10 165740 24382 36494 24610 22031 6930 16941 18238 25186 34306 4306 5110 24496 29324 22313 36102 3318 24728 20713 3446 11430
141 10 134703 7916 16691 21750 25246 38514 20259 26659 32618 3270 2588 7281 8261 18449 5575 32855 35512 4953 32899 6732 9911
142 10 103795 4512 8348 6846 10568 3336 14636 15763 14927 9781 35540 2971 30415 27361 37769 22433 32176 5458 4506 31283 3419
143 10 162384 27668 38544 14644 21675 2333 7756 9947 22460 31331 34878 18393 7226 30093 30264 29874 3084 21962 3538 16735 2459
144 10 149761 18297 4739 30995 17229 34337 33501 8083 16486 23422 6581 33985 29464 3991 20073 20354 26694 384 8005 13354 32041
145 10 162342 2697 25171 31606 23005 22086 28086 36320 24854 7402 34893 20547 7137 20498 3254 31527 26743 28826 8445 1419 22218
146 10 165404 13506 5147 8118 14505 17961 10176 32425 38137 3470 28314 37274 29594 21346 17355 23693 10556 31143 4685 17819 35835
147 10 157669 14922 24870 34605 25068 26686 8122 27018 3887 13047 9646 10150 8031 17831 12699 18489 15461 5155 22591 29184 30356
148 10 212089 36114 33373 26325 15274 37432 22390 19584 2882 33078 17451 24338 9320 10726 6840 32943 10112 26489 5379 18083 3780
149 10 174046 28902 36477 3860 3674 20383 25203 25384 6919 12549 3195 13291 35460 30648 37859 35848 520 18570 13654 28123 3106
150 10 127675 158 4103 11103 15140 11545 23552 29776 18413 18046 37033 11392 9125 13337 12084 11052 4456 22744 8223 30441 3881
151 10 179092 28231 10335 14312 22093 33957 20884 32700 32740 23624 17258 13293 9083 13911 27619 14854 12643 29238 8425 19745 25758
152 10 152347 35346 21902 36160 7051 19214 16596 6791 37958 34606 18825 21385 37636 1662 9445 2549 10180 12529 9544 20192 19714
153 10 175951 30574 14735 38369 31566 6542 3958 20731 27229 15742 17596 4999 38315 38296 16125 24297 17128 16777 26962 23612 7743
154 10 179100 36557 37795 20029 2314 612 7272 37635 20593 34264 20596 29801 12099 26008 18149 13339 1894 1754 18406 23876 21206
155 10 123956 5404 22537 526 26706 15163 5552 10857 214 12138 30963 29681 34000 31178 36720 3227 12319 22350 35178 24422 30865
156 10 154260 20866 37847 25114 19542 15413 30661 32595 30995 22420 10787 12934 18742 28019 30212 11393 36066 18884 37073 5188 5774
157 10 164664 29480 37344 16895 26582 33786 8719 19108 25762 3912 24458 21430 22210 24036 9055 28313 30913 9964 29306 18906 1014
158 10 187246 31338 11778 17729 13561 15476 11673 25378 1123 17650 3651 27166 1938 4285 35461 20164 7791 38158 22939 36714 26204
159 10 181556 30520 3166 25298 12157 7590 26351 23878 412 33727 27896 1530 17451 20148 4389 37711 26450 15249 3708 31294 1981
160 10 135416 29948 14134 9449 6705 2626 22875 12242 29393 33093 5314 21299 37330 25732 12497 22606 14633 4094 35761 8181 23947
161 10 159240 4447 9468 35262 10297 7502 1795 27499 18161 32277 34751 3306 5580 32274 37568 27356 15775 20427 19951 8701 37199
162 10 127271 2449 25468 25254 35705 7961 35298 3736 8437 16033 37188 37055 35557 10982 18746 23159 17090 27282 19020 5178 19850
163 10 182192 22875 38381 38429 12491 12489 37095 17281 33672 32403 18636 33516 32562 18533 20227 21332 911 29195 11841 1687 17628
164 10 201228 18587 23750 22285 15351 33289 26305 19518 34887 19313 35371 18025 5068 21541 12528 25267 19991 36812 33527 36899 38425
165 10 143642 36019 38265 7469 6303 25621 19740 15631 15531 1358 23446 34111 5517 25842 15819 2939 4179 28748 5181 1815 36893
166 10 121720 1815 11517 24984 6301 18516 9553 10036 33443 23871 28772 15627 2939 3085 38127 6053 22762 12443 2874 35720 2127
167 10 103319 3275 38574 7039 34459 2396 34474 26137 37254 9250 21038 19256 26593 29626 31827 11194 35554 1805 19740 19171 12649
168 10 147824 34523 10288 14134 5439 29920 13800 19531 671 25242 14735 29316 33290 21813 18926 6203 18460 3622 18844 476 25560
169 10 176844 38191 9131 15387 32912 36468 23676 30861 12156 10392 18942 4573 6112 34296 20967 26374 34843 21243 27208 3271 32070
170 10 187312 18625 37831 14357 10413 31190 13629 35063 29650 1985 11676 21383 6033 27334 15334 18916 28640 38411 2174 26877 359
171 10 142868 3273 29827 24000 35189 26753 23012 32329 37446 865 24889 20249 22426 28357 9253 7828 5551 14028 29374 20904 10721
172 10 106861 22247 32947 1540 15547 10353 7067 18413 4152 8850 36835 10128 27361 2 401 19872 30353 20918 2837 21254 10199
173 10 176050 20272 26938 34901 36362 5708 26732 37712 32596 37539 24357 32315 37726 7835 11283 14872 15966 1160 4273 27749 10564
174 10 127899 17201 7046 8849 14861 20521 9566 34856 26020 36211 19696 22339 36061 1868 25511 1711 34577 827 14600 15491 27552
175 10 174326 20537 31531 26693 37040 4288 5504 30519 17511 14206 34614 16377 8474 18087 32572 29566 15300 27731 29916 29904 10505
176 10 180763 6580 24078 19759 28149 32546 37379 25660 7174 3018 21458 22788 7922 14248 33762 26414 6654 36603 31768 38338 4650
177 10 134472 27514 3909 11386 15929 2695 4241 20458 28764 34161 22919 10684 29616 32988 38330 5370 23972 1165 19942 21669 1988
178 10 119620 37537 12786 9059 12902 20631 4345 14677 3177 5512 14726 11261 5773 5544 17468 35462 18997 4060 18891 5782 22863
179 10 146096 26346 37885 13976 20323 3088 21790 9308 15257 32294 12365 4980 38512 25227 11654 14558 17094 33167 22755 19676 24254
180 10 169008 1341 29687 24039 3300 28959 18 4387 31863 38653 38425 28986 20596 33593 5559 13935 6935 14981 13717 22386 35951
181 10 161093 35580 26224 9633 37520 22049 8855 22324 29219 6053 22983 27890 13091 5303 35155 16709 34194 36807 10163 19019 11653
182 10 126304 8001 32368 1725 23470 34340 34421 24536 5456 7397 6917 30346 19856 10460 2638 568 7103 26064 14042 14443 18978
183 10 185087 23810 14792 20277 37899 11240 15234 37279 9580 31903 19194 33691 17904 37155 16034 7508 34075 20109 13804 8387 27831
184 10 115952 7177 17011 26539 17396 15147 34460 19916 16941 12042 35373 2364 9794 36979 9835 16825 22306 1669 10979 6282 25006
185 10 174358 19270 21328 26015 9690 38470 29915 18492 31232 7715 9140 26493 5417 15062 14204 20009 950 24592 30065 21830 16187
186 10 144534 19262 35109 4005 32761 9162 21199 8716 23040 21670 7897 12911 16334 25613 2715 38008 18006 14105 12682 27216 12551
187 10 158119 9770 13507 28677 8055 27185 30865 30750 6430 15548 3204 28304 27725 19108 17742 30241 38656 4522 4973 3544 32508
188 10 186913 20806 27295 37742 28097 36419 24506 30296 37641 22130 24873 35616 21617 7096 23295 30073 6541 6309 13735 7155 27117
189 10 174217 32667 37346 31992 29880 25274 32634 10994 29748 12083 16749 15636 27841 31265 9812 18082 11391 20988 12043 18791 31119
190 10 153773 32672 12537 32921 1919 28377 25280 21724 21478 829 8524 7961 2466 23126 1245 22257 12261 15815 31884 6535 35829
191 10 124820 22307 7099 13221 26006 10811 3560 16915 4609 24185 13169 562 35854 11887 23991 10132 19122 35544 36773 10461 36591
192 10 132239 37702 32002 6518 5320 13431 8717 17776 17540 19601 27573 20510 36616 18887 11425 16994 30930 3670 22085 10210 27032
193 10 123338 6203 14462 31298 21537 160 22992 1500 26658 38284 28317 25418 38149 21982 18288 6046 37886 12499 5911 10783 25776
194 10 155383 22032 19180 866 2069 20691 21254 14707 27381 20874 31618 24966 30340 13574 4595 14137 6435 26535 6676 35847 7425
195 10 115792 6382 5498 8258 17396 12080 29115 20619 2668 2438 31594 11023 3151 22290 9122 16541 12515 31005 10179 14105 4685
196 10 107172 18669 22650 13069 90 9178 18424 4645 2617 2403 3937 22930 28646 5942 19210 11375 36538 30159 30394 15596 23405
197 10 164028 16244 30660 4423 26465 16210 22166 22323 2670 25495 26797 19905 25071 36445 23953 11604 30033 19344 3743 33042 1795
198 10 141761 33192 5667 23943 31373 1615 25932 6029 1457 30564 6866 9819 10339 18515 7155 36475 11760 6840 32030 10210 8202
199 10 176657 31158 32489 22379 3492 31692 8759 16869 16319 34475 12411 14901 2698 7888 18444 19249 10375 24770 17706 17441 34585
200 10 128975 1438 21972 16363 1486 25347 2093 20658 17763 9199 1664 29853 34962 8004 30670 25717 20050 8595 3165 16045 26849
201 10 131852 25110 3090 2847 37534 2106 19395 33706 34810 21982 23637 32611 24484 6673 21644 16690 7729 6264 15498 16826 34035
202 10 156414 572 18618 32227 7434 19964 31102 14584 17370 20204 19225 11451 26939 25855 10411 24689 34954 18910 22347 27062 13618
203 10 146850 26058 16711 29181 1583 17732 47 26570 5942 7863 22075 3938 19423 28121 12433 32040 25869 7190 38062 4870 24603
204 10 183370 20910 6618 27521 9431 32210 3854 24517 8953 37174 9917 24364 25577 6325 31018 8479 17362 34412 20986 13301 18489
205 10 126384 839 6071 12453 23170 10818 25038 4627 17241 29764 21091 10786 522 21483 6415 11177 14549 33930 34694 22103 35455
206 10 154953 23272 14006 3203 27479 7314 25727 3273 9653 30795 27743 17275 9328 28808 20069 35938 13424 17595 29493 26219 32984
207 10 77868 21518 14494 13247 33472 1421 2320 3933 34518 18955 24800 429 8189 6123 19382 7493 8398 21521 16950 2696 9194
208 10 125298 37538 26876 30586 37654 11657 32192 5796 13472 20088 24576 8685 31540 32338 25852 1886 336 1199 10917 6850 16989
209 10 155009 3741 4528 29415 21154 7673 1613 18365 10392 2917 37767 11463 5205 12091 37749 33350 22290 37937 28606 36810 14406
210 10 139137 1144 23077 10351 2847 30091 15846 7607 31683 10788 6742 16064 32557 21517 18960 23667 14294 34179 33866 18514 5076
211 10 155927 28932 25640 31836 20363 2552 36459 10625 1180 34898 33470 7658 20205 6724 36531 19482 18096 30220 26427 21982 5522
212 10 134506 11844 8680 37574 19078 147 30375 13749 5386 29459 26215 9552 14343 20802 32794 5129 20424 33956 24588 5921 34715
213 10 172949 13502 27661 19622 21854 13822 20224 16123 34922 29215 37801 27115 5469 10236 14700 35734 27479 34820 23446 15998 1116
214 10 200949 17906 30631 21744 11966 25646 32673 18531 21649 34675 15693 23015 37426 27350 33774 19928 32619 30242 9746 32150 26591
215 10 138879 12877 3347 2259 36252 37198 22752 30168 36012 9023 13864 28188 38572 14646 32673 7454 31538 26586 32878 5200 10630
216 10 105216 19404 34151 8161 22206 5254 10440 1396 19040 27496 36071 29700 25229 3089 16608 3998 1818 9332 26599 23691 24539
217 10 140384 4558 27287 22110 4644 11979 13304 32536 3510 18004 18176 28937 10273 13718 38694 31003 7417 8019 8525 4617 31563
218 10 123284 37 31712 37084 25591 12496 30516 12967 8917 10472 33185 2014 9061 15677 28441 8498 30765 36442 528 18418 7709
219 10 159672 2294 811 25444 35721 5048 8911 29603 37307 37930 5234 17100 17433 31372 2292 19647 31564 10758 15973 20394 32937
220 10 176343 16922 8946 33556 38538 34062 3710 25209 15828 16318 23834 24703 19473 8669 23102 25668 27777 17400 4603 17922 33979
221 10 177668 1699 16684 8135 21943 26690 3939 11673 36284 38093 38133 23745 11828 18209 34777 25916 23683 32045 14662 35881 8783
222 10 187504 24201 38443 17399 9814 4291 20724 28119 2859 32080 15026 27470 6937 32607 551 33526 18767 19724 3348 14963 4503
223 10 123745 7808 37130 2843 29815 30971 35540 10251 25871 12057 15469 29964 9548 2378 32156 20742 17725 6480 10640 31188 22584
224 10 133934 10340 36915 7730 38678 31630 9483 10523 13996 3766 36510 3708 26630 13309 6063 37049 22885 35488 13264 13875 25649
225 10 158495 34544 18779 15856 27905 17210 27137 29791 5125 21979 17176 24634 34420 20030 19677 12140 26550 9606 30498 12329 32704
226 10 178333 8312 29810 21214 7069 32754 9291 34760 21052 22777 32868 5021 6219 21892 17462 19739 6752 36193 19921 20255 12470
227 10 116871 2198 38005 25959 4852 4126 22604 984 14830 34159 4151 37366 8972 7349 28815 10904 13148 13532 25977 9512 28310
228 10 109882 2189 31125 5953 10001 6538 31334 16345 3759 30529 29289 8669 9536 32992 21707 30558 23369 2697 24322 883 30559
229 10 182752 8429 24054 4398 14409 35059 22031 6506 128 32864 17233 29565 7586 23229 34850 27132 11516 37753 34333 23505 37853
230 10 184610 23503 23029 21909 20383 26073 26990 21460 12609 38688 13133 15364 23246 27538 37051 7936 7689 12284 16828 36008 609
231 10 148794 15841 24563 12902 7999 28168 21706 21678 7152 6271 11127 9585 6596 21866 5493 2884 35985 30255 4668 36543 34110
232 10 164846 29499 7966 27002 28804 5038 36603 7589 2776 3849 5489 32407 21118 12776 12249 30226 22073 24779 23760 32893 27389
233 10 166678 21833 11655 894 7083 20769 35403 34271 16752 21828 5816 4392 12580 38530 12768 15501 12930 28967 20877 21363 25513
234 10 118500 10726 38074 25327 32281 25483 37120 744 24066 4856 23428 34728 7821 392 28005 13223 30886 25488 2603 7159 37053
235 10 177016 4332 3947 23786 7863 26804 30089 38563 13768 15935 23160 3105 16875 29055 27170 29148 27686 13204 104 37339 9571
236 10 141274 15962 4320 29635 33318 8455 7094 3383 15247 811 10532 4960 17140 36325 37807 12919 30761 33278 1630 30865 22573
237 10 119570 8522 6822 329 15478 8479 5040 26770 30984 16584 19351 9862 2896 2851 24749 38709 10778 18569 26027 18788 2494
238 10 143912 14301 18643 21146 36312 27032 5171 2402 9309 14544 34273 14696 3280 32370 6895 12007 3466 21025 11686 20368 30493
239 10 107028 5528 5027 7837 19465 22872 18662 3276 5788 7699 18729 24202 34782 17732 34195 13340 23783 7936 24316 23363 11745
240 10 149491 13497 22137 32620 7135 1589 18249 8413 10796 24519 3813 29100 9798 10837 23563 17121 29653 36657 1051 12511 6856
241 10 174420 15081 19842 19730 8145 23483 16912 27351 4841 35333 1737 28371 10554 29948 24154 23547 30044 12613 11503 2568 31454
242 10 132987 13669 15039 11910 2800 6065 23925 33298 17822 29398 28441 20138 5935 6315 19078 14439 15931 13991 18054 17011 25235
243 10 134778 9044 5706 8059 26005 33185 22282 8201 14591 3799 24910 19655 4997 23549 1560 22365 23010 37579 28993 3037 25461
244 10 122648 31140 38131 19232 2861 4772 12794 11124 8994 17212 33373 14575 17865 2705 3614 9611 16125 16241 3977 26699 15092
245 10 129554 16996 30247 19533 34565 37651 28819 15208 15948 36902 2401 3871 1900 5987 22676 1008 992 18536 31256 6251 7546
246 10 196568 1738 32348 36718 17657 29947 19038 34949 31819 14158 704 34386 37791 10482 10195 35540 27037 9746 37185 38047 24450
247 10 157973 16395 20421 10185 480 17135 17518 37847 8316 29215 21405 10606 33155 2348 36120 27493 16133 13218 5635 33025 8016
248 10 157954 12145 14189 13964 8432 29721 22965 9794 19378 33351 34821 31629 17791 31461 20357 20745 31017 3906 2634 10727 17073
249 10 141250 3311 27204 25029 24562 8306 8339 29424 7919 31893 4878 9070 11676 35034 23606 448 12233 27496 3039 6552 17314
250 10 145227 21977 10157 21365 12942 17613 35504 25754 33765 26978 32750 278 26051 3422 9830 10017 549 31654 4674 22476 33864
251 10 100914 23201 38712 6011 25054 4604 13541 9962 12297 29933 5085 2762 24907 5486 22789 21599 30277 5612 20676 16973 34580
252 10 137859 12318 25404 20161 16866 8117 16683 25908 23777 23046 5610 20774 20041 30085 17009 1535 6767 16557 23132 13823 9501
253 10 86496 23143 22337 7253 28203 3212 28179 10416 5373 25510 36133 3648 11645 2392 25769 11457 1262 1381 12313 19708 6746
254 10 173505 27872 570 23789 15977 1999 17291 24603 14723 9460 33223 19796 12107 15530 15526 31459 17345 32281 13991 30093 16910
255 10 178014 31911 27453 8968 18653 28428 10225 29841 14794 5331 18544 29962 7918 32049 32168 19036 19182 14164 33683 22828 35511
256 10 115263 2357 28398 19066 27223 2931 19489 32159 3653 33350 5946 24901 37126 19143 29066 4483 14590 969 1946 4720 30588
257 10 124352 37127 10744 26850 34739 8520 22719 23314 17879 7024 5463 9425 17817 12949 1427 11742 5248 14345 6716 4145 20208
258 10 156431 38185 17678 15416 8261 32000 22273 3088 10354 16085 9679 22903 20873 2588 14689 35126 33196 9697 34982 20451 34048
259 10 130941 16311 23916 20147 11957 22570 24908 2880 30743 6737 5523 18055 37206 17696 1835 29987 17174 20655 5202 8639 7936
260 10 180236 14429 11599 27625 14153 35604 4529 38577 8834 15306 14145 31750 8674 24828 6462 23574 18171 7992 37391 5611 38189
261 10 166895 36163 19661 31860 27208 13704 19827 17582 23672 4545 244 18842 19616 23632 31308 31239 22573 26496 24227 4556 18837
262 10 128006 3600 30194 6154 36026 16301 31001 2475 21850 6590 31698 33520 29497 19589 31595 28292 12230 18425 13219 25062 28324
263 10 192047 37936 21782 35923 16154 27357 30053 27143 18141 1242 835 16429 13593 23951 3475 17493 30468 38204 28996 14381 31209
264 10 163538 15418 21960 22863 14429 24348 4291 7653 20922 24475 27684 25961 8858 19315 17989 13654 8591 14226 33890 36510 34740
265 10 110458 19028 18396 6326 894 28603 25206 8346 31759 17252 11235 13634 11727 4125 36392 18713 13115 17714 12913 4332 2199
266 10 181053 30070 23875 7357 6515 16483 17634 36681 19056 24432 5846 27406 22166 19337 16070 25798 7725 19012 11951 19741 29812
267 10 166712 6804 13719 2635 7864 18637 30629 35732 24105 11804 34257 13620 18568 27602 17548 38551 36157 38085 33001 14921 36858
268 10 142140 11526 26405 31300 9758 24457 17555 5707 22024 27197 25510 10800 36223 26733 19345 22834 5690 16541 31984 580 25372
269 10 139548 25683 34797 21219 21431 5864 16937 27327 26176 21968 6728 23312 14879 18037 28517 12354 2871 15939 37194 2732 31723
270 10 133585 13081 34157 22048 17681 9718 17579 33147 9083 8642 6646 32489 31069 12483 21541 13464 17999 1438 37068 20472 942
271 10 164444 3838 32365 17167 37524 25298 30974 17074 14703 34183 2644 19621 1538 37443 2047 9188 8268 30538 34067 11205 25662
272 10 143752 31688 37451 3492 22995 22732 9416 22722 2755 5535 10106 37391 7117 3927 13581 23784 18930 26678 21502 1742 34314
273 10 161143 1960 34931 842 30645 35599 31454 4291 6748 7451 28018 26291 5173 38481 28085 34784 32175 22811 3380 28919 15493
274 10 111649 9763 3005 26246 4976 32987 21645 1258 31644 4799 28189 4175 30949 5924 36113 29269 36544 1594 16814 23547 21511
275 10 102656 25008 10895 16997 11002 17266 2387 981 30517 8229 37279 907 27170 7106 32115 19428 7360 23662 6842 8736 14005
276 10 170750 16951 7573 31452 30132 7590 34547 34825 21252 21377 35965 26237 1142 22428 27748 30631 37852 7593 19316 14354 16842
277 10 136187 37683 17755 23660 9189 16598 19350 4043 10769 27605 13204 21088 22662 1093 548 31603 37 6642 31256 219 16280
278 10 136342 25263 36790 19305 31948 4194 24964 29109 22770 17526 582 132 33722 11452 27768 25559 32841 37053 30513 835 33293
279 10 162517 2280 9029 1935 745 35669 36441 24692 9441 30537 32406 10439 27624 29166 16798 38449 26486 21998 34688 7982 260
280 10 149806 10814 11837 22959 37829 13404 6797 32851 35536 3722 38057 25766 25247 34356 21215 7406 23505 28291 36844 7689 32551
281 10 102842 26457 9370 17905 16168 4747 76 4004 26692 26046 4560 6848 14524 2455 33158 24254 13172 4101 34460 11736 14892
282 10 162592 18835 19552 24840 26157 11930 36119 13463 37891 2627 37956 3768 26582 35647 6697 38306 35867 18546 22057 35278 12783
283 10 149844 9305 28526 8429 3214 15517 26147 23863 31078 12264 1058 25642 25036 20019 13367 22878 11770 16989 30184 32399 15234
284 10 92508 20677 37398 12517 13801 8907 6142 14423 1168 35169 8334 7264 1123 483 31369 4505 15573 3356 37104 8335 8190
285 10 171496 14856 37742 35185 12307 5804 13796 18451 3778 24308 29915 24113 5790 34020 8345 14585 4068 14304 14018 28745 22402
286 10 157449 12341 2783 17418 4173 34815 32506 12078 32832 21158 22417 8139 28893 7554 15442 35022 13036 19416 17153 28871 21620
287 10 109904 22093 14274 12387 17591 7904 10375 9750 27565 649 19335 34279 3940 4411 23819 78 21841 10377 36112 35452 18421
288 10 158015 9739 11299 24481 30436 4167 25404 23641 23864 31197 26787 9690 4429 37260 34945 16643 27642 20471 23932 20230 16852
289 10 137363 4585 16098 21486 32260 23160 32069 7925 28921 2180 19046 13615 16785 31294 26030 35166 10764 31153 19775 1140 20053
290 10 96768 6496 8894 16925 25059 3512 31627 5123 33536 6660 2463 8359 16675 5632 11051 31681 12849 15793 17284 20779 18778
291 10 179986 22970 37060 9258 27978 19963 28003 38084 14019 29788 11800 10195 19944 15372 16913 27605 110 26232 2411 25516 30661
292 10 105610 5262 35484 13719 38259 10060 24946 5000 21373 12543 26337 6140 15518 38443 31566 22365 38667 9538 13447 8943 7525
293 10 169832 36753 12268 34861 19805 5593 4488 19837 90 24135 35390 24783 38171 21256 10090 31993 19848 1997 6916 11083 17522
294 10 147348 24567 19837 8225 16676 1221 2897 23685 29511 14412 19 15346 38125 36064 29822 26714 11403 18397 35455 15554 5260
295 10 178087 29124 7809 28788 28639 16155 31418 32111 19512 749 381 29593 33444 19410 37730 10723 36432 32508 16059 23448 35769
296 10 166637 37350 27615 3811 9181 12960 33598 27999 32208 17807 32112 22230 7743 32689 33813 19402 5886 19949 29249 14100 22221
297 10 145228 2797 2137 23618 25859 1067 2516 26439 16295 21898 25769 30691 13375 6236 16351 16005 32568 28904 16540 23880 20643
298 10 113594 4337 4675 23127 23904 12069 33068 27068 7876 3308 31126 24505 33169 23206 13249 10518 357 7426 13336 6429 1233
299 10 137486 27768 19023 3212 1554 30769 16465 22240 30148 1738 20245 25526 32187 8414 22113 38062 20270 8303 8740 5826 24249
300 10 169092 5695 33649 8825 20228 25502 8063 31060 23166 30221 3419 37973 7692 23441 31676 15455 13254 13866 7078 19327 5943
301 10 133712 23328 18422 21747 5910 4772 19017 8014 2991 12437 34091 6701 33313 34820 20633 2426 30496 33869 14773 19026 305
302 10 170100 28926 2964 38570 8013 4590 22920 10748 34856 19325 16017 21123 12773 10042 14694 7865 34682 37555 18010 33881 32415
303 10 178780 15147 17900 23369 6510 16040 37059 24392 22024 12850 38174 17421 18893 38053 6126 14032 30445 33852 16834 28320 28656
304 10 147196 32044 15025 14279 20966 3998 5205 19040 30645 17675 30669 20699 18189 37018 38625 5399 29124 21508 3440 12336 33007
305 10 157177 12311 26891 19566 26630 20208 2490 29465 24154 25723 27614 24771 7576 12484 33324 14792 35164 24576 15865 12576 14092
306 10 181950 24097 21787 33412 5785 24885 27276 10525 17449 20063 8030 6635 9982 13834 10226 33446 21456 29448 14729 31093 33487
307 10 139239 30749 878 3939 7589 29245 35741 15101 29021 5632 8657 26351 23696 10453 26653 3227 16207 28968 1405 20384 15945
308 10 129460 2226 9770 18271 16718 15951 4044 11951 31648 3782 3525 28491 8948 23550 1303 15230 36954 23342 7643 19031 28985
309 10 150784 15269 29592 887 24213 14186 31829 28898 7662 31623 19567 4904 29638 33134 14546 8709 37333 31585 22357 19285 27411
310 10 138628 20445 26010 27494 16157 5158 23884 20926 16240 6004 27531 33268 16776 8657 19365 15011 36952 11799 31488 24524 9835
311 10 156356 27978 3682 34086 20586 14831 33588 27283 37686 27239 11609 16890 21797 1086 9923 8999 35662 4798 24331 32256 3358
312 10 190436 37032 21989 30227 19812 34520 2227 2864 26732 29504 35415 9223 15487 27103 21631 3151 20492 31593 6117 32828 23755
313 10 151458 9805 23905 29636 517 35966 29829 7371 4550 23498 34352 22869 24492 25818 2913 2400 13075 31501 12348 459 23803
314 10 146386 38260 33799 2424 17894 7936 24745 11335 21268 926 27396 30205 32122 25938 36250 27438 6240 30510 14626 8011 1450
315 10 143914 25178 17154 12382 8690 18771 31029 18762 21427 20146 1020 14200 29863 4419 38432 31652 24204 19631 25635 14752 29117
316 10 182364 11787 14159 32253 18106 22711 11665 682 5151 21989 165 31547 549 36344 14272 18979 32650 15145 18666 36519 22917
317 10 166416 12898 21470 25035 352 31051 33137 32513 30410 8504 14009 11804 30817 3705 38103 17982 12726 30007 5792 34521 24252
318 10 175606 11295 4016 24829 28928 24363 38474 38008 17301 35874 6557 17921 22253 34748 8334 3677 7542 5009 38484 23784 28528
319 10 124876 25009 33902 1332 15947 19200 35180 10036 11331 32691 37039 7726 27828 22129 29774 29574 33318 1786 15225 6612 2530
320 10 137768 20887 617 9308 11383 5572 36269 10713 7268 6140 20151 25680 26134 25150 25882 22579 18342 17091 28868 29091 2397
321 10 145988 30121 33437 600 11433 36876 1564 2769 29883 22158 1072 19070 26988 11513 28326 11218 25337 14638 7315 33523 29170
322 10 160048 1637 8404 21171 36 25910 23699 4904 17180 23286 2978 38506 29003 15821 1343 7298 35209 31264 19622 30263 18178
323 10 149026 13010 23595 168 2748 26922 1875 10916 33699 13269 10986 20448 16099 20533 7419 14454 12793 28550 5007 38013 18342
324 10 167510 12358 22808 26735 20719 30482 36194 8282 32957 965 26586 19627 7172 37684 19190 31761 12671 14057 26733 27437 2563
325 10 214899 18710 30479 24730 19457 21893 31328 22016 9846 31282 11792 38079 18311 37708 2802 27333 8897 29780 2911 17093 129
326 10 177631 16185 1522 11870 11630 29866 13723 32803 252 15250 37814 24346 24663 37 13710 33987 29500 23583 28146 34112 38487
327 10 169660 32038 1802 1029 21350 32959 7626 753 15095 24913 21561 32095 21426 19543 35788 23889 16353 17686 28730 27171 29993
328 10 188230 36093 36718 3943 356 16243 21061 10838 11732 15392 8401 22631 25363 27311 21320 37709 24051 28679 16589 36449 22468
329 10 115335 5802 21784 19815 32812 13720 12275 37329 21787 11509 27298 35786 13915 617 32025 3065 37824 12697 6916 3829 1580
330 10 145301 12891 17609 14561 18147 33602 25292 6998 7023 7900 8003 27990 17626 27906 22911 25734 25485 1697 6214 22348 20790
331 10 167932 37395 18218 13327 8464 18418 14481 27933 28582 10022 18061 29927 11980 13263 32594 34681 21771 11892 37955 13057 10530
332 10 99495 8897 31107 9300 37820 3567 33598 4953 18394 25004 27131 3926 8374 35300 16853 1992 28520 25369 11139 6061 11125
333 10 171408 33578 25711 27562 37777 10425 25213 28837 13586 17163 3462 11866 27422 37569 31788 26950 1575 12592 15805 7719 24838
334 10 210020 35147 14552 25789 31615 36188 8473 17877 5941 22155 10689 16749 22978 20004 23580 26930 2643 35671 1533 26016 13089
335 10 179680 35041 25848 25346 12471 22441 11960 19673 34513 19684 30034 17892 32506 32804 1043 18326 27180 3569 20328 29824 3697
336 10 200008 29927 2651 5322 34941 19768 21451 35636 25462 22736 13147 13292 4048 22963 21803 31322 29645 37404 700 31640 29881
337 10 131972 8667 12522 4787 5671 144 31892 32264 29870 29152 2871 16866 13381 13197 37297 38143 20916 5083 28066 16662 11661
338 10 194476 28765 29935 19662 373 12321 21201 34812 31500 37720 11930 24236 17216 31471 24790 14761 6455 19552 22068 19796 16056
339 10 145910 1999 27199 37279 32565 13509 11892 20401 12990 32692 16549 23679 12116 6646 27875 3469 16705 28563 24557 14151 11077
340 10 147672 11426 13655 17733 15543 3964 2543 21941 25105 10651 18791 38247 26 23380 38160 13209 35610 9440 15589 34599 13118
341 10 100295 10033 13786 17539 6026 3767 25663 25538 19563 6772 5572 9824 25779 17601 23705 17853 282 3193 26179 13249 14506
342 10 95556 1468 20040 17812 13406 12855 18747 1575 6946 8521 37139 10156 34668 17624 7248 295 32015 15647 5051 33492 9949
343 10 134597 10381 8460 3215 27317 34788 17764 29612 9276 20801 1092 28789 37368 18192 10848 5826 12974 8856 20868 7787 38210
344 10 196045 30340 25987 30068 20202 36867 28667 26074 15162 26142 30294 23778 22963 19010 5018 19867 16326 21699 19529 11212 36314
345 10 172988 18906 20088 6196 7623 22731 23994 12611 23978 32286 7279 20323 3954 28605 13995 15117 14159 25018 18348 34442 24238
346 10 152051 19117 4959 30310 5611 26228 35608 4166 6759 29425 13132 1127 19749 29747 2446 905 30175 20534 33035 28505 9794
347 10 175285 25119 822 11168 2963 11344 35297 37374 8560 33520 10036 2623 35367 29209 28482 20433 15243 11001 23226 37316 9514
348 10 192824 18142 37863 37822 28396 15155 19094 33591 4170 19015 4944 25475 11407 34743 22750 7205 1852 31652 19999 18231 4240
349 10 104470 4815 29942 22256 12025 15886 9627 2914 27263 6734 19806 14218 32183 7424 14492 5018 12257 15445 19311 35878 10080
350 10 160233 34113 4788 6507 19346 27054 29669 35101 28940 8073 32253 8822 37877 25480 32111 3349 21336 21557 33484 30236 25889
351 10 145548 32042 22350 3775 33624 22645 8404 22093 25899 2116 7472 1488 8634 32536 4617 4295 17003 26184 36054 34762 37609
352 10 149116 17489 22169 3003 34535 30364 2786 9204 27639 22936 26967 31694 26140 5865 31479 36053 35886 6652 7937 23136 29525
353 10 141182 18269 8387 9167 30377 16435 15954 37856 8170 28034 25555 6200 20838 5068 12065 12823 21060 6490 5221 36136 25766
354 10 189781 21815 3198 37214 8478 23720 19318 13794 38579 29877 21769 29298 24996 21759 24305 10799 30941 31115 24745 17836 12506
355 10 170868 18603 30991 29531 25863 25679 34488 29701 35667 25927 499 6392 5382 1933 2058 22476 13763 32209 19143 21134 23926
356 10 173636 15906 29910 28635 26184 32469 3227 12615 24341 28071 866 8609 22273 9245 15256 32939 29283 28019 2779 20537 32443
357 10 166090 24501 11990 33593 27596 27469 8298 13717 33460 29566 33906 15441 3890 7349 9749 31200 28694 12025 36214 12752 20938
358 10 153325 32445 25048 7246 18255 30640 22715 3020 36019 28792 23604 18879 23197 8135 21516 21447 20191 10409 28193 30644 33778
359 10 173722 12347 8170 22105 24789 14070 30434 37555 9384 10250 13926 13613 2744 25416 9668 10610 13343 38169 34272 33018 25835
360 10 171814 33959 36849 33017 30992 11687 6379 26076 9476 30769 19704 9248 4994 34303 36962 10380 36067 17922 201 7407 37441
361 10 218165 30931 20817 33237 2005 29719 3683 38010 29902 24846 16721 20353 33945 34091 23743 33491 8761 18439 31433 9590 27965
362 10 149487 21660 30630 10383 27811 19910 26727 22480 4005 19614 13483 21125 33764 24912 26472 31837 944 930 22220 14008 38159
363 10 179334 33482 26667 6499 31861 14553 14714 23715 37641 27135 38305 19924 20309 4937 5767 35388 33944 20140 21067 38395 25653
364 10 158759 20919 15121 36541 35799 8140 25881 17021 26972 19308 8349 12768 18751 38552 27314 28367 37902 11916 2871 4917 29086
365 10 211372 27915 4702 18558 25117 17208 36220 35567 8056 27400 9949 24556 17302 29630 25938 30810 25924 24131 22441 28441 37346
366 10 155256 16198 2593 18414 18755 15911 35707 32693 27411 2290 32294 16077 37178 35610 5251 18700 4025 32660 25788 5518 16340
367 10 122103 19653 25085 32900 6525 17164 1126 6261 28817 8811 12921 3817 32250 13105 34417 5803 26095 17842 33649 27273 34036
368 10 121130 4361 1888 8143 16193 35567 25013 22958 20862 5643 6223 32283 27161 2455 36425 7631 17031 24474 32004 7898 5417
369 10 200816 17936 5846 29187 21790 34241 22161 14631 31136 3908 17859 10239 6264 38476 37365 30703 18678 34751 17547 36948 25831
370 10 213401 11998 13119 36815 7187 27039 11600 30830 7028 1259 3296 19176 37258 37803 4480 35028 2744 35175 25893 31629 37068
371 10 195127 17575 31865 36123 21009 31594 4078 37627 7743 5759 25149 5594 8179 20659 28578 30840 17069 20581 34186 37557 9675
372 10 139665 12024 11696 7731 37174 12665 10442 25692 32569 30561 1066 795 20502 29492 23877 29316 3894 9121 20277 17185 8931
373 10 162628 34523 20477 3757 24282 37653 26501 28236 32012 148 6962 37243 19815 16593 6143 13366 16413 30376 13942 1390 8792
374 10 194184 13730 13151 30742 21768 22132 293 9172 37431 22550 21232 35973 38003 29494 18674 35819 28420 34912 13296 8206 37804
375 10 146268 9953 28143 21693 4768 598 24731 38592 4379 14699 36743 25430 33333 20281 716 12036 817 3246 25896 36308 1845
376 10 136744 29358 6334 18106 38350 20829 4384 6857 29204 12020 37821 4217 27670 13998 23307 10115 29408 30714 5798 24717 15921
377 10 119964 6181 26726 25195 25313 15574 5986 14410 32886 1511 5508 29457 8027 25616 14192 740 2568 8076 1705 23196 2613
378 10 109192 2088 20048 12570 12651 11308 1006 957 11726 3374 1106 27724 34923 2666 26468 28873 35859 9869 16449 37062 19433
379 10 199812 24481 32008 20121 12435 22407 29187 35794 15949 36989 16430 19096 9670 18177 3924 38620 20215 337 7808 33743 23682
380 10 145106 11037 22889 21090 14593 32750 14199 6344 1475 18622 26965 28952 20216 4876 22274 11435 16748 20137 20106 26140 33610
381 10 107279 14135 19635 31158 38620 36584 28597 3566 36858 18743 15759 5157 25912 2297 14647 10039 968 5971 7152 6449 27915
382 10 136342 24968 5853 19481 6646 22363 99 31478 23985 22160 11014 30573 480 1684 8682 4266 37064 3829 10076 9626 31885
383 10 169355 11187 5622 25630 16492 16622 25140 29922 3094 35290 22858 16260 11198 18143 31834 18453 12537 24993 33588 15194 33100
384 10 194660 34724 11074 22554 6143 24976 28581 18598 19564 37287 27054 36536 12039 4527 18059 24560 19533 29124 23686 10440 14039
385 10 165948 15790 2264 36217 870 6997 8419 1989 10846 30938 3599 14726 33379 27657 19449 8091 2868 37367 35271 27663 25526
386 10 162045 7654 15549 21191 11836 6012 7608 26638 8901 32476 35418 32212 22869 30176 2460 17411 9567 21040 20719 7747 18464
387 10 203724 24442 8672 23713 10856 30091 5041 38330 19330 22189 18410 13718 17695 31829 16001 10356 7360 31444 13542 28543 18659
388 10 132964 21510 21340 23461 28737 25387 12107 15596 24404 19204 37318 34676 5460 5143 4900 13483 3392 7616 10627 130 31324
389 10 168397 37828 14315 83 34471 11567 16764 25261 29306 38173 31407 19539 18230 37808 30369 17138 23016 955 9583 22145 33927
390 10 153467 29316 6675 10390 32682 5874 29961 11025 34059 32676 19556 29888 38131 12807 10027 13490 26109 28078 21194 18290 17279
391 10 184638 17756 25198 36454 32895 32837 2936 28360 23610 3528 33655 34318 3071 28122 22537 36181 27792 9196 12648 4046 31952
392 10 148316 35367 32616 13069 30554 22782 29598 13997 16748 35625 7821 29621 9484 7212 35888 895 23151 4997 32569 21830 14315
393 10 203764 37275 8291 17325 9093 37405 20591 20823 30745 31004 26202 36834 24822 12869 19652 31370 24633 29528 10781 273 9902
394 10 136711 3038 28350 36916 29558 14266 14432 32116 36484 29560 18487 16780 23439 1288 972 3023 1499 5502 20739 28400 1419
395 10 151083 14560 30763 20855 29209 31164 26337 28548 6663 15843 16262 18906 6766 11956 14116 22773 3560 23260 33628 989 33916
396 10 118877 1408 26511 23819 29291 38681 37959 10430 6423 63 11759 30465 10502 14731 7538 4446 5047 9338 11974 15216 12908
397 10 157685 19155 35161 3259 32654 35636 29645 22923 2798 5931 34122 20482 31374 34458 27427 14708 26574 38595 20586 1960 19638
398 10 174319 28039 5850 23977 6479 37056 31991 38430 8664 17718 23948 6228 19261 27742 1553 2596 9173 30185 23651 5928 162
399 10 111744 1475 27827 16506 11111 27200 33035 5374 15421 9811 7910 16950 19150 30750 23694 27538 34475 657 9575 3420 9227
400 10 170185 27008 5446 13790 18075 37668 20910 21312 35956 19390 16057 13436 3363 4701 18673 38684 5616 3151 36471 33592 30693
401 10 182347 21837 17411 32293 23371 33191 35646 495 28437 31519 10080 25796 19012 4189 6157 37821 13188 35991 36241 4802 16081
402 10 154384 30195 16653 21030 17139 2571 4472 28266 5599 12692 21608 17897 21194 30002 20858 29534 18219 11857 31963 8936 36468
403 10 120063 12086 22803 23551 37063 5336 33238 26589 7719 10808 28135 12054 37582 19316 1257 23430 5745 11483 28770 5426 11744
404 10 184454 36086 27485 13239 38199 24512 8035 30107 24035 24874 32422 28477 33383 36241 37025 4681 12506 15035 30156 17316 5518
405 10 165346 12619 5020 38662 19239 11537 37239 12298 24732 23382 2577 15101 222 17694 32812 25135 2120 38090 3247 12165 7762
406 10 132800 29578 26630 28673 26998 1139 1561 20104 21891 23685 9185 1177 19173 2626 18854 37066 9933 4704 27602 17248 6299
407 10 200068 36595 9753 5729 4099 22342 21029 15110 4664 35467 10737 38600 35312 28419 8545 13400 13062 38119 1592 16305 14299
408 10 180580 20071 32551 12328 13118 21585 20714 32619 38549 22625 5095 31545 16589 7370 8695 35825 22946 30858 18096 10899 19804
409 10 131344 17219 16324 9337 20170 19579 7871 15310 3853 11955 8625 24917 36516 26182 15775 11167 27864 21763 399 6752 11593
410 10 131434 11618 15413 37304 13396 10975 31119 19629 37808 1733 3081 8957 28654 18611 26137 5909 23975 21264 1063 28293 26538
411 10 183602 21367 27929 19402 7137 38335 5122 3145 9992 11245 18250 3340 4291 35350 33827 23158 18008 37937 11862 36224 3232
412 10 164405 17985 19643 28388 32057 12659 20040 22681 11791 23156 27847 34647 2227 7163 1615 12044 33092 8187 4456 38597 38701
413 10 148162 10271 100 35795 32345 43 28364 5243 20795 33394 12971 25886 37850 32479 18487 25389 21625 5719 1762 10984 25191
414 10 135639 31455 23840 18820 1530 17168 13729 8085 1163 22963 17320 27158 6486 5051 27331 11968 38011 6617 8680 20264 19557
415 10 135596 10689 25803 26663 20639 3136 7574 27041 21867 18380 11744 8774 27317 27280 3430 25715 25752 14209 18511 7609 19712
416 10 158653 28588 15414 28010 27284 157 6429 2850 17832 20471 14509 34359 31420 22796 9243 22828 36893 12858 30816 25400 3401
417 10 168419 13112 13630 27818 1050 8203 29236 28580 15277 4386 27815 33783 20935 35205 35684 19380 31658 12118 37977 27939 9304
418 10 146427 6024 19350 542 34414 28983 17531 18840 33895 1755 31495 15285 890 10341 14035 28994 1454 35656 19970 36614 9325
419 10 177316 27006 6226 2037 12064 15186 22256 27264 23419 19744 38359 18470 306 25223 21623 32395 25108 22048 36980 32273 13937
420 10 161741 9567 24285 27337 17410 16841 22878 15560 1281 32727 30552 17853 22173 1486 36975 16532 14259 34290 3871 29984 6389
421 10 102504 22203 31706 30169 16687 5847 30909 2478 27070 2480 34559 9507 27728 13127 12686 144 9753 18757 30844 23418 18045
422 10 167169 25192 8164 3140 38449 10563 18680 22975 21670 37500 804 31629 24047 7714 2122 8597 10620 27263 27395 34389 30908
423 10 142922 10019 6831 18583 18463 3719 16604 20239 28974 16514 4374 20216 11878 12412 26753 31322 8344 29997 34174 15632 36422
424 10 137344 3827 34648 24302 33753 14198 10093 9704 9651 16415 31367 4893 30599 11635 4837 37549 13142 36284 23939 12874 16660
425 10 126970 18538 2011 9121 26758 18304 37700 26740 14746 6487 21379 10927 30936 21700 16919 23757 28655 2054 19278 21085 11654
426 10 151684 37849 14035 34928 24561 16109 12801 5906 15335 36370 25539 2622 18285 33763 1761 13482 32508 7256 5116 1321 16079
427 10 200325 22641 2047 22658 24617 35602 8102 24195 9873 5352 18101 37125 17570 16412 34280 22693 26868 27412 18612 36317 15606
428 10 167197 37003 7966 6536 27326 20041 7781 7728 9344 34330 23853 13516 13198 13944 32087 31554 6405 12308 25219 32037 17663
429 10 142320 36454 24144 15029 27406 1224 7066 2443 1733 26332 34227 17495 13550 13445 18697 18891 30097 23713 32315 22875 28636
430 10 154416 12632 11520 26373 35264 29259 11255 22561 31837 17951 16102 20669 8587 6697 32993 13375 19360 12919 1445 30584 32141
431 10 175512 28059 17808 36013 9239 11547 20443 11777 33820 11116 10474 36937 31411 23303 38487 37968 5410 11653 31640 11018 2034
432 10 145811 5224 32751 26250 35188 7052 2470 2101 5763 22056 32400 29807 1329 30780 20549 7833 31857 31882 28444 19279 11531
433 10 174935 30314 10752 29589 19461 22139 3206 31389 30746 574 29069 31611 10877 19004 4573 30355 32744 471 12572 23223 10431
434 10 148494 38521 10200 9834 12066 18944 16968 4887 33700 8405 20611 19371 10606 16848 29976 24958 31912 37219 10891 6631 33586
435 10 192398 35572 6752 4905 23288 24170 14044 31175 11971 38478 23619 32698 3026 6920 2068 1965 13478 28556 31622 36059 17142
436 10 112591 3254 10710 23810 8542 4214 36528 5748 13390 24012 38087 22793 27001 655 34463 14236 21982 36099 29861 5918 10997
437 10 169298 16698 27082 31296 13845 34285 37705 18154 8770 23906 37897 4326 14167 38397 38126 3884 30921 25484 6090 15193 27832
438 10 110394 1987 1298 17814 2054 29048 32088 5956 16881 14172 34694 6233 24528 14221 16113 28460 29964 19420 22633 682 22295
439 10 145944 27553 14442 5765 33846 38298 674 5898 22267 4561 37141 28183 28542 11187 6966 19626 34892 24176 15464 17184 7107
440 10 150932 15919 36564 20735 3887 2363 1014 26760 24383 16561 36405 18873 23966 33334 21084 18559 17637 32030 17507 3531 30402
441 10 129115 21964 25389 8376 23448 18883 36534 8169 20062 1122 37622 10040 38146 5408 16979 37328 31664 31796 21093 18308 33652
442 10 138899 22338 9889 35807 19766 9833 27545 713 13825 5260 25569 18494 8967 36101 19681 5526 9018 35542 6180 4010 6600
443 10 162271 16699 5147 8942 18906 33841 32941 5213 21169 29459 27697 18342 25279 28467 32675 10611 3406 13533 18127 37732 2139
444 10 159582 24186 22038 2737 27153 4657 10629 8325 23222 12317 16720 28082 33558 35962 11809 35472 20643 29894 30915 17846 7289
445 10 113852 1010 11990 24229 35179 174 8300 36934 5546 15733 31737 4530 22469 18720 26351 1078 17132 30814 4809 9094 20511
446 10 189763 29829 29508 22071 16763 26239 26567 21298 11492 33229 20894 30637 6568 26377 5996 22038 15489 18382 29527 7104 23675
447 10 162901 34103 15633 27504 38707 26499 6490 9712 12615 25542 37916 34087 24373 8708 1706 19091 853 6578 13100 11803 18401
448 10 94014 13398 5050 3505 31264 27277 14430 4651 14862 1120 33796 187 19709 10462 13281 13776 12264 27391 27751 15751 29180
449 10 171983 2346 33482 2442 37144 28482 33603 12066 36585 16869 28906 31982 12105 37126 16671 32729 4346 26860 26003 24077 38407
450 10 150868 19275 13657 33099 38648 20046 1681 573 232 7723 27006 30167 37568 7182 29483 26659 28304 26323 7815 17539 19556
451 10 170778 11040 13359 37165 33051 32775 37224 13613 26315 25212 37561 13138 38521 2463 19760 36652 8964 29741 37814 11674 16732
452 10 139267 29764 12157 24980 36971 30182 5248 23933 8052 13451 37501 6326 16879 25059 12861 7275 8972 938 3692 12176 1253
453 10 162134 24743 25911 9932 26526 20537 30079 7803 24077 18920 20646 1180 23536 37394 8140 28403 25894 17472 19236 36284 32997
454 10 125327 4419 17569 3846 25965 14449 3952 31700 8098 27884 24615 895 35803 5780 29035 37002 14271 8439 14853 22245 14365
455 10 105230 2233 11642 9685 1881 17151 5714 7046 18903 3494 5768 37268 12066 21524 7407 115 29402 15879 13653 17143 7431
456 10 141595 4422 11879 5962 38476 17056 6506 4956 12921 16007 27435 27560 13530 17179 6683 36080 24662 18306 7689 29466 33077
457 10 161571 6307 30453 16172 4179 23174 30570 37744 26869 6448 18914 14366 30513 1922 34732 34508 27979 27364 1317 33959 24144
458 10 150664 37178 26914 16771 31672 34485 25538 27106 172 2900 20023 23308 3614 11466 21084 20023 29595 1065 3584 14028 20616
459 10 163459 11643 7806 13714 35788 16205 16071 23005 13247 24743 26913 27999 9948 13223 38685 21685 4971 31563 8651 20544 18242
460 10 175371 33727 26986 14527 7851 14171 21623 30499 38469 34481 6380 7620 31349 18432 342 11432 26315 16077 28459 38248 4447
461 10 130737 18514 2152 32703 12469 1064 25259 19096 23071 9341 24666 4909 13860 12732 9670 31916 38322 5158 19468 27989 10203
462 10 160420 27535 28011 7623 37467 22794 16196 5534 15027 11935 8675 37076 25394 34532 14658 9923 18651 8720 17839 34854 5799
463 10 114831 32040 18779 6687 9021 19200 4646 3574 17502 15194 23936 1501 20813 29105 32871 9061 27894 14097 23280 13080 12315
464 10 141080 21246 37299 16085 28833 2904 7843 7063 16226 11292 12941 30964 11311 26265 31674 13618 37902 17560 19529 29353 18771
465 10 172752 13688 30672 24853 13098 500 5000 23237 10173 18597 35044 29169 5247 25534 21917 35220 17693 10434 21997 34708 30620
466 10 96631 31946 35294 6248 2214 8522 5104 13508 19463 11691 29037 2588 10364 2784 32585 16810 27401 19064 25584 7628 10341
467 10 159105 15111 11663 10522 36623 36199 37948 19117 25037 38406 1078 19717 11417 20955 22490 9878 380 4722 24669 24255 4235
468 10 184908 37813 7365 28584 28039 33695 36842 30546 2254 7484 28672 35476 27602 2321 27060 27008 6840 17148 32093 11061 31325
469 10 196721 13074 19598 28135 32069 18776 30893 8816 8731 28019 25176 28225 2766 18904 24241 35799 1186 29815 9641 36339 14413
470 10 163356 33009 18494 13577 1903 30344 779 22992 7596 37042 3346 8518 18067 10097 37326 485 20014 32586 16004 15545 17142
471 10 144389 32032 31253 2391 14544 173 18226 25650 21011 3776 2558 30464 7750 37771 38189 16329 21698 16769 17703 15132 7542
472 10 170220 7968 36614 8719 38386 3409 794 16053 4983 25740 14609 29750 11863 25110 12721 21496 19018 37255 34146 37276 11369
473 10 182404 36199 17538 9015 33538 36720 26959 27731 6666 31400 36382 5726 1948 30407 18501 6059 20693 14027 21700 30722 22178
474 10 165276 2616 20044 16475 7455 23240 3167 24569 21563 16135 6255 20503 10687 28802 33680 20760 1126 29903 29112 23592 22427
475 10 134816 5521 34714 5224 29409 23855 23581 30792 19285 1950 20016 36191 21392 9902 1400 4601 13534 27894 15346 22590 23538
476 10 117244 37394 33667 13785 20336 426 25328 2211 16070 15667 19006 10773 17256 22916 15664 36492 38288 4946 12742 1946 21649
477 10 177330 12253 35971 31611 5542 37564 24293 20895 14247 27480 30240 10111 2880 25681 7417 550 8946 23505 13611 32013 22937
478 10 175232 36516 23103 17086 7540 14317 29888 32966 5120 19019 23056 37713 14219 12801 16049 13208 29595 13285 28939 22130 38057
479 10 219110 28850 13985 20099 166 33061 25892 25058 10526 6148 25900 32936 25004 38385 8659 36157 27031 17380 19598 35814 30115
480 10 154975 21413 5018 23656 31364 38435 7571 21711 6285 947 37932 3069 17604 37395 4885 17904 613 19047 16048 10142 12229
481 10 152601 26908 24536 16247 9044 30758 24219 35553 12872 8853 29135 17964 9908 2760 5945 19763 34775 15057 19175 16889 8102
482 10 122517 17528 34212 12727 12976 16011 11460 2458 10176 25768 6210 10311 23909 28370 13002 18529 33002 12942 17790 8503 24377
483 10 162996 543 37547 8617 4604 27519 4317 31511 25675 21411 22374 6486 26056 26022 7962 13898 35760 33941 38704 33798 11894
484 10 163500 10916 26090 16820 24650 20769 8441 11328 27093 35099 13244 20999 30503 38668 23485 20453 24388 19697 25655 9627 22992
485 10 133361 8475 14967 10705 11874 20371 10724 11725 14051 17455 15254 24868 9428 16760 20790 7616 18064 16481 7350 32246 36603
486 10 131282 12160 11483 1433 4296 3379 21286 15456 23492 17962 10296 19483 31704 20453 30993 30018 17949 25678 5573 18081 23486
487 10 180326 23426 9950 34171 18137 17175 2563 21995 12637 32735 1655 18769 26771 4641 19252 30941 7610 20446 38523 21109 14433
488 10 143683 22384 9556 19453 12898 2818 7495 2591 14825 19660 2245 23385 18624 12910 36522 9267 19308 36887 34706 30249 5645
489 10 159304 31817 9842 1771 8783 35451 11318 7819 8670 2645 1787 17771 17498 26619 36125 15718 13019 26769 10749 32751 7008
490 10 179751 20173 32761 29501 1505 24900 6613 5897 15066 35436 38542 19135 14480 17484 1245 30004 4072 26576 36379 15583 22541
491 10 139762 23887 7242 20087 16733 8044 5273 1819 3097 35507 13857 15833 18484 7355 21032 28661 13468 12776 16278 20734 16987
492 10 157000 944 9057 14717 37062 21558 37263 27755 3745 26735 13641 27611 38686 18677 11678 36432 18930 9552 7728 12269 12007
493 10 183593 11908 22189 10720 37129 21471 599 30533 38578 6969 31347 16896 18067 33220 10595 23505 6270 36629 29593 37641 35351
494 10 142246 10607 35654 3680 3780 24915 8005 12146 6526 37803 7728 21148 22080 9111 2602 33349 22536 13928 19240 11121 31709
495 10 199081 20942 28411 22163 1452 10651 4393 33763 6485 15565 27202 27471 6205 23182 29765 33395 36776 29290 26973 32430 21331
496 10 141971 5202 25810 26722 2015 11968 1344 38249 32952 14547 22045 2433 7762 6687 6738 573 18975 38615 30319 32468 26770
497 10 165957 15811 12559 27719 3411 17969 9099 2466 11062 32526 32506 21101 29362 34514 11255 30107 8038 19898 29582 5336 31472
498 10 154435 21075 38431 10709 25114 7482 21465 32050 30094 4011 3886 4907 23119 30260 33003 29063 25417 27443 5243 26044 15761
499 10 184969 22898 29071 24054 31596 6834 9048 34861 34599 430 24923 36797 10808 36932 17092 21687 29931 11261 15745 35458 35030
500 10 156857 37718 23628 14190 19456 14976 21529 3626 20136 6258 11871 23882 9197 20043 20835 35496 36752 14450 16928 25433 34951
