1 15 241518 5559 6637 17476 1441 23012 4204 9997 11406 22649 23274 9363 21982 33124 10402 34880 23852 37817 1121 3420 30025 21164 25524 18172 7735 18785 3445 15519 3415 30961 19574
2 15 260584 26700 25405 36209 12904 5012 32978 25952 22108 21202 7305 23269 24761 30578 36240 2268 32080 2681 11344 25313 6271 33946 9064 7610 13213 11512 21248 36506 36912 36973 22731
3 15 236492 20702 7671 8329 16520 22897 13350 2753 25130 24526 27114 9595 37242 18463 28745 17567 29053 26739 27379 31437 17321 28765 5332 20988 30194 18024 27950 20838 7657 23992 35007
4 15 274960 6757 4151 12746 18233 22100 26394 31667 3917 36741 1824 12446 14669 30771 3870 24855 10082 36092 12099 35902 19963 16906 24686 36517 8022 7794 30973 29778 28262 2629 8807
5 15 260819 18729 30031 29894 34290 29896 3711 33518 15824 21400 10053 15936 24303 6259 10366 14757 30605 30806 2488 3825 7263 34988 30319 24534 18382 33722 29751 5084 29797 22676 14822
6 15 215032 10259 24657 17555 30809 10945 26139 1670 24955 20427 8966 24556 33943 12529 25526 6585 22301 31286 9364 13261 23156 19408 37931 29055 33007 22676 27008 31949 14505 16629 10841
7 15 199228 6459 36111 7505 27258 10242 15381 19464 37922 17686 7147 35257 21400 16351 8973 8733 17917 8605 36527 8431 15772 9458 2874 35156 25656 35484 6404 3091 14954 27113 7079
8 15 192393 19761 31927 14636 20855 32548 35800 13680 2592 31223 21628 12836 20642 8613 24413 6074 20448 7845 11126 17414 3234 4770 6449 18958 31834 2711 1986 31337 15534 18086 33177
9 15 195172 4566 27499 15564 23773 17183 9159 14140 15699 9401 34417 36640 19265 12073 2393 8696 5805 4598 31193 33646 19251 16355 17026 27101 14873 27797 10598 4601 38306 11605 4230
10 15 178176 23369 9058 34014 36389 14941 24067 17854 1622 25487 35926 9377 12738 13454 35225 11425 38445 13160 3778 139 21953 24839 36083 6570 10952 22439 32950 2086 31596 3566 1299
11 15 265126 37752 15154 23160 10684 7396 30983 34647 12542 201 16608 34734 10066 8086 3776 37275 25535 251 16579 29939 12517 37980 2 7998 20752 18920 5770 20610 30224 32459 13459
12 15 275685 37274 4624 29919 5833 24453 33855 18266 10743 32363 19387 8554 29598 28241 5427 24980 37631 22905 6739 22879 5820 34201 34987 18303 36967 14539 23018 24549 25466 3181 29662
13 15 185656 6344 7249 8800 20284 6657 37179 18311 16258 6375 4602 19532 11252 8115 35288 16599 29700 4624 13984 30168 26974 24496 30931 6517 1944 32909 16050 15749 14529 26874 34748
14 15 288999 15194 28486 31972 33939 6282 4461 34973 95 29047 16102 33475 2900 35406 9188 27501 15959 36360 32514 23015 7739 12914 12229 26619 403 33283 14547 9004 11465 6204 7712
15 15 253348 30458 7633 25410 30270 35828 15247 9086 3546 15924 2269 30561 16046 36971 21831 610 37871 10829 5422 5223 10553 24221 30705 35189 17991 29058 28549 13835 37426 13483 1245
16 15 241227 33409 33299 22284 5141 21891 15499 33160 26621 17862 23857 7815 17463 735 20369 24354 26111 17440 23960 20197 10559 35777 4555 29731 1276 28014 20288 7235 21963 1630 21926
17 15 256936 35137 5450 24037 19513 14101 36040 12247 22925 6787 28975 13757 8344 20334 1481 33612 32849 25554 31711 17664 32242 35324 30307 26860 10093 8896 17717 11866 34174 34995 20389
18 15 228096 14058 2485 29273 36620 31420 9114 10136 5019 25728 35056 8826 2172 14728 18237 1644 14526 14079 17964 23450 7143 29817 10327 734 25489 34010 2569 9563 32419 37654 16211
19 15 246551 31565 22123 34751 4719 4745 9492 20885 12815 2195 11937 6398 22046 38534 9139 6069 28733 38293 36753 23190 25227 20483 6024 16556 28393 2765 10007 27643 31404 34117 11347
20 15 189072 8839 20518 34800 17851 3112 25241 26594 26141 2157 99 12467 21317 917 20054 29293 749 29975 31688 26825 27392 24763 242 25246 9609 4566 23494 3611 38360 3175 22183
21 15 219643 14498 25076 19199 19955 3871 11141 28440 35807 2877 23996 18735 10842 28449 27624 18921 918 15797 22713 11598 22325 34517 5163 20514 27591 37887 30041 4323 24117 14928 36007
22 15 260804 28672 18119 33848 20299 4702 12598 29847 31519 37768 19089 5206 23005 1411 28911 12034 4579 33216 15111 20526 35753 32036 26380 21339 36091 11464 37363 15374 7745 38562 14723
23 15 243145 17395 18567 21697 37476 20895 11127 5414 20886 33554 9327 38390 11747 17316 37606 4438 3128 17999 12994 3236 19815 35155 36122 5966 32038 30324 34186 37851 14083 14302 33447
24 15 215317 4753 15079 574 8427 1420 29649 33683 9892 6116 17667 899 19342 26032 662 15214 24565 14951 17770 13452 8239 33164 29619 38046 17660 34819 22452 18316 30337 27708 5437
25 15 205939 6329 32267 2426 13050 34389 8397 16229 6034 19176 19496 30578 12546 11565 24664 3465 3232 13507 15702 16986 3120 27274 5019 26241 2158 2018 18049 28539 35165 18702 36601
26 15 252940 33695 35909 25308 35453 34626 32486 14830 32450 32888 17563 5406 32343 35593 4817 13717 20104 233 22344 3907 28479 11668 3215 37015 5334 35341 17498 13330 8575 18619 2895
27 15 243045 16556 35623 4937 12929 29847 13817 20185 22220 11530 26885 12209 24196 36698 15070 36008 33117 17715 10490 19424 18641 19665 30463 2853 4505 26208 6997 28461 19331 21511 14747
28 15 264838 18150 18422 37460 16329 23098 7254 780 12907 36618 4407 38384 32516 5484 33120 8711 4469 28014 31165 24989 14360 38454 26151 19956 29189 23439 8 6047 1379 21464 31970
29 15 275223 26870 12450 22435 38680 29659 14766 35860 22553 30183 2009 15503 24603 5965 35574 9729 24057 34645 8375 9423 35577 22667 930 24932 7218 35274 6931 29191 1770 11693 37768
30 15 254704 3690 3836 37877 6487 3472 10519 30337 10144 7684 28227 27277 28969 24110 6914 9832 18693 37450 38436 38613 12166 34010 21572 8533 5892 7266 26341 34621 1962 13608 35073
31 15 175384 20989 18263 27870 18560 18329 3153 7586 23351 36718 12194 2035 34063 12180 3073 19742 30714 304 14274 23151 25792 13362 16485 4838 38270 21931 17892 6953 27447 3242 9494
32 15 249737 26129 7207 20594 24673 4828 20000 31868 22192 1543 129 17311 10035 22619 9525 30954 29266 27584 12584 26182 37861 37496 35522 35428 13925 18063 8021 10759 37688 814 25916
33 15 221053 36657 14260 17612 17288 3031 17835 24595 31833 8461 11569 5120 24300 24934 14260 9265 9886 21185 609 23358 2095 18958 14858 8876 25472 27180 6550 28971 35056 18114 36038
34 15 291976 21929 34022 23439 11720 6558 38536 30928 16092 3954 13741 37634 37765 37086 5996 37290 18935 31413 2663 36299 24357 28964 8963 20885 16308 2062 24829 33924 30977 12606 37185
35 15 186709 1583 10652 37137 24429 10410 35308 16499 36836 14141 2247 15890 20228 15461 11280 9900 27317 6954 33601 1277 19066 7914 22989 32856 33736 34026 26752 14179 36354 15160 35534
36 15 247269 20952 30546 32490 7053 25597 18828 28503 7589 15930 34197 13460 36098 35495 21378 18720 1953 24720 837 21186 5817 15722 17534 8230 7443 1902 12472 26129 22019 20051 35459
37 15 252913 34291 5867 24431 8391 30985 38054 5402 14646 16787 5317 19237 12907 24135 28357 5394 27796 29525 17677 31197 31099 27888 9841 25153 9682 16037 21554 15397 559 10283 34038
38 15 272972 31469 24614 26502 3879 34286 14487 14912 26424 8297 8861 22010 35846 21092 16519 5942 28833 38615 37189 29990 14258 33478 1904 18984 14647 22587 409 14769 1718 18283 4461
39 15 284271 19352 35349 28793 17360 28691 13517 19672 13238 24003 17306 14394 35087 21770 12145 32540 27050 29814 1225 34753 29386 23845 3177 20786 23068 25606 7765 15471 32481 15849 18157
40 15 272676 2382 5825 2647 20808 9760 17463 29832 35651 36316 898 30959 5464 38599 29733 33853 6130 14192 1670 33376 16636 12811 23260 23502 32912 31067 23203 25055 1928 16495 29503
41 15 231775 32839 15594 14204 10521 244 1719 13190 22664 31863 25182 12171 13147 11210 24481 31585 17304 15320 30835 20868 22784 23328 10853 10011 15380 34748 849 14570 19569 23568 16761
42 15 201196 35064 14297 3760 27571 10136 31913 1529 17140 23932 12581 3833 16214 31886 14297 2516 23798 27107 34975 4683 31944 14960 33450 17813 37295 32699 10804 21813 19369 19765 35876
43 15 265596 12383 3605 38337 8064 24660 34628 22300 1946 23791 22363 26970 7506 32488 8343 32622 28165 374 25757 24308 5778 38256 29416 14422 37201 11346 7109 4142 32662 25597 3676
44 15 223573 13266 396 18313 19590 34603 20190 7199 30162 3241 17629 12442 5360 17346 242 19958 27658 35412 11673 21562 20452 16550 18350 27599 27725 17922 20648 16759 26509 17295 20668
45 15 227972 21288 21058 6248 15752 25672 27497 2091 5650 10996 16581 28877 9569 2258 32860 2885 6442 26957 15094 34442 38051 20795 37104 25061 26087 7686 33494 31314 8184 38396 25039
46 15 238060 13887 31374 11665 9922 15339 36225 28761 28550 36255 9961 23479 32495 3539 3971 26617 23430 24215 25966 16034 13333 15726 36886 21757 32232 31320 8985 12980 9363 16002 32982
47 15 241495 11324 31168 30868 36001 7733 7702 24745 21517 28357 13211 10770 17877 25624 31881 32642 17037 25860 16639 22671 10010 108 37960 34381 32568 31565 29730 1283 33334 13938 21238
48 15 214659 380 13795 22413 21880 29048 4659 20926 34030 21652 27505 32508 365 7808 21098 12322 22625 15548 16478 14929 636 38708 26989 5456 22021 6206 12072 29829 27998 10591 25970
49 15 185460 18010 19498 13879 14969 8067 15181 27300 4556 25 21070 20045 19064 36523 11141 5798 23109 27824 13549 2169 4894 1419 15742 3388 21102 36573 5415 6835 19937 23971 21230
50 15 193662 25503 9625 22008 14070 13054 16351 12816 33219 23111 26643 4870 30774 12040 27793 7131 34212 2420 9696 34320 6085 23916 4062 11443 19855 38094 14957 7775 38120 3577 2479
51 15 213923 6881 15641 33255 11772 24063 28791 6800 17083 33923 19785 11035 5 25789 18479 19547 36862 5770 19393 10683 14955 19129 5837 13945 33194 12874 38547 15044 20443 28666 13889
52 15 244083 748 31371 1409 29540 25096 27441 26900 27623 22117 11510 14613 6006 30693 22016 33022 33064 14604 35575 14064 20986 37695 6798 25022 35044 36195 19292 5285 8545 17641 13244
53 15 230415 4780 38549 24073 16201 23664 24278 25935 34365 9690 22419 32887 12506 18256 34665 19053 4681 16024 34550 38533 11522 20142 9638 13837 13367 9466 9202 20025 32657 11654 18493
54 15 226936 34929 23383 8317 30714 16653 31771 11904 7926 6063 5451 16878 16760 8268 27062 31661 18149 9521 11962 22610 2813 23182 16776 24637 25159 21045 15604 12994 9631 35009 9152
55 15 284926 35725 16445 11161 1513 11737 29321 10701 3426 9757 37994 28535 6181 16639 6898 37735 26675 29742 27511 18467 31858 33203 15330 28454 25254 14470 22100 33227 13549 36605 8939
56 15 210709 30192 36016 13670 1159 4678 4693 13894 36696 11121 31222 9005 38584 35134 20741 28093 24842 653 25716 4203 37064 6302 20202 8940 22724 25731 10925 38467 8887 33304 25164
57 15 239629 31635 6828 8571 9487 14505 17196 389 21603 18380 16254 18714 23422 4491 19889 36159 1051 34457 22424 29875 10346 18813 15139 16315 12741 35013 29907 25151 21354 7069 28458
58 15 176882 5581 26132 19608 34905 12035 13767 17892 36955 4821 23092 7717 13898 33974 8671 18217 34563 20681 22856 26825 21153 8493 18353 22303 13014 7074 4702 2865 22876 13017 13929
59 15 171087 4724 12054 8931 3866 12872 8263 5975 17511 31330 26497 32423 32894 18821 4750 3794 16737 1983 25562 24318 16364 23918 26140 5173 34906 5751 28219 3248 36490 30598 31548
60 15 190304 2703 5655 10687 1135 14601 4729 22895 26177 7166 31041 14761 35539 28518 14300 24376 24538 17767 24315 334 29882 26501 38608 25080 17373 31876 22975 6781 33214 3834 29272
61 15 212406 36501 14477 5495 19258 13579 32339 23800 18132 38479 34817 18550 12774 15130 27908 5965 2105 36561 32168 30288 8983 3897 2843 5056 16850 11385 23031 12972 10068 7850 18709
62 15 217314 10487 13659 35108 2243 24139 37179 6385 3816 31270 5789 23976 30869 11492 390 29254 38514 2384 5146 11390 3514 17047 8186 24593 35158 36736 2220 3964 33899 3418 19725
63 15 214285 35628 3207 2646 12320 29466 28918 4404 25559 21579 31526 7219 938 9849 24178 25767 21568 11082 20144 24607 27781 5666 13255 34420 29510 13597 15898 15223 9168 26704 25007
64 15 195775 14995 13139 4098 9684 26901 33398 13055 14492 33477 22276 16324 30981 1928 19373 37498 32196 27197 20760 7702 12224 5237 10804 9023 28692 267 23260 30606 29727 16411 10717
65 15 241401 25901 32252 25406 5969 14669 36746 25929 5650 11183 19633 35060 24649 2849 17533 1479 36488 33775 29930 37327 19362 17446 21260 23064 674 20732 37782 4014 36399 22918 2922
66 15 182052 15246 29536 8333 37237 18191 9313 15199 10615 5744 1524 10974 4487 21155 6096 23090 33402 24822 9363 232 18803 5047 29170 26835 9047 9089 31348 30549 8097 13060 511
67 15 256288 8214 17506 33893 36091 3688 14231 23997 16240 5183 27324 34954 23067 7266 24297 35316 14753 15588 30002 30495 5186 31882 23829 30919 20755 18819 1479 5130 18909 35017 27374
68 15 292064 6995 13503 21816 23976 4767 7155 23867 6022 36632 27028 38549 24301 31258 22360 29380 34387 3712 26795 27987 17779 31307 22918 32374 3075 24316 13900 21992 24638 30128 30366
69 15 251976 31329 26731 4789 8028 19787 35164 15781 5071 34942 27108 9529 21861 16699 19589 13410 36905 20384 17122 34498 4533 28445 30229 37501 10773 21283 27479 20262 11544 6332 36071
70 15 229230 36317 31301 29751 102 21538 6351 3876 5724 29418 30403 8747 5667 14818 17073 3050 4728 34199 530 15420 31562 21610 12011 34105 3768 10054 21782 18464 30189 5171 14970
71 15 208212 11977 23247 25255 8912 27098 4466 7607 16399 21573 17756 21580 5907 32715 36960 11 37161 17447 3176 33819 22621 2576 15520 26150 31024 17824 30581 10960 15524 3674 36787
72 15 205302 3206 7360 20069 34918 33503 27965 12525 6191 4343 1221 17778 33744 28223 13217 18956 24927 8922 25657 26487 24560 26355 28885 6645 16418 25363 18802 14806 36995 9447 37086
73 15 274858 18234 30492 24758 15290 31002 28728 26840 84 23201 4758 30397 11956 23796 36761 28172 14221 4612 23585 7326 37669 33496 32478 22105 38349 26886 29919 30743 35257 12005 18129
74 15 149245 4972 24619 2110 30782 29388 4366 6822 3326 38677 4383 10160 11852 13898 10579 2259 25893 23488 30066 291 6950 9216 30536 15883 17768 14196 9201 13494 4828 1703 1018
75 15 210191 1402 30327 23362 22348 10937 1902 15357 11822 22360 25737 18776 22949 9214 37293 27470 1854 4702 30824 31157 26999 23528 31815 28922 31329 30154 8398 9159 21288 6239 19468
76 15 247260 25140 9698 21286 9599 1260 7888 6318 12196 29178 36836 38543 37723 26837 35404 29593 14858 33230 33181 28191 1934 25543 10729 12331 7600 372 13258 3077 21873 28177 17328
77 15 210056 11888 13587 29289 7365 24063 23743 12972 30147 15699 34905 27041 11155 31733 28084 17226 38085 3595 9113 20297 23137 7843 26018 12726 30201 24583 4249 5643 4246 17973 10872
78 15 204216 30889 27600 33794 31537 22607 37428 26933 24551 3978 26142 8290 2892 6122 12559 3267 35614 2894 16753 27152 3188 25452 24867 20785 4213 19735 27799 19269 16685 4103 33489
79 15 267838 33549 22767 11228 20470 31609 6835 29515 22364 28271 17594 28472 2251 29634 9531 19686 26435 29673 26190 1838 32170 35192 9876 1799 224 32007 17850 16238 28547 6087 1002
80 15 187892 34780 7699 9984 10729 17647 2965 20661 4015 27871 8029 9899 15601 14500 18366 21058 29092 24155 7746 6403 31156 23912 16819 2604 35318 10086 32083 9242 2020 2063 9268
81 15 251257 6194 12394 36674 18281 7080 8367 34856 5231 23421 11461 14670 32045 36678 11296 5700 5924 31023 11546 34791 25603 4125 31973 27569 27517 12743 8891 24450 26892 14098 5962
82 15 228800 34628 20642 3266 18685 30388 5645 21888 25254 16671 34180 7882 15859 7187 30897 33641 32817 28367 18245 26049 37530 3095 16433 7414 5349 8533 15753 21084 23586 35907 27023
83 15 240782 27297 34205 10591 16676 33740 345 144 15423 12508 36739 37214 9073 24450 7294 25807 31335 28726 5697 15253 38552 14609 7706 19731 9941 10564 25688 2489 25614 37855 4476
84 15 226532 37907 875 28289 7169 30973 9113 8511 30880 344 34770 5839 10513 31302 27078 9172 17299 17602 25238 34131 36393 34825 30918 2409 6220 12304 1817 6038 36138 23520 19746
85 15 235096 11717 10209 5245 35377 3307 22689 23119 17954 36398 30914 19775 24581 8695 24021 27307 18878 18233 25708 1863 2835 37080 23027 8857 25895 16279 6108 37387 16770 38608 15929
86 15 248164 10181 3815 10894 29877 8502 17679 22342 11706 13363 36099 31594 19086 22736 34590 669 31147 31516 35946 23456 6657 3253 14583 34986 26459 34093 18458 35547 29654 27073 1752
87 15 271646 30809 10558 29855 10749 20019 9699 34917 23611 34390 27529 13900 2996 13673 31516 21054 11530 2887 26468 28572 26589 32684 33331 3876 3876 20693 11526 33905 17945 18324 31621
88 15 240108 25824 24553 3015 37647 8768 4897 2969 9542 35064 31810 25393 13885 32815 17885 31956 31220 15546 2042 21043 34037 34630 25535 28284 16288 8837 19399 24395 21263 1597 36702
89 15 168767 7332 33679 28357 11232 796 32974 11345 14662 5977 24001 462 16793 23578 28990 16902 7059 24273 31705 10304 37709 26842 38708 14416 17617 1826 4700 19449 3856 19100 2066
90 15 287870 30205 4582 33251 6335 24928 23932 37881 28085 10652 26316 23863 15155 36291 8893 5715 12591 15263 1817 21503 30999 14374 1266 35611 3062 4271 12252 32268 2521 33762 34922
91 15 200721 6883 26458 33728 12818 11779 21931 12273 35918 36260 1883 34167 28317 24698 10334 18882 5944 2933 11453 6494 5534 14209 32901 6903 25383 11461 34663 10991 11608 19241 22540
92 15 235989 32775 25074 31466 3110 6459 15247 35241 14149 21640 35483 4468 21450 3390 3724 19223 13174 26553 13665 17171 33056 3665 10705 27346 4836 34955 9985 17436 20035 13199 16424
93 15 239955 15795 32494 14382 4420 12789 26844 1837 29811 15373 2608 29894 35856 34950 2555 6492 33064 5418 19536 13861 4585 21863 33289 25162 29325 30958 13957 34330 37834 36840 1978
94 15 277641 2666 3669 21373 4310 11147 15731 36322 9810 31749 2896 30921 29126 22437 27600 8406 21306 30090 14713 37356 14098 13933 15055 36494 14505 22031 10224 16941 29651 25186 13063
95 15 225601 5110 24496 29324 22313 36102 3318 24728 20713 3446 11430 3643 5779 16691 32342 25246 29187 20259 6857 32618 8104 2588 13479 8261 33206 5575 6181 35512 6140 32899 20283
96 15 216510 5615 31512 8348 16420 10568 31196 14636 9142 14927 24544 35540 11528 30415 21503 37769 10207 32176 26396 4506 23815 3419 27668 30297 14644 17736 2333 16371 9947 8315 31331
97 15 180189 34878 23352 7226 12009 30264 24822 3084 24061 3538 164 2459 18297 6483 30995 23328 34337 2617 8083 1158 23422 24561 33985 23934 3991 22474 20354 36566 384 2667 13354
98 15 257627 32041 2697 13900 31606 9136 22086 22215 36320 8881 7402 35953 20547 33209 20498 9042 31527 37016 28826 32383 1419 16248 18341 13506 5147 8118 14505 17961 10176 32425 38137
99 15 227600 2983 37274 33081 21346 23549 23693 16293 31143 15063 17819 25629 24904 14922 24870 34605 25068 26686 8122 27018 3887 13047 9646 10150 8031 17831 12699 18489 15461 5155 22591
100 15 304048 13974 24967 36114 33373 26325 15274 37432 22390 19584 2882 33078 17451 24338 9320 10726 6840 32943 10112 26489 5379 18083 3780 35621 1953 36477 5157 3674 38183 25203 1414
101 15 220580 12549 3195 13291 35460 30648 37859 35848 520 18570 13654 28123 3106 12791 6583 4103 21411 15140 6355 23552 25889 18413 22966 37033 26372 9125 4606 12084 38643 4456 34349
102 15 244668 30441 3881 32133 17547 10335 7269 22093 20889 20884 16340 32740 21415 17258 11433 9083 9984 27619 36673 12643 15785 8425 25499 25758 35346 1243 36160 38196 19214 16984 6791
103 15 282040 37958 9737 18825 6820 37636 15943 9445 28881 10180 32538 9544 37516 19714 30574 33780 38369 19944 6542 38157 20731 8078 15742 28206 4999 15576 38296 33954 24297 31553 16777
104 15 197336 26962 36469 7743 36557 38046 20029 5637 612 6508 37635 7871 34264 12533 29801 22202 26008 29515 13339 31727 1754 26459 23876 10374 15119 5404 22537 526 26706 15163 5552
105 15 205972 941 12138 1390 29681 26664 31178 29465 3227 5648 22350 21893 24422 2710 2868 20866 37847 25114 19542 15413 30661 32595 30995 22420 10787 12934 18742 28019 30212 11393 36066
106 15 232452 22457 5188 4550 27657 29480 37344 16895 26582 33786 8719 19108 25762 3912 24458 21430 22210 24036 9055 28313 30913 9964 29306 18906 1014 32389 2062 11778 13509 13561 15370
107 15 217486 25378 1123 17650 3651 27166 1938 4285 35461 20164 7791 38158 22939 36714 26204 10521 9744 3166 35546 12157 37812 26351 16758 412 33521 27896 9210 17451 18368 4389 33123
108 15 242583 15249 3708 31294 1981 7790 31020 14134 28326 6705 9137 22875 21043 29393 23930 5314 28491 37330 4268 12497 25081 14633 6187 35761 27897 23947 4447 21298 35262 25009 7502
109 15 282668 1795 33193 18161 16555 34751 23586 5580 34497 37568 11172 15775 6910 19951 3188 37199 2449 34407 25254 37444 7961 32207 3736 23305 16033 2488 37055 29027 10982 23678 23159
110 15 215460 17090 32202 19020 2404 19850 22875 32228 38429 4812 12489 3733 17281 31574 32403 9227 33516 8482 18533 26404 21332 29383 29195 18205 1687 8445 7758 18587 23750 22285 15351
111 15 272273 17236 19518 24783 19313 23029 18025 16945 21541 26720 25267 19470 36812 36791 36899 29317 10868 36019 38265 7469 6303 25621 19740 15631 15531 1358 23446 34111 5517 25842 15819
112 15 171964 5904 28748 5638 1815 1643 29717 1815 11517 24984 6301 18516 9553 10036 33443 23871 28772 15627 2939 3085 38127 6053 22762 12443 2874 35720 2127 11046 8879 38574 23243
113 15 181812 2396 34474 26137 37254 9250 21038 19256 26593 29626 31827 11194 35554 1805 19740 19171 12649 30207 15067 10288 31377 5439 15755 13800 10518 671 3668 14735 13783 33290 37350
114 15 197009 6203 18460 3622 18844 476 25560 1562 19983 9131 21069 32912 10709 23676 25147 12156 37085 18942 13203 6112 35925 20967 5923 34843 24305 27208 11754 32070 18625 16382 14357
115 15 140728 10413 36751 13629 4188 29650 16650 11676 1021 6033 29760 15334 31769 28640 4186 2174 2003 359 3273 12861 24000 24198 26753 6160 32329 1750 865 869 20249 12164 28357
116 15 180079 9253 37400 5551 34641 29374 35008 10721 22247 11412 1540 12418 10353 6337 18413 14315 8850 33312 10128 13154 2 36278 19872 10751 20918 4701 21254 7250 36606 20272 26938
117 15 216666 30903 5708 3150 37712 14870 37539 18644 32315 5962 7835 6066 14872 31738 1160 12688 27749 6835 29551 17201 7046 8849 14861 20521 9566 34856 26020 36211 19696 22339 36061
118 15 265968 18107 1711 21847 827 20580 15491 29118 24906 20537 31531 26693 37040 4288 5504 30519 17511 14206 34614 16377 8474 18087 32572 29566 15300 27731 29916 29904 10505 24901 30760
119 15 255674 19759 28149 32546 37379 25660 7174 3018 21458 22788 7922 14248 33762 26414 6654 36603 31768 38338 4650 24457 6586 3909 34916 15929 23991 4241 28752 28764 15225 22919 6789
120 15 159404 32988 38330 5370 23972 1165 19942 21669 1988 6135 6933 12786 12530 12902 36772 4345 825 3177 19715 14726 28200 5773 27264 17468 2638 18997 24120 18891 14290 22863 26346
121 15 251892 37885 25501 20323 35708 21790 31814 15257 20599 12365 33125 38512 20417 11654 19297 17094 9173 22755 35243 24254 1341 1574 24039 24994 28959 18174 4387 29252 38653 18982 28986
122 15 265936 20596 5376 5559 6872 6935 4966 13717 32099 35951 35580 18896 9633 38395 22049 31360 22324 18747 6053 20404 27890 30927 5303 25240 16709 31861 36807 30988 19019 2845 7731
123 15 260328 22323 1725 20312 34340 14395 24536 33957 7397 28287 30346 2447 10460 32752 568 2182 26064 29234 14443 15012 19343 23810 14792 20277 37899 11240 15234 37279 9580 31903 19194
124 15 185748 5139 37155 12616 7508 28141 20109 17629 8387 23721 5555 7177 17011 26539 17396 15147 34460 19916 16941 12042 35373 2364 9794 36979 9835 16825 22306 1669 10979 6282 25006
125 15 274630 19270 21328 26015 9690 38470 29915 18492 31232 7715 9140 26493 5417 15062 14204 20009 950 24592 30065 21830 16187 13231 18915 35109 6459 32761 9092 21199 5152 23040 4235
126 15 238052 12911 16334 25613 2715 38008 18006 14105 12682 27216 12551 28555 24321 13507 33658 8055 37051 30865 25953 6430 20953 3204 3031 27725 13729 17742 1912 38656 17044 4973 24701
127 15 266585 10666 37126 27295 2074 28097 609 24506 26329 37641 3579 24873 14633 21617 32176 23295 26613 6541 3881 13735 2271 27117 32667 23113 31992 11808 25274 33598 10994 19330 12083
128 15 247543 16749 36416 27841 967 9812 24660 11391 12043 12043 8611 31119 32672 38319 32921 20443 28377 4764 21724 32009 829 11986 7961 35689 23126 764 22257 38672 15815 17828 6535
129 15 229838 35829 22307 14805 13221 2546 10811 17402 16915 34317 24185 6061 562 29033 11887 6209 10132 24210 35544 19614 10461 21845 21177 37702 32002 6518 5320 13431 8717 17776 17540
130 15 187372 33600 20510 20679 18887 12262 16994 3852 3670 7830 10210 12602 10491 6203 14462 31298 21537 160 22992 1500 26658 38284 28317 25418 38149 21982 18288 6046 37886 12499 5911
131 15 227420 2129 22396 22032 19180 866 2069 20691 21254 14707 27381 20874 31618 24966 30340 13574 4595 14137 6435 26535 6676 35847 7425 35908 23727 5498 18079 17396 38659 29115 6634
132 15 204752 2438 31594 11023 3151 22290 9122 16541 12515 31005 10179 14105 4685 26426 1321 22650 22570 90 29576 18424 37969 2617 10209 3937 8111 28646 33588 19210 29499 36538 33609
133 15 243318 15596 23405 18897 37052 30660 5421 26465 1084 22166 15094 2670 24405 26797 10899 25071 13745 23953 18703 30033 9600 3743 14947 1795 33192 33695 23943 14719 1615 27888 6029
134 15 213213 1457 3732 6866 36645 10339 13853 7155 37764 11760 29857 32030 27454 8202 31158 34474 22379 28357 31692 4437 16869 15541 34475 36703 14901 34469 7888 29256 19249 5471 24770
135 15 312540 17706 12884 34585 1438 29578 16363 36708 25347 33831 20658 20018 9199 31465 29853 35334 8004 20930 25717 35289 8595 29057 16045 36111 34505 25110 3090 2847 37534 2106 19395
136 15 215849 17882 21982 21196 32611 19582 6673 13515 16690 22417 6264 161 16826 25513 8288 572 18618 32227 7434 19964 31102 14584 17370 20204 19225 11451 26939 25855 10411 24689 34954
137 15 220848 4797 27062 35577 9238 26058 16711 29181 1583 17732 47 26570 5942 7863 22075 3938 19423 28121 12433 32040 25869 7190 38062 4870 24603 36074 16951 6618 38288 9431 31253
138 15 224505 24517 8953 37174 9917 24364 25577 6325 31018 8479 17362 34412 20986 13301 18489 32512 14930 6071 31038 23170 5086 25038 41 17241 33991 21091 38694 522 1354 6415 19992
139 15 266127 33930 34694 22103 35455 21787 14310 14006 2386 27479 17059 25727 33604 9653 19138 27743 36524 9328 19816 20069 294 13424 26691 29493 1179 32984 21518 38413 13247 6520 1421
140 15 207520 2320 28 34518 6921 24800 34647 8189 19897 19382 23329 8398 6009 16950 22265 9194 37538 37380 30586 13208 11657 26883 5796 532 20088 13979 8685 6562 32338 37106 1886
141 15 135054 336 36372 10917 36397 16989 3741 13081 29415 17770 7673 13468 18365 3935 2917 8820 11463 18888 12091 23963 33350 16681 37937 1510 36810 10965 8719 1144 23077 10351 2847
142 15 226070 10709 7607 23550 10788 37350 16064 398 21517 18645 23667 34761 34179 13646 18514 20304 2602 28932 25640 31836 20363 2552 36459 10625 1180 34898 33470 7658 20205 6724 36531
143 15 229569 25163 30220 17783 21982 33544 14128 11844 8680 37574 19078 147 30375 13749 5386 29459 26215 9552 14343 20802 32794 5129 20424 33956 24588 5921 34715 14678 37433 27661 18489
144 15 279168 13822 20224 16123 34922 29215 37801 27115 5469 10236 14700 35734 27479 34820 23446 15998 1116 15860 31787 30631 19373 11966 34597 32673 9127 21649 7854 15693 15201 37426 29571
145 15 316563 19928 32619 30242 9746 32150 26591 30588 29251 3347 18115 36252 30316 22752 7882 36012 34370 13864 21968 38572 7545 32673 5383 31538 31135 32878 483 10630 19404 24278 8161
146 15 244966 22206 16639 10440 38541 19040 36037 36071 15476 25229 3718 16608 8839 1818 27093 26599 10924 24539 4558 22359 22110 796 11979 37697 32536 30946 18004 1333 28937 30527 13718
147 15 200336 38694 5659 7417 20619 8525 15307 31563 37 2967 37084 24620 12496 35477 12967 158 10472 11841 2014 14670 15677 30747 8498 22193 36442 5845 18418 13410 7664 2294 811
148 15 223010 27189 5048 5410 29603 844 37930 24930 17100 11482 31372 26655 19647 27495 10758 176 20394 3812 25935 16922 8946 33556 38538 34062 3710 25209 15828 16318 23834 24703 19473
149 15 238709 15267 25668 6567 17400 211 17922 17270 27871 1699 16684 8135 21943 26690 3939 11673 36284 38093 38133 23745 11828 18209 34777 25916 23683 32045 14662 35881 8783 36986 433
150 15 305317 17399 9814 4291 20724 28119 2859 32080 15026 27470 6937 32607 551 33526 18767 19724 3348 14963 4503 27643 38285 37130 18030 29815 25973 35540 2747 25871 6302 15469 24321
151 15 242671 2378 32156 20742 17725 6480 10640 31188 22584 12478 11769 36915 27544 38678 5826 9483 24409 13996 32553 36510 33473 26630 29939 6063 31826 22885 34868 13264 9054 25649 34544
152 15 288312 18779 23844 27905 11872 27137 5373 5125 2292 17176 24317 34420 30848 19677 21444 26550 12761 30498 2706 32704 8312 20003 21214 34804 32754 20650 34760 25806 22777 19156 5021
153 15 192042 6219 1041 17462 5725 6752 8712 19921 33048 12470 2198 15279 25959 35556 4126 636 984 25573 34159 664 37366 12121 7349 35250 10904 21162 13532 14990 9512 15998 31719
154 15 217293 14125 5953 34446 6538 25469 16345 6314 30529 7740 8669 10694 32992 36146 30558 30795 2697 9981 883 8651 14588 8429 24054 4398 14409 35059 22031 6506 128 32864 17233
155 15 260666 27413 23229 1354 27132 25097 37753 34594 23505 6612 33098 23503 23029 21909 20383 26073 26990 21460 12609 38688 13133 15364 23246 27538 37051 7936 7689 12284 16828 36008 609
156 15 222976 15841 24563 12902 7999 28168 21706 21678 7152 6271 11127 9585 6596 21866 5493 2884 35985 30255 4668 36543 34110 16578 7252 7966 23916 28804 4157 36603 4606 2776 32647
157 15 234192 32407 21118 12776 12249 30226 22073 24779 23760 32893 27389 23796 7678 11655 7422 7083 16062 35403 36577 16752 2380 5816 21565 12580 5899 12768 38137 12930 5896 20877 32007
158 15 288890 28165 20502 38074 8858 32281 8350 37120 38299 24066 658 23428 34459 7821 34245 28005 10911 30886 6443 2603 35806 37053 4332 10934 23786 9373 26804 14934 38563 36370 15935
159 15 214888 23160 19962 16875 33571 27170 28651 27686 13607 104 723 9571 15962 12616 29635 15843 8455 17424 3383 13480 811 13113 4960 20813 36325 18391 12919 14089 33278 38276 30865
160 15 204507 22573 8522 214 329 11251 8479 14441 26770 22354 16584 31827 9862 5716 2851 32600 38709 10704 18569 35518 18788 3555 831 14301 18643 21146 36312 27032 5171 2402 9309
161 15 213509 24692 14696 32146 32370 591 12007 24108 21025 36615 20368 38313 32493 5528 5027 7837 19465 22872 18662 3276 5788 7699 18729 24202 34782 17732 34195 13340 23783 7936 24316
162 15 222147 31540 792 13497 22137 32620 7135 1589 18249 8413 10796 24519 3813 29100 9798 10837 23563 17121 29653 36657 1051 12511 6856 14381 37064 19842 34535 8145 7588 16912 26859
163 15 211481 35333 1737 28371 10554 29948 24154 23547 30044 12613 11503 2568 31454 3001 2932 15039 18186 2800 15979 23925 21532 17822 14593 28441 37823 5935 18288 19078 6852 15931 16899
164 15 169628 17011 25235 1606 5484 5706 10631 26005 37716 22282 22483 14591 34574 24910 37766 4997 25637 1560 20596 23010 37339 28993 9973 25461 31140 9559 19232 3677 4772 2667 11124
165 15 186557 8994 35685 33373 32951 17865 4427 3614 20871 16125 25661 3977 26376 15092 16996 29534 19533 10610 37651 11289 15208 2891 36902 23251 3871 34908 5987 8977 1008 12697 18536
166 15 193277 31256 20414 7546 1738 19389 36718 20347 29947 2043 34949 4881 14158 36226 34386 30459 10482 28027 35540 637 9746 14156 38047 2915 26726 16395 20421 10185 480 17135 17518
167 15 275044 31714 29215 8067 10606 21183 2348 10741 27493 32103 13218 30058 33025 27129 14467 12145 14189 13964 8432 29721 22965 9794 19378 33351 34821 31629 17791 31461 20357 20745 31017
168 15 222548 33080 10727 14531 35122 3311 27204 25029 24562 8306 8339 29424 7919 31893 4878 9070 11676 35034 23606 448 12233 27496 3039 6552 17314 30912 29647 10157 19011 12942 15733
169 15 236167 25754 33765 26978 32750 278 26051 3422 9830 10017 549 31654 4674 22476 33864 32245 27309 38712 24058 25054 5509 13541 7145 12297 20129 5085 13265 24907 15294 22789 32323
170 15 219548 5612 20676 16973 34580 35746 2929 25404 36032 16866 30885 16683 38360 23777 21451 5610 32362 20041 37430 17009 23722 6767 21007 23132 8484 9501 23143 32215 7253 19099 3212
171 15 218266 28179 4650 5373 7864 36133 7879 11645 2838 25769 30504 1262 15028 12313 28684 6746 27872 22606 23789 2546 1999 36337 24603 29424 9460 16802 19796 28831 15530 8867 31459
172 15 255075 17345 31566 13991 26903 16910 31911 25096 8968 10940 28428 20421 29841 37081 5331 17270 29962 37437 32049 29276 19036 24602 14164 32575 22828 14477 21162 2357 28398 19066 27223
173 15 227203 15648 32159 32651 33350 13869 24901 1431 19143 23501 4483 7606 969 28065 4720 36024 24293 37127 10744 26850 34739 8520 22719 23314 17879 7024 5463 9425 17817 12949 1427
174 15 282796 35601 14345 23232 4145 38002 16773 38185 17678 15416 8261 32000 22273 3088 10354 16085 9679 22903 20873 2588 14689 35126 33196 9697 34982 20451 34048 37205 2720 23916 22559
175 15 160149 22570 24908 2880 30743 6737 5523 18055 37206 17696 1835 29987 17174 20655 5202 8639 7936 11034 15310 11599 26110 14153 26622 4529 11724 8834 22071 14145 33214 8674 14541
176 15 211119 23574 18171 7992 37391 5611 38189 6207 34166 19661 18186 27208 28881 19827 31517 23672 9978 244 31234 19616 26734 31308 9275 22573 16433 24227 11989 18837 3600 13342 6154
177 15 309053 36026 34312 31001 14850 21850 11783 31698 2496 29497 28670 31595 26857 12230 1323 13219 2765 28324 37936 28363 35923 5401 27357 23899 27143 31495 1242 29458 16429 32261 23951
178 15 233704 3475 25031 30468 9647 28996 17094 31209 15418 26960 22863 35707 24348 2428 7653 26283 24475 10796 25961 4430 19315 16402 13654 11921 14226 8202 36510 35825 8106 19028 18396
179 15 274012 34562 28603 21589 8346 29297 17252 20941 13634 20043 4125 21245 18713 16319 17714 5569 4332 30522 16736 30070 23875 7357 6515 16483 17634 36681 19056 24432 5846 27406 22166
180 15 229919 13286 25798 2078 19012 18728 19741 36425 38175 6804 13719 2635 7864 18637 30629 35732 24105 11804 34257 13620 18568 27602 17548 38551 36157 38085 33001 14921 36858 8491 20616
181 15 224356 31300 9758 24457 17555 5707 22024 27197 25510 10800 36223 26733 19345 22834 5690 16541 31984 580 25372 8227 31851 34797 26843 21431 10069 16937 9841 26176 18906 6728 21659
182 15 212918 18037 28517 12354 2871 15939 37194 2732 31723 23321 15401 34157 35547 17681 12515 17579 12458 9083 33049 6646 2331 31069 11668 21541 25499 17999 31042 37068 36713 942 3838
183 15 246393 32365 1834 37524 19997 30974 15472 14703 30785 2644 19548 1538 13843 2047 29590 8268 20887 34067 35003 25662 31688 22602 3492 32024 22732 21053 22722 28933 5535 13588 37391
184 15 241034 7117 20469 13581 24558 18930 36290 21502 10472 34314 1960 26785 842 4458 35599 21819 4291 6589 7451 36008 26291 23583 38481 13938 34784 34681 22811 12633 28919 25355 32259
185 15 232245 35526 26246 33383 32987 26199 1258 4249 4799 35437 4175 28917 5924 10658 29269 1868 1594 26371 23547 19218 1387 25008 10895 16997 11002 17266 2387 981 30517 8229 37279
186 15 220078 15570 7106 3252 19428 10349 23662 1635 8736 30854 17369 16951 7573 31452 30132 7590 34547 34825 21252 21377 35965 26237 1142 22428 27748 30631 37852 7593 19316 14354 16842
187 15 256320 37683 17755 23660 9189 16598 19350 4043 10769 27605 13204 21088 22662 1093 548 31603 37 6642 31256 219 16280 33695 9374 36790 26915 31948 26100 24964 10016 22770 4560
188 15 236218 132 33722 11452 27768 25559 32841 37053 30513 835 33293 26584 21700 9029 17703 745 24230 36441 21477 9441 34911 32406 8147 27624 38149 16798 3878 26486 16473 34688 2456
189 15 239868 9963 20732 11837 11117 37829 21475 6797 9829 35536 38349 38057 2521 25247 23375 21215 38275 23505 3011 36844 14900 32551 26457 612 17905 1652 4747 5514 4004 12677 26046
190 15 240778 4560 9785 14524 34357 33158 12828 13172 16742 34460 26737 14892 18835 19820 24840 37576 11930 13793 13463 27564 2627 9395 3768 25662 35647 15719 38306 13156 18546 23522 35278
191 15 192880 12783 9305 34807 8429 34935 15517 22973 23863 10833 12264 12958 25642 10995 20019 8983 22878 15316 16989 10564 32399 9429 17739 20677 37398 12517 13801 8907 6142 14423 1168
192 15 235151 19437 7264 3616 483 26522 4505 22838 3356 6245 8335 29655 23792 14856 37742 35185 12307 5804 13796 18451 3778 24308 29915 24113 5790 34020 8345 14585 4068 14304 14018
193 15 249119 38516 7211 12341 2783 17418 4173 34815 32506 12078 32832 21158 22417 8139 28893 7554 15442 35022 13036 19416 17153 28871 21620 33831 30290 14274 35101 17591 33121 10375 361
194 15 233198 649 19335 34279 3940 4411 23819 78 21841 10377 36112 35452 18421 21446 11172 11299 90 30436 17850 25404 20170 23864 29701 26787 31396 4429 6788 34945 14841 27642 18665
195 15 253564 20230 16852 31570 20633 16098 8473 32260 19452 32069 10195 28921 17789 19046 2610 16785 1591 26030 5633 10764 17875 19775 26563 20053 6496 22855 16925 12656 3512 7843 5123
196 15 255344 33536 19988 2463 28202 16675 19181 11051 6491 12849 36008 17284 23886 18778 22970 23331 9258 28602 19963 14580 38084 36823 29788 24853 10195 22586 15372 29325 27605 26445 26232
197 15 197819 2411 38000 30661 5262 18787 13719 17489 10060 16323 5000 30658 12543 12711 6140 403 38443 1756 22365 2676 9538 899 8943 35293 29900 36753 12268 34861 19805 5593 4488
198 15 252662 28163 24135 29092 24783 12454 21256 27318 31993 34974 1997 26023 11083 7570 25959 24567 19837 8225 16676 1221 2897 23685 29511 14412 19 15346 38125 36064 29822 26714 11403
199 15 278271 17259 15554 37016 27922 29124 7809 28788 28639 16155 31418 32111 19512 749 381 29593 33444 19410 37730 10723 36432 32508 16059 23448 35769 34159 17341 27615 31250 9181 28757
200 15 211412 27999 32208 17807 32112 22230 7743 32689 33813 19402 5886 19949 29249 14100 22221 7788 21110 2137 38024 25859 13450 2516 24867 16295 37696 25769 146 13375 32182 16351 1771
201 15 195787 28904 16540 23880 20643 5498 6938 4675 19824 23904 10346 33068 25415 7876 23128 31126 32571 33169 35168 13249 32851 357 13836 13336 11507 1233 27768 18716 3212 5743 30769
202 15 250179 16465 15856 30148 1055 20245 9489 32187 20320 22113 38527 20270 29165 8740 15642 24249 5695 20251 8825 5340 25502 23876 31060 22829 30221 31103 37973 26489 23441 8419 15455
203 15 180193 13254 19377 7078 14689 5943 23328 22861 21747 3487 4772 8558 8014 4383 12437 1202 6701 33836 34820 6543 2426 32021 33869 13511 19026 5069 12273 28926 2964 38570 8013
204 15 224874 8885 10748 16451 19325 10029 21123 27773 10042 1491 7865 14165 37555 34771 33881 20256 2896 15147 17900 23369 6510 16040 37059 24392 22024 12850 38174 17421 18893 38053 6126
205 15 232296 19697 33852 28708 28320 12134 497 32044 15025 14279 20966 3998 5205 19040 30645 17675 30669 20699 18189 37018 38625 5399 29124 21508 3440 12336 33007 18944 19306 26891 20725
206 15 232137 20208 2490 29465 24154 25723 27614 24771 7576 12484 33324 14792 35164 24576 15865 12576 14092 35268 21756 21787 20886 5785 9287 27276 34829 17449 36217 8030 9417 9982 30782
207 15 242046 33446 21456 29448 14729 31093 33487 35318 35170 878 489 7589 26876 35741 27236 29021 1685 8657 19 23696 13289 26653 38584 16207 37775 1405 54 15945 2226 7461 18271
208 15 206985 16718 14491 4044 38341 31648 34249 3525 29427 8948 8945 1303 35838 36954 32762 7643 25633 28985 15269 30565 887 28555 14186 21813 28898 14608 31623 23088 4904 335 33134
209 15 225168 14546 32378 37333 5068 22357 23611 27411 20445 9285 27494 24832 5158 7710 20926 26102 6004 13788 33268 7777 8657 21712 15011 20049 11799 18868 24524 1712 10850 27978 3682
210 15 267576 9539 14831 25777 27283 24007 27239 16312 16890 10904 1086 26535 8999 37593 4798 20109 32256 20324 27902 37032 21989 30227 19812 34520 2227 2864 26732 29504 35415 9223 15487
211 15 197989 1967 3151 221 31593 10679 32828 36371 16946 9805 23905 29636 517 35966 29829 7371 4550 23498 34352 22869 24492 25818 2913 2400 13075 31501 12348 459 23803 8926 17687
212 15 201920 2424 17894 7936 24745 11335 21268 926 27396 30205 32122 25938 36250 27438 6240 30510 14626 8011 1450 28358 24809 17154 16836 8690 10095 31029 1685 21427 4870 1020 30175
213 15 179201 4419 38432 31652 24204 19631 25635 14752 29117 15248 9548 14159 17616 18106 1081 11665 20060 5151 31954 165 32499 549 36277 14272 29412 32650 13154 18666 34570 22917 12898
214 15 239182 21470 19659 352 14933 33137 11446 30410 11234 14009 19419 30817 23100 38103 16447 12726 433 5792 8256 24252 11295 2653 24829 4058 24363 31581 38008 26133 35874 23485 17921
215 15 199665 22253 27850 8334 13059 7542 35099 38484 14518 28528 25009 8578 1332 22466 19200 12769 10036 21931 32691 8270 7726 26309 22129 6796 29574 12733 1786 12119 6612 12470 9525
216 15 254189 26508 9308 28852 5572 20494 10713 8947 6140 21631 25680 15483 25150 30106 22579 15050 17091 30292 29091 27850 10302 30121 33437 600 11433 36876 1564 2769 29883 22158 1072
217 15 228126 18229 11513 5950 11218 38547 14638 76 33523 22296 23562 1637 8404 21171 36 25910 23699 4904 17180 23286 2978 38506 29003 15821 1343 7298 35209 31264 19622 30263 18178
218 15 250010 13010 23595 168 2748 26922 1875 10916 33699 13269 10986 20448 16099 20533 7419 14454 12793 28550 5007 38013 18342 13552 34194 22808 9172 20719 26315 36194 15959 32957 21815
219 15 228850 19627 7172 37684 19190 31761 12671 14057 26733 27437 2563 19674 16513 30479 25332 19457 30117 31328 36751 9846 1495 11792 8439 18311 31861 2802 12480 8897 32700 2911 7570
220 15 265104 16845 11282 1522 31570 11630 36916 13723 20830 252 37151 37814 11066 24663 19359 13710 20258 29500 12481 28146 10901 38487 32038 38471 1029 22009 32959 35074 753 19535 24913
221 15 250270 21561 14753 21426 14486 35788 17249 16353 29579 28730 24875 29993 36093 26253 3943 29739 16243 13602 10838 12048 15392 4677 22631 29592 27311 20671 37709 9169 28679 13236 36449
222 15 211581 22468 5802 36632 19815 5291 13720 28426 37329 2129 11509 19453 35786 10750 617 16650 3065 30909 12697 12907 3829 10810 15895 12891 17609 14561 18147 33602 25292 6998 7023
223 15 272498 36494 27990 7619 27906 22040 25734 36450 1697 36820 22348 4342 4556 37395 18218 13327 8464 18418 14481 27933 28582 10022 18061 29927 11980 13263 32594 34681 21771 11892 37955
224 15 190156 9301 22572 8897 31107 9300 37820 3567 33598 4953 18394 25004 27131 3926 8374 35300 16853 1992 28520 25369 11139 6061 11125 15324 2061 25711 7414 37777 37360 25213 9155
225 15 213269 17163 3462 11866 27422 37569 31788 26950 1575 12592 15805 7719 24838 32257 4747 14552 7418 31615 35767 8473 32947 5941 8358 10689 28060 22978 15693 23580 16418 2643 29798
226 15 256288 26016 13089 13113 5522 25848 8504 12471 6165 11960 2682 34513 31452 30034 33580 32506 27699 1043 16794 27180 26688 20328 33651 3697 29927 25956 5322 34331 19768 21365 35636
227 15 252188 25462 15404 13147 24986 4048 32546 21803 31702 29645 2593 700 6899 29881 8667 34910 4787 23379 144 7034 32264 6196 29152 34299 16866 28271 13197 29450 38143 27010 5083
228 15 239068 28066 12721 11661 28765 33612 19662 30365 12321 14969 34812 22667 37720 12507 24236 30032 31471 8627 14761 15980 19552 16083 19796 21479 34820 1999 27199 37279 32565 13509 11892
229 15 252814 2438 32692 26316 23679 9429 6646 29440 3469 38051 28563 33952 14151 35841 14631 11426 13655 17733 15543 3964 2543 21941 25105 10651 18791 38247 26 23380 38160 13209 35610
230 15 154710 15785 34599 14443 8795 10033 13786 17539 6026 3767 25663 25538 19563 6772 5572 9824 25779 17601 23705 17853 282 3193 26179 13249 14506 4345 3618 20040 26656 13406 13769
231 15 180469 1575 6946 8521 37139 10156 34668 17624 7248 295 32015 15647 5051 33492 9949 26152 13870 8460 1475 27317 29000 17764 27840 9276 16781 1092 23168 37368 23929 10848 26583
232 15 243130 8856 20868 7787 38210 35464 10479 25987 29395 20202 26824 28667 4115 15162 10258 30294 12462 22963 30423 5018 34205 16326 29486 19529 24223 36314 18906 29401 6196 1943 22731
233 15 172454 23994 19388 23978 25260 7279 4028 3954 31236 13995 25436 14159 16934 18348 12686 24238 19117 893 30310 9318 26228 1683 4166 1336 29425 32617 1127 4871 29747 34905 905
234 15 258086 30175 7545 33035 21590 9794 25119 7349 11168 23852 11344 37555 37374 3492 33520 37590 2623 25858 29209 7366 20433 15269 11001 5080 37316 30229 26591 18142 37863 37822 28396
235 15 171554 5920 33591 13402 19015 25571 25475 11218 34743 26929 7205 37246 31652 6512 18231 13398 25354 4815 29942 22256 12025 15886 9627 2914 27263 6734 19806 14218 32183 7424 14492
236 15 253940 38435 15445 13376 35878 7565 19162 34113 4788 6507 19346 27054 29669 35101 28940 8073 32253 8822 37877 25480 32111 3349 21336 21557 33484 30236 25889 35407 9270 22350 13792
237 15 248664 22645 8404 22093 25899 2116 7472 1488 8634 32536 4617 4295 17003 26184 36054 34762 37609 24475 1362 22169 13422 34535 10193 2786 31519 27639 25754 26967 23450 26140 7806
238 15 208964 36053 35886 6652 7937 23136 29525 21176 38022 8387 20846 30377 33760 15954 1962 8170 13541 25555 11250 20838 33538 12065 34352 21060 6926 5221 15956 25766 21815 796 37214
239 15 260648 8478 13869 19318 33467 38579 24721 21769 38604 24996 10028 24305 26661 30941 35200 24745 23758 12506 18603 1850 29531 13942 25679 36630 29701 31615 25927 9019 6392 27118 1933
240 15 217276 2058 21981 13763 13259 19143 2997 23926 15906 16188 28635 34498 32469 27293 12615 13255 28071 20794 8609 28609 9245 8825 32939 13547 28019 13851 20537 11345 34523 24501 11990
241 15 264440 28268 27469 35125 13717 12056 29566 20978 15441 23653 7349 21551 31200 8328 12025 37576 12752 21993 1495 32445 25048 7246 18255 30640 22715 3020 36019 28792 23604 18879 23197
242 15 267896 2026 21447 24318 10409 37219 30644 25753 6744 12347 8170 22105 24789 14070 30434 37555 9384 10250 13926 13613 2744 25416 9668 10610 13343 38169 34272 33018 25835 28402 30160
243 15 232387 33017 30992 11687 6379 26076 9476 30769 19704 9248 4994 34303 36962 10380 36067 17922 201 7407 37441 36547 10533 20817 11420 2005 2599 3683 11809 29902 4267 16721 32681
244 15 279620 34091 23743 33491 8761 18439 31433 9590 27965 29699 226 30630 30810 27811 25246 26727 16097 4005 25320 13483 25890 33764 19832 26472 33120 944 10330 22220 22294 38159 33482
245 15 279031 26667 13207 31861 9648 14714 472 37641 20665 38305 5994 20309 22850 5767 18959 33944 19521 21067 2201 25653 20919 12239 36541 24740 8140 18112 17021 32224 19308 5546 12768
246 15 229941 18751 8708 27314 1059 37902 5843 2871 21773 29086 27915 27063 18558 10173 17208 7707 35567 15238 27400 3887 24556 21125 29630 9918 30810 24636 24131 29579 28441 22177 35186
247 15 273128 19129 18414 28761 15911 35129 32693 26778 2290 34577 16077 25115 35610 23305 18700 37086 32660 14642 5518 12099 10427 19653 25085 32900 6525 17164 1126 6261 28817 8811 12921
248 15 198024 32503 13105 17620 5803 9164 17842 4078 27273 32752 4796 4361 1888 8143 16193 35567 25013 22958 20862 5643 6223 32283 27161 2455 36425 7631 17031 24474 32004 7898 5417
249 15 258305 17936 5846 29187 21790 34241 22161 14631 31136 3908 17859 10239 6264 38476 37365 30703 18678 34751 17547 36948 25831 32928 17545 13119 29454 7187 3640 11600 7638 7028 4883
250 15 276988 19176 37258 37803 4480 35028 2744 35175 25893 31629 37068 9569 12616 31865 8875 21009 594 4078 5806 7743 22056 25149 12522 8179 34089 28578 37069 17069 10029 34186 20270
251 15 187751 4387 15363 11696 31886 37174 6415 10442 35587 32569 13399 1066 4984 20502 25564 23877 31490 3894 18906 20277 13948 8931 34523 35260 3757 13307 37653 4909 28236 6398 148
252 15 185307 6962 29763 19815 8732 6143 211 16413 20968 13942 18642 8792 13730 3870 30742 14098 22132 11289 9172 23298 22550 38326 35973 21720 29494 9088 35819 31684 34912 6194 8206
253 15 235199 37804 9953 14604 21693 25844 598 18899 38592 15066 14699 21641 25430 19874 20281 467 12036 3641 3246 29223 36308 31786 32005 29358 6334 18106 38350 20829 4384 6857 29204
254 15 236690 32752 4217 36967 13998 30629 10115 25871 30714 7709 24717 35175 30594 6181 26726 25195 25313 15574 5986 14410 32886 1511 5508 29457 8027 25616 14192 740 2568 8076 1705
255 15 210706 30760 3197 2088 20048 12570 12651 11308 1006 957 11726 3374 1106 27724 34923 2666 26468 28873 35859 9869 16449 37062 19433 22502 36050 32008 31383 12435 17593 29187 12779
256 15 259057 36989 16430 19096 9670 18177 3924 38620 20215 337 7808 33743 23682 37501 11515 22889 30325 14593 9912 14199 29510 1475 16482 26965 36486 20216 6794 22274 9138 16748 1393
257 15 259732 26140 33610 24798 31917 19635 24028 38620 32380 28597 31767 36858 4861 15759 17782 25912 17648 14647 22051 968 5571 7152 1043 27915 24968 22496 19481 11957 22363 23211 31478
258 15 239976 23985 7097 11014 8775 480 10500 8682 38667 37064 16270 10076 35761 31885 11187 1112 25630 17823 16622 7759 29922 18102 35290 29675 16260 37664 18143 31542 18453 33107 24993
259 15 233407 33588 22043 33100 34724 4459 22554 33542 24976 3672 18598 13356 37287 12045 36536 25681 4527 14557 24560 17082 29124 30775 10440 10898 34086 15790 2264 36217 870 6997 8419
260 15 258664 26737 30938 18760 14726 35267 27657 28930 8091 16341 37367 15014 27663 8511 6503 7654 15549 21191 11836 6012 7608 26638 8901 32476 35418 32212 22869 30176 2460 17411 9567
261 15 272609 36 7747 1094 15879 24442 8672 23713 10856 30091 5041 38330 19330 22189 18410 13718 17695 31829 16001 10356 7360 31444 13542 28543 18659 34900 7323 21340 30646 28737 26143
262 15 217976 15596 24404 19204 37318 34676 5460 5143 4900 13483 3392 7616 10627 130 31324 1760 12040 14315 5409 34471 27724 16764 21065 29306 17768 31407 31931 18230 31806 30369 16333
263 15 247770 955 9583 22145 33927 15855 6673 6675 25735 32682 15644 29961 28387 34059 18420 19556 19360 38131 9723 10027 30519 26109 34909 21194 7147 17279 17756 5053 36454 30032 32837
264 15 244751 2936 29215 23610 20047 33655 16415 3071 35556 22537 37113 27792 2417 12648 30357 31952 35367 17360 13069 7050 22782 32476 13997 22797 35625 34876 29621 15065 7212 18114 895
265 15 207764 23151 7647 32569 15871 14315 37275 22513 17325 10362 37405 7790 20823 21177 31004 1886 36834 2574 12869 16646 31370 8431 29528 30721 273 27617 38330 3038 28350 36916 29558
266 15 253614 21888 32116 30577 29560 37535 16780 6158 1288 38165 3023 25949 5502 702 28400 14212 14785 14560 30763 20855 29209 31164 26337 28548 6663 15843 16262 18906 6766 11956 14116
267 15 231816 33165 23260 24900 989 34367 16702 1408 26511 23819 29291 38681 37959 10430 6423 63 11759 30465 10502 14731 7538 4446 5047 9338 11974 15216 12908 13580 29597 35161 11667
268 15 221068 35636 29645 22923 2798 5931 34122 20482 31374 34458 27427 14708 26574 38595 20586 1960 19638 5449 16608 5850 23137 6479 2663 31991 14734 8664 10556 23948 23816 19261 15921
269 15 211608 2596 9173 30185 23651 5928 162 7758 30594 27827 27152 11111 6396 33035 23029 15421 13378 7910 1592 19150 15424 23694 33794 34475 21476 9575 23744 9227 27008 26618 13790
270 15 239546 18075 11603 20910 16917 35956 3095 16057 1498 3363 6405 18673 17512 5616 15321 36471 22442 30693 21837 27888 32293 20688 33191 4007 495 16085 31519 26904 25796 18047 4189
271 15 227078 6157 32536 13188 19191 36241 24055 16081 30195 24916 21030 30196 2571 16713 28266 33092 12692 14590 17897 21151 30002 25028 29534 19952 11857 655 8936 13802 36923 12086 22803
272 15 251123 23888 5336 10595 26589 26098 10808 23131 12054 5178 19316 25305 23430 8129 11483 17662 5426 16623 1048 36086 27485 13239 38199 24512 8035 30107 24035 24874 32422 28477 33383
273 15 248956 20030 4681 36457 15035 5359 17316 24410 3375 12619 5020 38662 19239 11537 37239 12298 24732 23382 2577 15101 222 17694 32812 25135 2120 38090 3247 12165 7762 18256 20406
274 15 175445 28673 26998 1139 1561 20104 21891 23685 9185 1177 19173 2626 18854 37066 9933 4704 27602 17248 6299 32603 19552 9753 2810 4099 30370 21029 9377 4664 18674 10737 31107
275 15 259985 28419 8545 13400 13062 38119 1592 16305 14299 32582 15153 32551 35473 13118 4437 20714 18506 38549 36106 5095 4865 16589 9229 8695 9525 22946 15788 18096 9727 19804 17219
276 15 209336 16324 37979 20170 22676 7871 12734 3853 30512 8625 8696 36516 36586 15775 731 27864 20504 399 21910 11593 11618 37457 37304 12740 10975 9189 19629 20249 1733 33046 8957
277 15 258092 28654 35273 26137 36811 23975 50 1063 3743 26538 21367 18826 19402 17895 38335 37035 3145 38089 11245 11024 3340 11594 35350 26617 23158 11456 37937 23803 36224 19910 9515
278 15 211207 28697 28388 8107 12659 12905 22681 23419 23156 11667 34647 20662 7163 3529 12044 24851 8187 34072 38597 11354 34343 10271 100 35795 32345 43 28364 5243 20795 33394 12971
279 15 220412 26518 32479 12835 25389 21011 5719 22479 10984 23124 37213 31455 23840 18820 1530 17168 13729 8085 1163 22963 17320 27158 6486 5051 27331 11968 38011 6617 8680 20264 19557
280 15 205125 10689 25803 26663 20639 3136 7574 27041 21867 18380 11744 8774 27317 27280 3430 25715 25752 14209 18511 7609 19712 19952 9312 15414 788 27284 31678 6429 2558 17832 12692
281 15 287427 34359 31420 22796 9243 22828 36893 12858 30816 25400 3401 27781 22302 13630 26061 1050 27325 29236 3613 15277 5338 27815 14227 20935 30806 35684 28330 31658 21280 37977 1227
282 15 212298 13021 19835 19350 31607 34414 35171 17531 2949 33895 21169 31495 6464 890 5521 14035 36886 1454 88 19970 2176 9325 27006 2021 2037 23278 15186 36818 27264 7876 19744
283 15 232991 38359 19072 306 24970 21623 16253 25108 21063 36980 13897 13937 9567 15619 27337 28440 16841 1023 15560 20234 32727 13479 17853 2153 1486 15508 16532 22648 34290 35822 29984
284 15 204120 6389 22203 28240 30169 2751 5847 32251 2478 17476 2480 17359 9507 17288 13127 5074 144 17203 18757 26745 23418 22505 35776 25192 8164 3140 38449 10563 18680 22975 21670
285 15 227279 9127 31629 14018 7714 20708 8597 31195 27263 12991 34389 33039 13027 10019 6831 18583 18463 3719 16604 20239 28974 16514 4374 20216 11878 12412 26753 31322 8344 29997 34174
286 15 230721 12563 7140 3827 34648 24302 33753 14198 10093 9704 9651 16415 31367 4893 30599 11635 4837 37549 13142 36284 23939 12874 16660 37689 38121 2011 1609 26758 1571 37700 32444
287 15 193210 6487 21379 10927 30936 21700 16919 23757 28655 2054 19278 21085 11654 10678 14884 14035 8692 24561 8392 12801 21399 15335 4920 25539 25402 18285 25154 1761 25699 32508 38042
288 15 168197 1321 16079 11378 37197 2047 21742 24617 32399 8102 11098 9873 16030 18101 2058 17570 25912 34280 26908 26868 10927 18612 26477 15606 37003 5349 6536 5763 20041 10760 7728
289 15 254149 9344 37857 23853 32856 13198 20734 32087 12696 6405 8921 25219 9806 17663 36454 33711 15029 27026 1224 29247 2443 35121 26332 5288 17495 18210 13445 5177 18891 36138 23713
290 15 248881 32315 24383 28636 12632 35576 26373 2491 29259 21582 22561 7410 17951 14090 20669 6981 6697 18381 13375 1926 12919 29938 30584 36157 15865 28059 17808 36013 9239 11547 20443
291 15 203828 24114 11116 29420 36937 19935 23303 27884 37968 9271 11653 9197 11018 3862 31620 5224 32751 26250 35188 7052 2470 2101 5763 22056 32400 29807 1329 30780 20549 7833 31857
292 15 211584 12470 19279 9485 23243 30314 10752 29589 19461 22139 3206 31389 30746 574 29069 31611 10877 19004 4573 30355 32744 471 12572 23223 10431 1591 30748 10200 10144 12066 35946
293 15 185227 4887 33700 8405 20611 19371 10606 16848 29976 24958 31912 37219 10891 6631 33586 28447 2248 6752 33130 23288 23857 14044 10071 11971 8312 23619 23131 3026 15565 2068 6480
294 15 269365 28556 31622 36059 17142 11980 19693 10710 20402 8542 27617 36528 14630 13390 12324 38087 30533 27001 20944 34463 312 21982 33515 29861 27610 10997 16698 21643 31296 6908 34285
295 15 236636 37705 12013 8770 20128 37897 35957 14167 28133 38126 13814 30921 15942 6090 11878 27832 1987 9418 17814 2516 29048 15065 5956 21932 14172 8608 6233 23239 14221 13509 28460
296 15 169077 29964 37970 22633 31572 22295 27553 6798 5765 11467 38298 10981 5898 8478 4561 4728 28183 25628 11187 22615 19626 401 24176 3362 17184 5343 18586 15919 36564 20735 3887
297 15 164344 21282 26760 3325 16561 7538 18873 33946 33334 12008 18559 1071 32030 15956 3531 36342 18637 21964 25389 8376 23448 18883 36534 8169 20062 1122 37622 10040 38146 5408 16979
298 15 209163 35176 31796 1010 18308 24993 31178 22338 9889 35807 19766 9833 27545 713 13825 5260 25569 18494 8967 36101 19681 5526 9018 35542 6180 4010 6600 21504 12846 5147 2740
299 15 278041 33841 32941 5213 21169 29459 27697 18342 25279 28467 32675 10611 3406 13533 18127 37732 2139 37034 12154 22038 21455 27153 38505 10629 21018 23222 38201 16720 23850 33558 19505
300 15 229034 35472 20643 29894 30915 17846 7289 8230 36746 11990 30430 35179 32607 8300 103 5546 1563 31737 27537 22469 12681 26351 18544 17132 13811 4809 895 20511 29829 10827 22071
301 15 201780 16763 22654 26567 11601 11492 5463 20894 26079 6568 28920 5996 34587 15489 20779 29527 28022 23675 34103 21329 27504 14190 26499 22149 9712 16097 25542 7455 34087 14035 8708
302 15 210657 1706 24190 853 14013 13100 3413 18401 13398 29585 3505 37765 27277 24270 4651 26586 1120 24661 187 10827 10462 21439 13776 35483 27391 14753 15751 1547 20676 2346 33482
303 15 240101 33726 28482 18582 12066 20561 16869 35583 31982 27785 37126 18100 32729 206 26860 22491 24077 12210 1713 19275 13657 33099 38648 20046 1681 573 232 7723 27006 30167 37568
304 15 277268 37879 26659 4447 26323 31721 17539 35715 38280 11040 13359 37165 33051 32775 37224 13613 26315 25212 37561 13138 38521 2463 19760 36652 8964 29741 37814 11674 16732 23350 34608
305 15 226495 24980 36971 30182 5248 23933 8052 13451 37501 6326 16879 25059 12861 7275 8972 938 3692 12176 1253 11560 19818 25911 10650 26526 26450 30079 24482 24077 24877 20646 29697
306 15 264168 37394 8140 28403 25894 17472 19236 36284 32997 22131 20975 17569 25869 25965 24578 3952 33774 8098 35230 24615 8056 35803 32406 29035 34848 14271 35914 14853 35126 14365 2233
307 15 182537 11642 5041 1881 36637 5714 29916 18903 35872 5768 27349 12066 14270 7407 9237 29402 35037 13653 6888 7431 4422 24292 5962 32705 17056 27265 4956 10956 16007 19087 27560
308 15 274913 13530 27268 6683 17232 24662 883 7689 12690 33077 6307 34969 16172 7997 23174 19768 37744 18234 6448 37740 14366 19144 1922 22597 34508 32116 27364 31559 33959 33877 34560
309 15 225486 32431 16771 32699 34485 5523 27106 14176 2900 7022 23308 8813 11466 35730 20023 20627 1065 17465 14028 18062 14523 11643 7806 13714 35788 16205 16071 23005 13247 24743 26913
310 15 262446 37792 13223 487 21685 38436 31563 3089 20544 29040 17368 33727 26986 14527 7851 14171 21623 30499 38469 34481 6380 7620 31349 18432 342 11432 26315 16077 28459 38248 4447
311 15 213991 18514 2152 32703 12469 1064 25259 19096 23071 9341 24666 4909 13860 12732 9670 31916 38322 5158 19468 27989 10203 7366 17184 28011 37066 37467 33193 16196 19261 15027 18373
312 15 271442 37076 25394 34532 14658 9923 18651 8720 17839 34854 5799 35456 1778 18779 6360 9021 34816 4646 31885 17502 32287 23936 12663 20813 33276 32871 8981 27894 32724 23280 19182
313 15 224897 1794 4564 37299 22745 28833 8701 7843 30787 16226 36960 12941 957 11311 12357 31674 26195 37902 35744 19529 9070 18771 13688 14111 24853 19467 500 5509 23237 17912 18597
314 15 247548 35044 22613 5247 16531 21917 9194 17693 705 21997 4651 30620 31946 27588 6248 28698 8522 18939 13508 29583 11691 15867 2588 11039 2784 20841 16810 19901 19064 4461 7628
315 15 274376 10341 15111 31894 10522 12792 36199 11046 19117 18065 38406 28387 19717 11801 20955 9397 9878 15797 4722 36502 24255 26310 608 37813 7365 28584 28039 33695 36842 30546 2254
316 15 236326 8850 35476 25741 2321 5573 27008 6975 17148 19079 11061 19627 1078 13074 19598 28135 32069 18776 30893 8816 8731 28019 25176 28225 2766 18904 24241 35799 1186 29815 9641
317 15 244184 16704 10812 33009 18494 13577 1903 30344 779 22992 7596 37042 3346 8518 18067 10097 37326 485 20014 32586 16004 15545 17142 20309 4661 31253 30397 14544 20754 18226 38357
318 15 228498 3776 2558 30464 7750 37771 38189 16329 21698 16769 17703 15132 7542 26394 20936 36614 30513 38386 18299 794 6186 4983 3739 14609 8064 11863 36588 12721 24903 19018 10504
319 15 271837 37276 11369 38482 10330 17538 31998 33538 29197 26959 28934 6666 8178 36382 9859 1948 6062 18501 27120 20693 20230 21700 30997 22178 2616 9075 16475 15248 23240 33613 24569
320 15 210650 21563 31844 6255 32926 10687 16144 33680 145 1126 16991 29112 18795 22427 5521 30445 5224 3659 23855 15872 30792 14410 1950 32853 36191 22289 9902 2023 4601 16912 27894
321 15 253202 15346 4078 23538 37394 15922 13785 22688 426 3083 2211 4896 15667 23725 10773 10061 22916 20935 36492 30361 4946 26541 1946 37979 25381 12253 35971 31611 5542 37564 24293
322 15 241026 4173 27480 27086 10111 16427 25681 17915 550 10043 23505 24597 32013 17416 12035 36516 23103 17086 7540 14317 29888 32966 5120 19019 23056 37713 14219 12801 16049 13208 29595
323 15 265236 2919 22130 1351 9340 28850 13985 20099 166 33061 25892 25058 10526 6148 25900 32936 25004 38385 8659 36157 27031 17380 19598 35814 30115 17006 20724 5018 7162 31364 36450
324 15 197880 21711 6285 947 37932 3069 17604 37395 4885 17904 613 19047 16048 10142 12229 21477 38582 24536 13043 9044 28024 24219 31194 12872 31891 29135 33005 9908 8714 5945 1689
325 15 225208 15057 19175 16889 8102 2059 27265 34212 17858 12976 28486 11460 32343 10176 18695 6210 10058 23909 28200 13002 31068 33002 14690 17790 31708 24377 543 30226 8617 30165 27519
326 15 207146 4317 30927 25675 22462 22374 33354 26056 34583 7962 9995 35760 15492 38704 28701 11894 10916 11628 16820 2364 20769 31287 11328 28542 35099 5445 20999 3479 38668 3446 20453
327 15 253294 24388 32441 25655 12108 22992 8475 28374 10705 38454 20371 38364 11725 17199 17455 29110 24868 2703 16760 18237 7616 29658 16481 27831 32246 60 17629 12160 11483 1433 4296
328 15 256712 21613 15456 21477 17962 3452 19483 14004 20453 28236 30018 37392 25678 17512 18081 24292 1034 23426 9950 34171 18137 17175 2563 21995 12637 32735 1655 18769 26771 4641 19252
329 15 226022 15242 20446 35522 21109 27321 21334 22384 9556 19453 12898 2818 7495 2591 14825 19660 2245 23385 18624 12910 36522 9267 19308 36887 34706 30249 5645 14997 5365 9842 14554
330 15 220016 35451 11318 7819 8670 2645 1787 17771 17498 26619 36125 15718 13019 26769 10749 32751 7008 510 25115 32761 15610 1505 5640 6613 1727 15066 8345 38542 19469 14480 10766
331 15 201074 30004 4072 26576 36379 15583 22541 25132 33309 7242 33274 16733 12818 5273 17629 3097 25981 13857 38251 18484 28622 21032 21991 13468 18463 16278 14189 16987 944 21597 14717
332 15 232386 37062 28380 37263 21165 3745 11947 13641 11118 38686 12269 11678 27116 18930 26274 7728 17327 12007 11908 20698 10720 24866 21471 24202 30533 20919 6969 7469 16896 11589 33220
333 15 186490 10595 26235 6270 14806 29593 14093 35351 10607 7748 3680 89 24915 2213 12146 3891 37803 22786 21148 26151 9111 10178 33349 25 13928 27501 11121 29780 9335 20942 28411
334 15 212200 37271 10651 24173 33763 18624 15565 8604 27471 31149 23182 20628 33395 3813 29290 16284 32430 5583 37819 5202 25810 26722 2015 11968 1344 38249 32952 14547 22045 2433 7762
335 15 255199 1379 573 35658 38615 31841 32468 9481 20019 15811 12559 27719 3411 17969 9099 2466 11062 32526 32506 21101 29362 34514 11255 30107 8038 19898 29582 5336 31472 33193 31672
336 15 248528 10709 25114 7482 21465 32050 30094 4011 3886 4907 23119 30260 33003 29063 25417 27443 5243 26044 15761 9454 12502 29071 15958 31596 36815 9048 36756 34599 21055 24923 9300
337 15 266305 36932 17092 21687 29931 11261 15745 35458 35030 12261 35202 23628 19650 19456 11332 21529 12752 20136 37022 11871 19621 9197 23520 20835 29829 36752 33372 16928 5372 34951 19982
338 15 263351 37879 35534 38647 8993 20883 31812 10468 6638 23745 23596 11135 6079 10622 33505 22288 14393 14955 15126 24671 26185 36816 34428 15941 8285 29250 28344 30316 6927 1573 20422
339 15 236118 30863 9964 38455 9579 32773 17534 13245 26596 31345 33427 11075 31712 22269 19798 30926 11156 7381 7233 11040 17713 25440 29780 14352 8876 11401 18057 7814 32178 6769 29392
340 15 208061 15811 15296 19978 35670 35928 17435 4514 14267 37331 27593 26148 6985 24683 1767 2719 31758 7832 14200 12681 30925 3184 13789 7171 8993 33989 35593 19510 3010 8598 21199
341 15 239215 36217 6201 27733 33851 22421 22328 17522 15997 27854 35095 30129 7880 27942 130 27639 18595 6144 15847 160 20362 19721 13614 16208 31671 27121 13022 3032 20424 9176 3955
342 15 165834 20603 16403 3234 3247 25140 26399 10080 2699 14156 13453 10842 2477 23999 7070 21776 31380 908 2593 1478 2627 10710 23071 29322 32795 23662 11495 1088 817 10295 37133
343 15 264811 21295 15914 23953 37371 26053 20918 34595 37729 1183 16713 27161 8657 33612 34505 34909 14367 22771 33888 3210 27197 19500 26965 12362 10087 11647 29947 25528 25795 33235 32860
344 15 209324 9906 6993 1904 9971 32703 12769 21998 23463 21814 35750 14225 3947 7611 21900 9456 9943 15828 9940 25015 35669 26318 13720 22955 23627 20085 18057 11408 20172 20430 17566
345 15 239312 19202 24975 16997 19840 27483 34225 16477 25994 15733 9899 15831 8106 36291 10400 8218 18468 29535 240 13324 12861 22117 27699 26271 34652 3936 35375 12911 25227 34814 17283
346 15 192832 3148 31339 23171 36937 21289 25744 178 32499 18971 8393 14738 37643 17387 22557 27362 13037 17314 18633 12802 33364 18126 28982 4593 11726 20101 4496 22119 13118 19741 11460
347 15 229499 13467 25894 20753 20092 30709 9910 26978 33565 13224 22888 17763 9961 33872 36408 22901 12060 8908 17688 33719 22550 5865 606 5471 31486 14559 11592 26630 28313 12055 33485
348 15 221380 11145 15084 12960 19076 32592 37607 234 33699 6132 28283 28435 38167 22547 4019 16957 6465 38092 35875 34717 26436 13738 17920 14045 33661 26566 28285 2283 13065 16282 899
349 15 282091 27621 38616 27546 26522 2442 16494 6672 27592 23184 32881 18494 3712 38183 16797 24335 31555 37663 35946 32755 35274 25552 5729 13293 18288 27709 12869 12177 5593 34988 28115
350 15 317601 23952 30945 13657 21960 24379 22094 29909 11588 34358 31193 20815 32264 34838 10895 38529 5569 24749 5461 38163 29212 5806 37659 23747 6138 33312 17056 13192 21333 37596 7433
351 15 281885 30733 22104 10618 36080 17257 26406 33278 33827 7186 20421 20190 29419 37719 5276 19321 32873 37546 10729 11658 24371 24410 16468 14044 34520 33973 37199 20889 23320 33535 15244
352 15 264416 25243 20628 612 27902 29020 12930 38444 28045 8405 532 26623 10687 400 5396 26826 3056 7439 23142 37075 11775 35437 3643 7393 26309 22376 25091 33076 18545 32152 27519
353 15 219735 30606 29622 2497 14564 34911 32254 22121 905 17670 25194 33567 35998 19214 22775 19142 12709 18779 27223 1686 19454 25341 11662 33721 16685 1051 34849 7014 1148 7349 14482
354 15 271232 6463 15750 29670 2692 38361 26164 29138 31910 33155 11389 16535 36072 475 2695 11689 18991 26829 12867 17805 10424 35938 25047 27839 27665 28937 33952 19765 32783 16442 22964
355 15 183558 9767 4877 5515 6266 9808 10138 34651 10904 30078 15542 7067 2207 36245 25465 5897 11346 30971 24907 14303 281 4793 8935 12608 15730 13921 2867 12907 4787 917 14339
356 15 256408 25453 22504 14944 18494 33187 34757 26517 20088 4365 34170 25196 4665 12779 19189 20996 27214 16820 1814 9958 1511 23022 27478 19881 34268 37263 16445 21617 25448 28513 5503
357 15 234524 18506 4080 17133 25649 23099 17887 3385 9212 21345 10507 38034 22065 37804 10304 26036 29501 9984 2769 13625 38488 16781 13924 27476 7130 2890 13762 35595 34926 1463 5007
358 15 218496 5306 38454 12905 17224 14750 12641 19091 12786 32086 2900 17185 26810 31035 2797 11813 37133 1152 18600 16879 2482 31740 8109 4561 34383 38065 9177 10000 16662 26553 5590
359 15 258425 8160 30063 1776 30279 18124 33017 36371 29812 3851 5150 38112 1428 5377 1568 33659 27327 23475 8645 35006 33396 12609 4647 20816 5813 22157 12712 32954 16372 30585 23378
360 15 242146 7897 27185 21806 5831 7901 10201 26487 25996 19049 28999 33610 30657 27827 36876 14755 27579 26806 38479 31418 8865 12415 35230 27924 27151 28293 33936 4276 27650 12219 27570
361 15 243974 37881 21650 37600 11163 31065 30153 19451 33249 3574 3633 27018 27901 33230 2169 18318 924 1939 20942 27227 22917 3919 11487 6687 13342 8789 7004 34886 32159 13384 19413
362 15 192624 2569 19125 29168 7597 7633 32206 3091 11376 10166 20654 9987 25625 15059 16079 27027 20158 33951 10370 7598 8320 37604 35785 5812 20090 15458 36796 19261 12536 16396 37504
363 15 167804 17057 8724 14818 36132 4337 18517 7617 34527 6968 8481 21358 11697 20661 25432 9029 8721 20927 17994 13416 32731 10096 16384 24081 13299 14907 25797 5540 32562 18944 16637
364 15 203782 1892 19504 23494 21474 24443 29388 31073 17987 22289 18089 12319 25503 10080 12019 25729 27391 10868 339 30065 8667 3894 35545 8119 5891 33714 26980 11612 2118 5137 828
365 15 247686 27916 2534 26934 29385 26557 4320 34885 2320 13579 37530 17724 26167 3868 38540 22707 7095 38063 17706 37992 18750 18154 30465 16619 37319 5248 37294 1747 43 17615 29220
366 15 200759 6807 7396 17825 5555 16375 6495 14595 31813 25722 13755 18039 36210 26281 33847 17568 7663 6260 1188 1367 5869 25529 37916 10458 38038 19119 40 18065 1145 26939 10709
367 15 301544 19797 16349 38663 10572 18714 10918 36386 32365 25010 8510 18787 13358 1931 6302 31972 17928 27097 3365 37986 34826 35779 20515 30614 23216 20417 5847 726 25209 33052 27634
368 15 228840 32114 13722 16790 28140 451 32909 21251 25124 38276 14168 2958 20041 29149 25800 10755 17782 24589 1531 37695 3604 3368 21441 28179 36943 13134 21825 17560 9240 9782 32259
369 15 242186 9402 38419 34598 11268 29382 819 8983 6752 33536 25941 28355 18559 15083 15524 8395 25418 23696 27128 2780 2918 23818 28189 6254 15365 17325 11627 30241 36348 30885 14645
370 15 202988 26944 28993 25134 2949 8011 6700 19559 2696 33605 27947 17952 36218 10427 22194 15583 20529 19509 10713 6157 37095 9946 18026 15693 3299 10956 31586 15513 6199 18747 11718
371 15 148786 20896 13493 8799 35175 1915 10929 33701 29565 8180 11692 10119 17430 15215 13048 22784 13360 852 24216 3906 10431 18410 32919 6498 20918 895 4397 27191 6941 6622 5203
372 15 170987 2610 21241 9759 15747 24429 2829 29756 24858 22549 6964 9531 36143 5191 36193 16356 4793 13502 4786 20589 31895 25585 14202 11075 5036 8753 14995 13432 24115 617 16594
373 15 268752 16885 1801 37640 30467 1097 6631 24405 28450 34952 10118 13987 35150 36678 16739 35499 20293 24236 37194 27721 34652 22008 10318 36310 10027 136 13883 5956 21201 18430 11625
374 15 242336 2306 35239 20920 12976 19211 23321 30401 6224 9382 28013 18537 35721 26378 15174 34137 18769 23660 36157 35201 23861 13120 6145 10554 21972 20488 23001 22592 10107 16034 24350
375 15 225671 7130 18362 30484 31188 32394 22687 20572 35182 14045 27199 35739 21722 2885 13327 4981 15904 5983 224 20297 32181 24234 17653 19610 12637 37163 33867 16138 10818 10434 9889
376 15 176968 11470 24835 1035 10352 15134 10677 26395 23253 963 13385 9386 24377 17794 36518 18922 5338 9283 26584 17951 3178 26495 19225 7320 31298 35692 25269 2056 13626 21315 25594
377 15 175232 2250 31875 11960 14343 4772 17860 31200 10078 10588 37989 5770 18174 5052 17912 30845 20917 27780 10655 35295 9660 323 34625 12145 26452 19603 6606 9837 1729 11621 38373
378 15 242983 10776 30774 14126 22283 38602 33887 2544 6700 18775 13037 20372 14898 15054 29993 35492 8040 7613 25831 12477 38046 28912 6967 35101 30694 35381 9643 25401 26470 3103 7451
379 15 161720 18448 1518 29373 22251 37314 14890 19361 13110 11520 30270 9107 36960 1781 27435 7989 3454 5174 38397 1946 11240 9661 29728 4902 3117 27939 10415 8917 6664 8719 23635
380 15 259602 18644 20353 31337 27154 33411 4775 7064 37292 24862 27158 16789 8225 29810 6412 16084 10589 25916 4670 13632 33236 5201 24579 29088 25735 20509 365 30972 28115 21184 4636
381 15 283001 24331 32008 30748 36748 25726 22860 28397 9353 12094 3383 28491 11704 24682 24660 21317 26616 10900 12990 14329 15591 35524 6315 15236 27599 17457 24812 25814 677 38706 29772
382 15 235100 30717 26809 13989 38499 2049 20042 29512 3735 18723 1293 5899 18331 20215 38622 19925 7904 27901 29422 1866 16830 28936 31148 15489 8618 10531 11307 34657 14920 33466 11958
383 15 199917 33239 2484 26164 14203 8632 10330 28270 8089 1507 26898 25501 15257 1827 27337 27364 14858 26336 20606 797 29018 4518 32130 17461 36485 18550 24585 2050 20053 27681 13703
384 15 235860 33193 3944 22497 38176 36159 6268 20101 33713 14830 24962 33304 20060 4736 21560 24307 23191 28286 21646 9178 24450 3273 34358 541 23592 10580 9933 32684 10244 21156 18363
385 15 309439 34614 30755 24805 14140 3650 12189 22126 4225 35351 17452 30938 974 38146 25315 31888 1772 21825 24002 37876 8131 14860 13865 21415 6128 20259 33977 36968 18427 12078 8115
386 15 235723 958 8524 12785 23412 8615 33335 25106 31655 20973 28958 28972 36993 21039 35712 23366 20237 10061 13245 32756 15810 34545 6054 20527 35882 6091 21669 33193 36932 15667 19834
387 15 212448 28170 36041 13556 9267 7349 37785 11836 15494 32461 15064 29860 22752 25737 33833 10800 4330 25065 21673 13536 19712 4593 22116 10964 28875 31342 26024 13281 29764 7011 23609
388 15 181416 4769 7038 26830 17503 13545 3730 1028 19138 780 4552 21786 16334 26701 37948 15929 30195 941 24140 21123 1785 9283 12767 29845 32852 16176 27924 30739 19481 7295 5087
389 15 267220 1097 8294 6606 21930 29544 29928 29515 2755 33247 25083 4589 36690 37612 24201 34080 4868 3305 21705 17355 25935 23984 23065 35798 8770 38575 23725 9355 1608 29364 13867
390 15 266717 9768 5581 21324 7058 30841 23561 25507 7531 37438 7292 379 33919 37918 13796 6829 6641 30992 26182 28484 29842 35953 30329 9732 27556 19517 10809 18569 5622 20146 10732
391 15 198680 11065 24037 4626 3099 22391 27776 15305 11288 25740 28615 4046 16227 5061 36525 17252 17934 32643 21741 16438 25887 23632 37744 2894 14268 29316 2967 30555 28591 7386 2620
392 15 256715 27792 24897 10119 28171 5966 8393 22903 24440 32602 11181 1344 2410 24032 26468 10572 11522 8353 24846 23763 18044 36169 7876 26627 37259 28523 10055 30551 13654 31578 37705
393 15 226839 7436 23174 15241 16485 28823 23222 29589 14937 37176 6931 14539 7505 14961 3387 10202 5141 36699 13520 10091 32452 31529 1252 25446 13879 1727 26905 18329 37759 1761 31898
394 15 224352 13882 22077 25064 21710 20771 18868 13888 32690 13462 20685 8551 32740 30862 31095 18392 23338 31002 8855 33863 22854 12402 38589 34991 319 3341 10512 16503 15609 3467 35953
395 15 199240 26332 26551 22803 29414 3681 2854 18506 19637 4618 15380 31350 6859 14128 16395 25031 14364 23815 22018 5813 32185 28796 32627 1263 17871 22630 37159 7053 1064 13231 28209
396 15 184552 12841 7677 4164 20908 16906 29167 34580 27803 17235 9293 84 6217 30654 30909 1166 17920 20153 8667 14549 35455 14482 5118 18325 29280 21206 8588 7401 6738 16944 20835
397 15 236421 14551 25503 3608 1396 12287 1866 2320 31699 3293 8844 14267 37745 27672 28851 31682 17941 29501 29856 35901 8494 25112 16141 12374 8446 16505 11179 30153 12496 36301 17467
398 15 230004 37741 34172 1736 12679 13736 1173 8485 7543 12981 7648 26848 29446 19726 24809 13412 26365 15025 35510 13316 7577 12984 28442 31400 23987 11111 37623 32542 21224 36463 23680
399 15 314299 24852 4718 34837 37569 27306 17398 33148 30346 25377 8087 6925 33392 24386 22846 34757 15631 30805 15080 12313 2551 26762 33727 35293 18220 8843 10384 29555 19399 37715 17242
400 15 225244 35092 17802 16537 26932 23061 32398 9262 21085 38419 1885 10700 30816 4026 24643 12933 23637 26725 4029 24184 38609 15779 5643 10779 16194 29553 35134 14680 30803 9825 24682
401 15 181556 3595 33303 4427 20042 26844 26167 15445 30275 366 25382 15569 29041 23360 5975 10993 30791 6907 15766 21998 3262 29153 33857 13679 32296 3883 12193 30356 31980 20370 6129
402 15 217504 26997 22479 22458 7724 26410 29271 10464 36350 2965 2012 7219 16594 20516 26313 24446 35403 10537 28788 14195 6269 28320 12762 9977 31449 24803 31076 33907 4769 8667 14561
403 15 229302 32731 22097 2871 32478 3014 10422 23764 11240 35541 27775 4468 24376 4448 28085 22880 718 28818 7421 15777 15085 16327 35817 24052 2702 28832 7944 8876 30023 34229 17550
404 15 255708 4044 32240 18468 3699 20378 13792 17466 15618 9254 13950 9265 18457 34942 7628 37708 33051 15271 14463 30434 21262 1596 18746 36201 22248 28761 14288 18636 31558 37212 5926
405 15 217702 7369 35121 20728 9624 33051 14913 226 25884 3167 31312 21577 33186 29970 854 30240 23137 16542 16495 4020 18465 11792 36536 27514 7712 7582 122 20262 15436 38088 37829
406 15 224310 2136 29808 24586 16924 16820 14304 2949 35225 10922 4938 27320 30 13020 25794 24083 32421 26415 10564 22262 35319 20760 33916 33404 31357 37524 2244 7269 3498 10918 13710
407 15 246452 12806 14958 629 5081 8600 36999 28800 31943 6805 26797 25053 4256 26314 33634 30663 3945 11494 8302 34378 33300 22224 3361 30057 20392 34519 21866 21228 30633 14495 614
408 15 306568 25933 477 32019 21875 14968 5623 7527 12784 21573 35 25392 28508 35066 38099 36925 12474 8393 18417 34006 2129 10306 31667 29465 37286 31872 4508 35664 4807 34101 4816
409 15 219767 19993 2666 23 1555 22373 3820 12533 4901 30301 5001 27794 12320 32371 8844 4816 14205 19201 4874 30785 20291 5082 1502 11423 36286 9626 2737 28426 18010 19962 2116
410 15 194624 25483 4654 12916 17055 34812 6611 29627 34545 7430 2469 10450 18371 4327 29257 12408 10825 13456 15437 28801 6449 14950 34734 14724 3724 3791 14513 14828 9238 15278 34583
411 15 271786 27526 26462 29059 23069 33988 29852 20025 3987 35401 6739 28178 19126 8881 2210 18384 15287 36258 11151 5237 30838 17607 21183 13000 38648 30158 7834 4082 5883 31949 3898
412 15 142803 3118 20054 19559 20690 10324 10787 3250 18062 2232 25392 30361 32988 464 36055 5754 25470 36789 21358 22590 15208 7532 26139 14742 37406 13768 9929 7620 6147 401 11725
413 15 310345 13538 22912 37220 17672 37291 15769 33871 3970 17379 24955 17156 10939 7305 449 24447 7929 8688 26451 36811 27523 33086 18740 38675 20657 30672 29130 18194 3564 33599 25157
414 15 223943 20763 12012 35649 29618 18914 33747 13665 2105 21194 29341 20582 36388 27552 28437 8053 27748 33712 29404 14286 29016 18594 32147 23849 38143 20282 16349 1648 22343 1186 2553
415 15 208935 276 12130 17788 14856 1761 14653 32484 15151 27190 16242 37441 5295 22906 6269 30883 13844 19115 7706 4830 8626 30992 25156 4308 936 10966 5435 14498 31226 5731 37078
416 15 212816 2554 14621 312 6058 27667 5073 4528 24499 1144 6530 18347 27575 32851 18157 33633 7382 30054 36699 12404 25407 10048 6087 5131 34863 23761 9137 28790 5084 34797 9533
417 15 189220 16177 38391 18074 12307 32347 31117 30096 16994 14407 24352 11347 23549 7543 10338 30059 2131 13749 33290 23777 33380 6594 2794 4928 21968 768 27773 11401 28053 15258 7334
418 15 241647 38110 26004 6182 24732 23972 37918 35809 35484 33931 24932 9350 3937 2274 16070 31540 5309 11781 665 17532 17815 36260 9859 37455 24149 1818 14311 9027 10993 7018 7526
419 15 257745 35673 14589 10141 34188 4015 14084 6558 36371 12553 32704 16976 4113 23920 18340 24716 37919 35220 10396 38540 18819 6249 37673 35009 8010 29643 37407 6613 5082 36356 13164
420 15 244540 35567 7494 10862 16588 36608 30593 18483 18949 6328 15272 22798 16424 15977 36155 10621 36342 9365 30540 18361 9601 26679 23516 36142 25282 16229 31392 31085 15964 10571 107
421 15 266211 1541 13700 22706 34151 29850 10648 30136 571 21839 24737 26730 15486 17729 32409 20181 37681 24239 28684 20865 28032 14973 29830 16016 17311 27163 21067 21719 10413 37077 14126
422 15 207931 10690 20559 18181 25210 19567 31669 6700 13776 6591 24441 32001 26023 17657 23884 18715 1488 7733 17547 23029 6426 31886 6386 3136 30617 29735 3837 4864 3867 29429 31379
423 15 203445 5883 29300 27721 38316 28394 18022 21777 11519 26482 4781 13937 25990 1314 11139 10772 13043 22044 31397 7257 32331 19036 29028 14667 11610 8104 25157 8273 37954 38646 35546
424 15 213578 3143 9857 6085 28289 33230 24637 18379 31787 12971 28395 1720 25789 9101 3595 24633 27749 35133 31369 10907 37886 8584 24698 34157 17508 21186 3157 34934 12284 12810 30806
425 15 272524 30127 35556 15501 17016 737 23519 35076 22457 25750 32929 6393 5587 36383 31431 22821 15041 33005 38447 29725 165 13023 9225 5926 13215 28869 10035 34940 4332 22380 29319
426 15 248543 15908 31337 21767 30272 277 32949 27238 38000 25540 32625 38399 25017 25301 32836 26638 6226 10742 32402 25355 35741 413 55 37636 3005 18961 9946 10621 9990 25883 27761
427 15 214554 5366 26280 6548 6621 14120 8532 28984 22629 18967 809 5175 17600 24167 3498 146 20164 19556 37895 16861 31180 11745 11795 30175 7833 29721 20852 23924 16515 32738 35121
428 15 244654 33750 29477 11164 3551 15095 2408 8314 32153 32265 31496 10861 26726 23626 13615 26632 34123 35973 15206 25989 30170 28972 14835 20230 17534 16200 29194 9752 29793 6995 35290
429 15 224194 22646 32256 32082 10927 33811 18443 8964 17915 16744 26847 30381 6032 34148 37506 11358 19603 6787 13971 5882 26925 10762 20429 11643 3198 35694 38020 3327 14237 16014 22386
430 15 206022 25379 34892 7312 37666 13482 11744 4926 13404 18417 21595 21975 20188 16971 9350 24742 5538 11681 32599 26664 845 23330 21214 4693 26689 20853 76 7331 28644 29772 36299
431 15 270604 36020 5355 37910 3722 31700 7331 29612 35193 33733 24498 32666 11386 3519 16984 1253 7263 34544 11848 23425 32852 10697 9055 6343 19043 15745 29798 3012 32146 38077 17381
432 15 219476 15449 7717 6340 36070 24330 9291 11946 38050 16401 36470 38518 36553 13583 18135 13276 37358 35369 24077 11898 11162 3352 7054 27402 1969 30889 9864 22815 23491 2777 2780
433 15 313711 1988 15563 35912 33574 25019 5608 33668 464 30639 22683 36647 35483 24009 5681 25034 30873 8378 16296 34953 24819 26449 25294 23125 22946 34604 5512 21333 26698 30381 3307
434 15 245922 2568 9964 31313 32161 572 15017 5895 9808 27980 5606 27785 9273 32934 2733 24761 34663 34791 33873 20783 57 23459 8165 6896 15947 14154 12525 22814 12135 30698 28065
435 15 205431 29625 7996 6673 26670 1951 4467 22386 1264 5821 21531 3728 17881 23378 7222 25330 35988 6473 2801 24806 11198 18012 6476 17647 20183 36527 34035 14519 27649 19913 12820
436 15 197869 8243 24562 17796 5348 29393 6104 12628 32728 17096 12451 27161 31860 12356 25231 1130 30961 2019 34560 1935 35534 4066 33916 35996 5969 32805 10468 17822 17101 26891 5757
437 15 236318 22536 17273 970 4786 35790 6929 30252 10610 4438 31691 33747 90 28898 20879 17695 11627 5509 35 35451 12181 15951 27189 9489 27363 35623 3705 11838 29074 7211 18042
438 15 191267 14426 30441 9823 20753 15448 16195 35163 2100 10661 32650 26267 12356 36903 5381 9205 23159 16284 20841 9458 5716 6245 36221 9377 24718 6343 21944 31164 35781 2317 38470
439 15 250349 16825 5076 16250 33221 15379 29161 32784 35286 9281 32718 25031 5857 16193 26909 30114 37825 3403 33753 2467 1482 3296 6270 37876 27009 33656 15646 35611 17223 34771 1789
440 15 276352 36496 25255 8830 33705 3610 6703 16028 5898 34156 8276 22177 204 18351 14215 18667 14794 34622 36292 23735 15872 37679 31729 18335 23764 29404 23431 29200 26619 14151 29536
441 15 217656 268 2706 25867 10386 9723 17699 37621 27672 28291 8835 11018 37568 26445 1295 22691 23017 27792 29907 3325 9285 26367 35277 16494 7922 3516 20168 10408 10137 22245 9319
442 15 250390 29795 9422 28477 19430 7464 9227 38529 28324 22959 15176 9580 37270 31093 25405 15071 10374 19003 18858 20295 12923 35053 29182 26724 8242 19189 30502 7040 24636 2716 11966
443 15 234528 17420 30598 1639 2494 15358 22423 37048 28296 35649 34494 8250 325 1168 26887 20857 35158 27396 9228 11767 688 22313 29423 30670 14530 2347 15486 37956 15262 23323 2107
444 15 273993 21636 15033 18965 30313 16624 37056 37229 33706 24968 3741 16637 4281 21589 4870 27947 30421 24313 31548 23184 15406 7171 24153 22770 22717 7130 36227 36946 18597 35383 28327
445 15 258733 3822 16657 36326 938 14454 11418 14815 25639 29447 18824 9787 3766 25469 14295 21459 3099 34825 28285 29430 27032 1579 33148 31838 33926 27526 33170 5422 4743 37218 35868
446 15 229643 32045 21188 19518 19306 10419 18012 29634 27073 11443 18119 6892 30260 33235 28411 17721 25906 8234 17817 17155 14649 19877 28903 24442 17876 11263 21232 20151 22146 25025 32836
447 15 279162 25721 29331 975 1558 15905 35711 34891 3771 6841 30562 29824 35533 24455 33661 17769 37300 14444 34505 37876 1982 31207 33436 36765 33913 12477 5402 29365 28717 30438 2676
448 15 199360 21533 13043 34577 11291 7308 15139 16732 32044 18762 21477 8324 303 29699 1993 597 9971 21344 26480 26117 28373 6599 27752 13408 29441 8559 5827 30447 38121 5195 38390
449 15 204260 3664 35495 26703 22141 4008 33458 26271 12339 24057 31897 6025 21559 4484 28097 35058 4600 8758 31913 34173 5051 30 14050 25510 13632 23576 28513 27169 15228 5840 30728
450 15 169623 30572 6593 8439 34666 17630 9479 9523 21086 11669 37588 6670 4763 5447 7519 2498 17570 17591 24855 10930 31680 5504 34676 6375 19022 33729 12189 19164 3073 26288 4752
451 15 253725 15829 34694 20787 29888 10951 21990 30584 4212 13420 31505 22918 928 17815 33375 36007 34715 22538 11687 32791 32250 10012 25700 10146 25332 35969 12715 12109 31911 25281 12184
452 15 289401 36510 20173 26149 15604 27560 10083 5114 11875 25588 21237 29764 30072 18413 35944 8511 15236 35481 22278 312 3770 32903 1780 31204 4562 34612 20659 12255 27106 37376 36938
453 15 190676 3353 30392 4091 21307 18922 38090 24131 18037 8261 2795 11227 32076 36958 34662 9302 11899 19741 28602 4988 19232 12481 30059 12119 31287 15505 33881 20669 35619 36598 10310
454 15 217133 30586 10565 4018 4210 30447 13683 20164 17199 9178 3536 30296 9611 3840 3504 36227 20984 10373 24082 18149 10597 32888 29975 27494 25900 6431 5509 2654 18323 8672 26068
455 15 188348 16583 16995 3892 35026 36214 4492 18363 25113 21617 6538 2965 14275 4251 23292 13790 1276 20316 25181 14911 14380 6799 14790 13160 34042 20876 32199 23151 21088 18548 30670
456 15 160559 25189 17611 20605 6483 927 7854 3625 15020 127 323 17915 38626 36782 23599 3603 36605 1410 14981 15217 38665 7323 1264 33483 16545 963 9626 4461 30042 29069 31148
457 15 241272 29470 13470 21939 5168 29702 16541 21501 28406 13219 17015 4537 15124 6577 21890 1419 25152 23958 8714 13688 12577 28203 7069 34791 12384 19809 35387 22703 26189 30075 32939
458 15 267920 33520 35046 20336 24397 29225 33001 11449 32024 6621 27992 28652 35208 12675 24832 23893 19542 28140 15993 8929 28941 27779 34251 3629 5518 32463 35093 32670 18607 34920 5459
459 15 165256 36509 14640 9789 10894 9738 10626 22173 19755 6133 13680 21708 3140 14797 13495 23481 12239 12381 35151 4289 27364 7635 27351 3821 6835 3454 167 25125 884 5538 10425
460 15 292052 7482 18884 24282 19410 27812 33316 16574 10860 21702 18532 31018 9789 36446 20810 25239 9225 17611 32553 23010 24359 35699 25987 13917 26436 30195 11943 16891 12273 37187 9427
461 15 297741 21299 5286 37964 20703 37501 24305 20454 20680 13407 6743 32329 20422 23031 32345 27415 38026 33477 3725 4370 20819 10560 28048 30350 21456 25672 7792 20518 9841 33830 9414
462 15 245020 7500 10416 37448 35396 17344 17819 5625 35056 22692 13235 20911 10738 11821 26400 32733 2386 11256 9829 16074 26704 37693 4456 13302 18798 26585 34897 28161 10813 17130 11824
463 15 225258 13699 27870 36595 30421 36328 8568 5261 12729 28505 6610 36179 25898 6768 4076 22345 27085 399 8210 32625 6858 3423 20883 9339 13351 25656 20863 15777 32796 8674 6229
464 15 204032 6889 14094 36413 4077 25409 9165 16065 26460 21220 26175 6756 1585 17808 10721 21939 17659 12772 20997 12153 7588 5739 17523 7502 38547 5465 16409 26283 26020 32628 18603
465 15 245809 7083 24189 31014 30727 1492 31068 37372 24423 26949 8277 20679 13962 15610 37586 10587 23539 13377 11631 37755 30974 37241 24838 27070 10777 27994 728 1390 21108 11649 11014
466 15 161894 18616 7579 1183 30785 33097 29406 22921 20526 822 28279 29472 4924 1540 30114 18761 22356 19514 21136 6586 16872 27418 21920 3505 5222 2467 22278 14358 20725 2108 34118
467 15 301215 15713 28406 22099 13753 14757 10234 3814 5867 38280 24151 9638 27132 26596 21538 32380 28901 36415 1939 35251 2769 32545 15245 13421 1109 37091 10025 26993 19829 31526 38103
468 15 237140 4847 37966 25625 37688 34013 12559 24235 14539 7289 29227 26885 27977 4226 19271 30405 35799 34941 13872 15865 21977 1556 37539 26106 3074 27786 28441 21255 14775 11391 30048
469 15 272870 18348 27955 34980 29539 37221 14144 16998 34628 9336 3333 18749 21710 27563 1404 8518 12357 25626 6368 24941 549 150 37521 29825 27197 33720 5909 28707 37716 26406 13236
470 15 173917 34963 21699 9793 17097 10190 15558 12409 4504 6530 1951 2364 10291 30166 22030 19412 29748 31452 7023 9407 35209 4191 19472 177 13824 29201 38061 5727 22401 11415 30124
471 15 198595 18339 33471 2315 28775 2707 25101 32611 13664 3539 10202 36317 7313 10748 9065 9464 17621 1636 6009 31283 35169 37011 12026 5850 33644 8845 36811 24237 32009 23342 28443
472 15 197350 25700 21078 36083 27325 18482 30078 3510 10985 4809 21715 20840 27095 10823 17408 23214 26268 1480 26969 22197 4866 6295 7223 13374 2174 30750 10829 17548 20702 11583 14312
473 15 276232 9752 13932 15185 13406 33610 15791 19625 7054 29270 23733 27334 3289 16420 38612 35008 19058 27538 34409 28811 34198 14593 22177 9783 3965 26621 2378 24500 38485 27241 5546
474 15 201035 4278 36290 30223 10510 9492 14815 18226 30242 29320 8733 24399 18360 6071 12948 27349 29239 4997 13603 13367 2268 6339 24672 11598 22019 30398 27079 8387 11877 26850 8209
475 15 282328 12596 16524 17150 26477 23605 780 32244 33819 23241 34738 29879 5651 23525 21772 28645 33849 25285 24210 37386 14704 25408 29263 32936 18625 11454 29732 4053 5155 25503 17510
476 15 248707 22579 21947 20525 24846 27481 12844 8046 18062 5650 12418 27516 16948 22976 10938 19872 31305 38069 15540 21824 13588 6715 13540 26154 7463 15712 27436 16114 27413 31651 35214
477 15 211428 16698 12330 28340 38625 856 23053 1273 16825 15730 868 16492 850 22471 15569 9992 3529 26128 1878 20725 34585 14201 3391 563 32894 21979 10153 36358 8968 32480 13267
478 15 248591 11306 15065 27840 12928 28183 38121 16290 11495 24026 25539 22245 29389 21408 16084 5192 3475 27648 2351 7196 11851 23616 3749 24213 30497 3369 23395 30269 229 37938 8036
479 15 248504 31690 3589 23044 2374 543 8934 26014 24643 21982 18572 13726 22328 12841 37642 4628 7697 35563 13874 8709 34458 33239 16553 16310 27564 22756 14523 22381 21429 37204 16875
480 15 244004 24105 18823 19735 12142 8752 5978 13433 29096 29778 5407 29348 16392 8976 31646 28135 31034 30228 4205 30164 18374 28314 13719 2138 25143 12907 307 10520 14647 28472 3644
481 15 197783 8321 38644 37867 24471 8095 8745 20246 15770 2611 2316 24522 34510 2437 26659 28070 1900 34838 27791 4479 6577 35645 38641 15739 32730 1013 8 12084 27957 11262 15228
482 15 271176 14075 20673 26959 17692 28700 8290 17520 17188 29414 20973 36809 14490 30385 25009 36686 16105 3853 37759 23584 5898 18494 29737 26509 15043 16952 31611 5659 3155 23371 13531
483 15 283932 7912 23004 28737 35843 29843 3127 15211 15776 16238 16863 32093 33368 32967 4246 35797 38646 27331 5008 31761 5 31189 5239 17266 1236 12407 18265 20403 27732 15761 36114
484 15 275885 17683 14234 26649 345 23503 22098 24677 4531 19437 19835 18004 21730 28801 20053 29447 33322 3212 19148 26818 8723 22383 38415 7543 4494 33622 24474 38329 32232 24749 15754
485 15 272927 34803 746 23448 6738 28206 2147 36924 20511 18663 14610 8357 18418 35970 6768 8323 27022 10144 14319 7044 27816 30989 31649 25513 31361 38645 13075 28366 21770 5764 35547
486 15 209526 1286 32577 1276 19761 14839 7385 29809 21079 1391 12623 38142 21722 38273 26823 10740 24035 35623 24560 12230 13633 34823 8049 3439 1494 4886 28978 16393 4540 18758 91
487 15 211303 2849 25872 20404 22415 11257 15497 33179 21983 23038 34692 17280 23269 3817 25777 3123 28089 5731 22945 11221 36902 24735 37983 31945 479 9385 2345 37198 28370 28967 19650
488 15 228179 17664 26037 21752 28053 3167 25829 24531 14779 15722 12610 15474 9393 28690 26297 3598 32174 24673 34342 16755 2355 35766 14214 32349 33919 21269 24047 6846 12007 16968 25982
489 15 220636 13666 22778 34602 694 8359 15688 4479 38705 1429 32853 15183 242 24174 13351 5882 3388 18458 22219 22396 33864 20168 15715 29192 3057 25388 25490 25300 242 27119 880
490 15 198684 9937 18182 37667 6655 2685 3020 3450 3441 1570 11005 2615 11211 15359 25783 16640 20471 24667 24264 34466 14893 36278 36233 654 10816 29492 37437 31248 15421 1628 5851
491 15 249308 24070 36914 31837 36142 115 19968 21170 12427 29662 3268 5487 28238 36873 32705 9941 18906 31954 20935 35135 9648 19666 28866 7982 2243 32893 28694 21921 7387 2930 18581
492 15 187179 9455 31962 4591 26971 16663 8307 7664 32634 24236 21311 22697 35399 414 3337 24184 20817 37646 22246 10791 29139 9367 27210 22054 36769 7206 34392 7809 26716 29197 35514
493 15 298407 36685 32047 21839 14628 12243 35815 36141 13009 19998 34657 32588 36082 14822 24184 13059 7979 31071 31147 29100 36602 38543 23102 16420 22494 24505 17494 26951 37223 19044 1437
494 15 204735 27119 15937 1094 26058 13145 16184 11906 2055 12665 17231 7130 13232 9888 7433 32756 32877 24032 2355 33725 12267 4802 35633 34371 34533 8203 21674 13097 4821 21986 28716
495 15 199161 33282 31604 17545 25960 16427 11339 2071 37474 998 12881 8197 19503 10043 29022 21333 11345 23535 35797 10634 9171 21425 10774 6781 7728 29503 15854 21485 23948 25693 5465
496 15 258402 9641 35414 24954 21246 36081 24677 17921 2158 5462 24268 18005 27913 13153 19870 32309 34080 21283 7081 24098 37299 36451 23299 36923 1244 11085 11893 20429 2182 15208 28704
497 15 257042 9627 27334 26607 7202 5829 37633 36912 21978 21988 10189 16860 7081 11347 3899 19819 27077 25758 15334 23670 26491 29871 1522 35696 8414 4255 12106 20683 228 32381 9418
498 15 219495 35231 13905 3191 11612 13954 24167 37885 7962 38153 15292 9621 6380 763 18090 16873 24265 8611 30197 24889 19924 2612 8988 10056 32784 28117 19464 32955 27438 11458 6066
499 15 230381 22294 6098 20091 29897 8619 12450 2667 19377 30960 2534 32994 21295 25788 12077 11109 32529 15666 16893 22983 29642 28974 5646 10384 29731 18658 3427 31378 24190 5412 12262
500 15 165182 4185 30382 7342 30028 2565 8096 1223 17733 28424 5939 289 1925 12717 167 4355 2061 37550 30722 17021 23034 2357 31072 28882 16082 30352 37285 9115 33847 20101 25611
