1 4 44835 5559 6637 17476 1441 23012 4204 9997 11406
2 4 49148 4631 9363 2337 33124 17678 34880 36789 37817
3 4 51524 1121 1079 30025 19880 25524 28269 7735 23603
4 4 66680 15519 3415 30961 19574 11465 1225 25405 20103
5 4 60348 5012 32978 25952 22108 21202 7305 23269 24761
6 4 64775 6425 2268 32215 2681 13666 25313 28663 33946
7 4 64349 9064 26102 13213 33058 21248 24313 36912 8243
8 4 56726 33367 32217 7671 36803 16520 2584 13350 10439
9 4 56120 24526 27114 9595 37242 18463 28745 17567 29053
10 4 37054 11864 31437 1780 28765 5880 20988 26794 18024
11 4 80272 27950 12853 7657 13549 35007 6757 29726 12746
12 4 40294 18233 11776 26394 28638 3917 25771 1824 37982
13 4 102096 30771 3870 24855 10082 36092 12099 35902 19963
14 4 92480 26009 36517 37380 7794 22251 29778 29960 2629
15 4 42474 8807 18729 3929 29894 5315 29896 35042 33518
16 4 48436 15824 7118 10053 6195 24303 29187 10366 34324
17 4 75322 30806 2488 3825 7263 34988 30319 24534 18382
18 4 45192 15434 5084 28376 22676 2421 36699 10259 24657
19 4 77597 10205 10945 16806 1670 34433 20427 35553 24556
20 4 72907 33943 2160 25526 22252 22301 25434 9364 4407
21 4 82470 19408 37931 29055 33007 22676 27008 31949 14505
22 4 29920 13194 32866 6459 36111 7505 27258 10242 15381
23 4 93555 37552 17686 38404 35257 33855 16351 7133 8733
24 4 58472 17917 16777 36527 30052 15772 36475 2874 12316
25 4 74520 35484 6404 3091 14954 27113 7079 27463 10848
26 4 73669 14636 20855 32548 35800 13680 2592 31223 21628
27 4 64512 13948 8613 17337 6074 11385 7845 37971 17414
28 4 34802 3234 30353 6449 30978 31834 18563 1986 31787
29 4 81636 18086 33177 32687 38326 27499 31468 23773 9900
30 4 57803 14140 15699 9401 34417 36640 19265 12073 2393
31 4 62094 14846 4598 19674 33646 12588 16355 30510 27101
32 4 54405 14873 3395 10598 17137 38306 22149 4230 23369
33 4 56908 9058 14597 36389 37209 24067 19340 1622 276
34 4 37932 9377 12738 13454 35225 11425 38445 13160 3778
35 4 71972 36574 24839 12363 6570 5494 22439 35535 2086
36 4 36460 31596 2245 1299 37752 12114 23160 566 7396
37 4 56159 30983 38708 12542 30474 16608 14647 10066 24457
38 4 84356 37275 25535 251 16579 29939 12517 37980 2
39 4 70008 35911 18920 2738 20610 27312 32459 21549 2570
40 4 75537 23292 29919 21552 24453 34666 18266 14912 32363
41 4 73634 19387 12395 29598 7479 5427 33527 37631 34123
42 4 71937 22879 5820 34201 34987 18303 36967 14539 23018
43 4 47837 18616 3181 26037 22841 6344 7249 8800 20284
44 4 52036 19121 18311 5903 6375 17030 19532 22991 8115
45 4 84756 35288 16271 29700 31538 13984 35623 26974 34680
46 4 65639 6517 1944 32909 16050 15749 14529 26874 34748
47 4 70736 15194 28486 31972 33939 6282 4461 34973 95
48 4 65083 30858 33475 36072 35406 12300 27501 2124 36360
49 4 42308 32514 1497 7739 31708 12229 33538 403 127
50 4 46220 9004 11465 6204 7712 34935 6497 7633 17389
51 4 73119 35828 15247 9086 3546 15924 2269 30561 16046
52 4 67292 7427 610 30870 10829 29173 5223 16646 24221
53 4 91736 30705 19862 17991 11552 28549 21018 37426 23716
54 4 57379 17785 12207 33299 1404 5141 36104 15499 33685
55 4 40612 17862 23857 7815 17463 735 20369 24354 26111
56 4 39386 3515 20197 15900 35777 20501 29731 9317 28014
57 4 80889 20288 30139 21963 37805 21926 35137 36935 24037
58 4 85962 19513 19801 36040 2867 22925 4973 28975 10981
59 4 77731 20334 1481 33612 32849 25554 31711 17664 32242
60 4 45862 5469 26860 19555 8896 12369 11866 19935 34995
61 4 63355 20389 14058 8894 29273 22042 31420 27869 10136
62 4 48387 5019 14348 35056 21568 2172 147 18237 33880
63 4 54464 14079 17964 23450 7143 29817 10327 734 25489
64 4 63180 32836 9563 4494 37654 10080 33603 31565 22123
65 4 69145 23675 4745 17949 20885 18748 2195 26060 6398
66 4 77336 22046 26591 9139 33784 28733 25355 36753 2981
67 4 53957 20483 6024 16556 28393 2765 10007 27643 31404
68 4 48904 14379 37433 8839 20518 34800 17851 3112 25241
69 4 43421 3062 2157 24656 12467 16684 917 9875 29293
70 4 48056 749 715 31688 21976 27392 37441 242 37522
71 4 39769 4566 23494 3611 38360 3175 22183 38360 36338
72 4 43509 19199 19955 3871 11141 28440 35807 2877 23996
73 4 102108 36514 28449 33641 18921 29559 15797 27922 11598
74 4 68096 22325 29720 5163 12160 27591 5066 30041 24383
75 4 63595 14928 36007 26148 5164 18119 35105 20299 19151
76 4 59385 29847 31519 37768 19089 5206 23005 1411 28911
77 4 65061 30668 33216 9156 20526 12359 32036 29144 21339
78 4 76737 36091 6463 37363 14261 7745 517 14723 17395
79 4 70444 18567 20976 37476 21332 11127 773 20886 30639
80 4 62514 38390 11747 17316 37606 4438 3128 17999 12994
81 4 92782 31731 35155 15048 5966 38654 30324 30545 37851
82 4 76556 14083 3420 33447 4753 17281 574 30884 1420
83 4 61240 29649 6388 9892 36065 17667 20675 19342 29247
84 4 61424 15214 24565 14951 17770 13452 8239 33164 29619
85 4 77524 15886 34819 38350 18316 6907 27708 35762 35187
86 4 76507 25418 2426 32816 34389 26092 16229 11308 19176
87 4 47950 19496 27861 12546 25454 24664 34810 3232 13178
88 4 58015 16986 3120 27274 5019 26241 2158 2018 18049
89 4 56964 7672 18702 4530 20504 33695 35909 25308 35453
90 4 52146 4283 14830 15552 32888 25725 5406 19623 35593
91 4 60595 4817 6698 20104 26028 22344 8559 28479 33412
92 4 83444 37015 5334 35341 17498 13330 8575 18619 2895
93 4 57220 16556 35623 4937 12929 29847 13817 20185 22220
94 4 72454 20865 12209 27307 36698 38252 36008 4144 17715
95 4 51279 10490 18818 18641 14126 30463 37776 4505 24866
96 4 65826 28461 19331 21511 14747 13889 24720 18422 11611
97 4 79104 23098 7254 780 12907 36618 4407 38384 32516
98 4 40859 10569 8711 4340 28014 4258 24989 31907 38454
99 4 45381 26151 21723 29189 1185 8 22923 1379 30557
100 4 73080 25454 13363 12450 23082 38680 156 14766 29076
101 4 49104 30183 2009 15503 24603 5965 35574 9729 24057
102 4 71476 20820 9423 24504 22667 18945 24932 25076 35274
103 4 53037 6931 16713 1770 21201 37768 3690 19828 37877
104 4 44301 6487 32432 10519 9568 10144 29380 28227 31249
105 4 88004 24110 6914 9832 18693 37450 38436 38613 12166
106 4 38796 22847 8533 4233 7266 1441 34621 19975 13608
107 4 91540 35073 20989 26530 27870 32902 18329 19921 7586
108 4 58144 23351 28223 12194 29849 34063 15260 3073 20804
109 4 33324 304 14274 23151 25792 13362 16485 4838 38270
110 4 74399 28025 6953 30787 3242 8058 37836 26129 7207
111 4 47912 9445 4828 15212 31868 14071 1543 21162 17311
112 4 49128 10035 11809 9525 2517 29266 21470 12584 30628
113 4 81396 37496 35522 35428 13925 18063 8021 10759 37688
114 4 57456 14521 22382 36657 14260 17612 17288 3031 17835
115 4 90187 36490 8461 27242 5120 20343 24934 28659 9265
116 4 21958 9886 28531 609 25295 2095 9456 14858 33816
117 4 85476 27180 6550 28971 35056 18114 36038 32581 20586
118 4 51903 23439 11720 6558 38536 30928 16092 3954 13741
119 4 57660 6740 37086 23754 37290 27185 31413 14396 36299
120 4 59565 24357 21244 8963 31446 16308 32721 24829 15885
121 4 48965 12606 37185 13520 5689 10652 27899 24429 24865
122 4 49592 16499 36836 14141 2247 15890 20228 15461 11280
123 4 21100 4536 6954 14222 1277 1562 7914 6055 32856
124 4 105900 33736 17998 26752 8773 36354 16218 35534 20952
125 4 51212 30546 1469 7053 15358 18828 3264 7589 13011
126 4 73916 13460 36098 35495 21378 18720 1953 24720 837
127 4 54268 31296 15722 21384 8230 5102 1902 10054 26129
128 4 78852 22019 23804 35459 34291 14453 24431 26634 30985
129 4 56739 38054 30945 14646 24690 5317 27494 12907 24413
130 4 75203 5394 27796 29525 17677 31197 31099 27888 9841
131 4 36085 8865 16037 321 15397 12001 10283 23920 36783
132 4 63251 7767 26502 11739 34286 37879 14912 21679 8297
133 4 72047 8861 23386 35846 10963 16519 36410 28833 17900
134 4 84031 29990 14258 33478 1904 18984 14647 22587 409
135 4 61984 28100 18283 1236 15621 19352 35349 28793 17360
136 4 66161 8177 19672 36159 24003 6905 14394 31461 21770
137 4 55844 12145 8374 27050 27198 1225 15246 29386 33056
138 4 62169 20786 23068 25606 7765 15471 32481 15849 18157
139 4 35696 2382 5825 2647 20808 9760 17463 29832 35651
140 4 61953 8261 30959 9897 38599 27257 33853 32027 14192
141 4 59582 1670 6266 16636 17972 23260 176 32912 35900
142 4 51592 25055 1928 16495 29503 7346 16457 15594 12772
143 4 45974 244 1719 13190 22664 31863 25182 12171 13147
144 4 32469 12421 31585 353 15320 18354 20868 9459 23328
145 4 37320 10853 10796 15380 4772 849 30596 19569 24775
146 4 74336 19140 5963 14297 30516 27571 30105 31913 12585
147 4 49733 23932 12581 3833 16214 31886 14297 2516 23798
148 4 55800 28106 4683 28902 14960 10360 17813 2382 32699
149 4 54231 10804 34971 19369 3841 35876 12383 1740 38337
150 4 53600 8064 4359 34628 10431 1946 6160 22363 37610
151 4 71833 32488 8343 32622 28165 374 25757 24308 5778
152 4 52522 25205 14422 4959 11346 27129 4142 8360 25597
153 4 65036 3676 13266 20906 18313 33608 34603 23106 7199
154 4 42714 30162 3122 17629 24170 5360 6896 242 6712
155 4 80898 35412 11673 21562 20452 16550 18350 27599 27725
156 4 50109 8407 16759 1951 17295 30991 25197 21288 21058
157 4 55298 19534 25672 15739 2091 442 10996 33408 28877
158 4 51172 9569 4818 32860 13416 6442 30896 15094 31172
159 4 67884 20795 37104 25061 26087 7686 33494 31314 8184
160 4 39433 8401 22688 13887 31374 11665 9922 15339 36225
161 4 56577 37229 36255 4616 23479 1417 3539 27460 26617
162 4 79692 23430 2744 25966 31079 13333 27078 36886 18331
163 4 68124 31320 8985 12980 9363 16002 32982 24853 3005
164 4 73362 30868 36001 7733 7702 24745 21517 28357 13211
165 4 55372 6734 25624 25840 32642 10822 25860 25820 22671
166 4 88214 10010 36111 37960 12727 32568 21884 29730 21826
167 4 65373 13938 21238 32104 17622 13795 14783 21880 22562
168 4 66315 20926 34030 21652 27505 32508 365 7808 21098
169 4 79832 29976 15548 12190 14929 31463 38708 26161 5456
170 4 70448 22021 27428 12072 33969 27998 28727 25970 18010
171 4 43363 19498 31472 14969 28878 15181 30749 4556 33175
172 4 72152 20045 19064 36523 11141 5798 23109 27824 13549
173 4 87380 34438 1419 26159 3388 28197 36573 20432 6835
174 4 60272 19937 15101 21230 25503 33443 22008 730 13054
175 4 85589 16351 24127 33219 26842 26643 1865 30774 5779
176 4 54229 7131 34212 2420 9696 34320 6085 23916 4062
177 4 37428 9529 38094 32813 7775 118 3577 4325 12158
178 4 47965 25232 33255 12710 24063 15354 6800 6661 33923
179 4 60104 19785 12928 5 25916 18479 17219 36862 13161
180 4 45304 10683 14955 19129 5837 13945 33194 12874 38547
181 4 42614 32044 28666 19067 35530 748 31371 1409 29540
182 4 36528 14554 26900 22659 22117 8389 14613 58 30693
183 4 89312 22016 27468 33064 7030 35575 10837 20986 27614
184 4 67314 25022 35044 36195 19292 5285 8545 17641 13244
185 4 62761 4780 38549 24073 16201 23664 24278 25935 34365
186 4 52277 29073 32887 6299 18256 26087 19053 3888 16024
187 4 55261 34550 38344 11522 887 9638 8948 13367 17812
188 4 55223 20025 32657 11654 18493 13967 33202 23383 29577
189 4 41198 16653 31771 11904 7926 6063 5451 16878 16760
190 4 70598 28650 31661 18152 9521 7090 22610 34356 23182
191 4 53736 16776 11744 25159 34356 15604 27755 9631 24675
192 4 47743 12400 38041 16445 20706 1513 24930 29321 9
193 4 74132 9757 37994 28535 6181 16639 6898 37735 26675
194 4 52938 14704 18467 16488 33203 10122 28454 24859 14470
195 4 36605 22100 6283 13549 15286 8939 30192 1169 13670
196 4 59016 1159 4807 4693 13351 36696 38326 31222 17191
197 4 54466 35134 20741 28093 24842 653 25716 4203 37064
198 4 89558 7014 8940 34058 25731 32940 38467 37936 33304
199 4 48558 25164 31635 16346 8571 14041 14505 5147 389
200 4 64934 21603 10274 16254 25045 23422 21692 19889 10638
201 4 79568 34457 22424 29875 10346 18813 15139 16315 12741
202 4 55754 25492 25151 14765 7069 23855 7094 5581 26132
203 4 75924 35764 12035 26384 17892 15052 4821 17706 7717
204 4 63990 13898 30167 8671 17162 34563 35858 22856 464
205 4 32588 8493 18353 22303 13014 7074 4702 2865 22876
206 4 24337 3895 29321 4724 12054 8931 3866 12872 8263
207 4 68173 11820 31330 32788 32423 8716 18821 31893 3794
208 4 67842 16737 30296 25562 10634 16364 1305 26140 35453
209 4 60400 5751 28219 3248 36490 30598 31548 35904 16650
210 4 44279 10687 1135 14601 4729 22895 26177 7166 31041
211 4 88136 37653 28518 6346 24376 30799 17767 35372 334
212 4 87070 29882 2499 38608 29631 17373 26129 22975 10253
213 4 45256 3834 29272 19002 38293 14477 15502 19258 3762
214 4 76767 23800 18132 38479 34817 18550 12774 15130 27908
215 4 85751 27414 36561 29357 30288 19429 3897 30989 5056
216 4 54926 16850 16442 23031 33461 10068 37145 18709 10487
217 4 45517 13659 18697 2243 15825 37179 12166 3816 31519
218 4 53684 23976 30869 11492 390 29254 38514 2384 5146
219 4 68148 33829 17047 10227 24593 38588 36736 2541 3964
220 4 100960 33899 32876 19725 35628 37788 2646 34788 29466
221 4 69552 28918 1727 25559 36981 31526 10312 938 34461
222 4 53697 25767 21568 11082 20144 24607 27781 5666 13255
223 4 41498 2293 13597 12687 15223 31723 26704 5170 1802
224 4 74774 36137 4098 8942 26901 25820 13055 22569 33477
225 4 83860 22276 37880 30981 28753 19373 37168 32196 15798
226 4 17783 7702 12224 5237 10804 9023 28692 267 23260
227 4 79821 36876 16411 11594 27809 25901 32252 25406 5969
228 4 48946 21561 25929 22494 11183 6259 35060 10869 2849
229 4 82650 17533 29784 36488 25077 29930 33122 19362 18762
230 4 56582 23064 674 20732 37782 4014 36399 22918 2922
231 4 45575 15246 29536 8333 37237 18191 9313 15199 10615
232 4 60529 2700 10974 8121 21155 27517 23090 37324 24822
233 4 53106 9363 15657 18803 37803 29170 33142 9047 30427
234 4 65600 30549 8097 13060 511 20885 11437 17506 20116
235 4 54257 3688 14231 23997 16240 5183 27324 34954 23067
236 4 36669 27404 35316 6867 15588 5581 30495 5985 31882
237 4 51977 23829 20830 20755 4919 1479 21990 18909 12667
238 4 47900 15242 2569 13503 34996 23976 27006 7155 11094
239 4 108655 36632 27028 38549 24301 31258 22360 29380 34387
240 4 70505 14046 27987 35979 31307 21929 32374 16178 24316
241 4 72616 13900 34206 24638 15804 30366 31329 21867 4789
242 4 60296 8028 31516 35164 30836 5071 21074 27108 20108
243 4 67992 16699 19589 13410 36905 20384 17122 34498 4533
244 4 45765 13046 37501 18685 21283 13920 20262 11556 6332
245 4 95012 36071 36317 19532 29751 37498 21538 25664 3876
246 4 47093 5724 16662 30403 1660 5667 8008 17073 25015
247 4 84267 34199 530 15420 31562 21610 12011 34105 3768
248 4 57214 18005 18464 23796 5171 17740 9012 11977 23247
249 4 53005 15482 27098 16632 7607 23651 21573 10492 21580
250 4 66563 5907 13641 36960 24075 37161 3096 3176 9959
251 4 46008 2576 15520 26150 31024 17824 30581 10960 15524
252 4 49732 5388 918 3206 7360 20069 34918 33503 27965
253 4 66299 12242 4343 35290 17778 26969 28223 8373 18956
254 4 83223 24927 10712 25657 18281 24560 27491 28885 12692
255 4 48524 25363 18802 14806 36995 9447 37086 11039 12315
256 4 84640 24758 15290 31002 28728 26840 84 23201 4758
257 4 59943 19545 23796 8929 28172 20592 4612 25863 7326
258 4 110732 37669 1549 32478 35001 38349 11011 29919 30962
259 4 74452 12005 18129 25659 28562 24619 5474 30782 28254
260 4 55645 6822 3326 38677 4383 10160 11852 13898 10579
261 4 95753 25458 23488 36990 291 19115 9216 38129 15883
262 4 26252 17768 4344 9201 84 4828 28920 1018 1402
263 4 53119 30327 36331 22348 38683 1902 33479 11822 16767
264 4 48129 18776 22949 9214 37293 27470 1854 4702 30824
265 4 64409 35917 23528 26224 28922 6024 30154 12347 9159
266 4 62301 21288 7901 19468 25140 26699 21286 10422 1260
267 4 75714 7888 30090 12196 15485 36836 16961 37723 3418
268 4 93245 29593 14858 33230 33181 28191 1934 25543 10729
269 4 81425 32438 372 29595 3077 7872 28177 31877 21925
270 4 56305 19874 29289 29406 24063 14307 12972 6795 15699
271 4 89783 34905 37670 11155 29302 28084 27605 38085 35965
272 4 52359 20297 23137 7843 26018 12726 30201 24583 4249
273 4 97795 26291 17973 31270 37392 30889 27600 33794 31537
274 4 97472 34039 26933 37049 3978 17599 8290 33153 6122
275 4 54491 12559 38012 35614 36260 16753 23105 3188 24670
276 4 51113 20785 4213 19735 27799 19269 16685 4103 33489
277 4 84720 33549 22767 11228 20470 31609 6835 29515 22364
278 4 54669 31125 28472 5984 29634 31089 19686 139 29673
279 4 54768 26190 1192 32170 36781 9876 6479 224 3178
280 4 47143 16238 28547 6087 1002 28905 22760 7699 24902
281 4 60862 17647 2965 20661 4015 27871 8029 9899 15601
282 4 46972 7832 21058 24964 24155 13691 6403 12229 23912
283 4 68992 16819 18748 35318 4329 32083 19554 2020 37160
284 4 38628 9244 25802 12394 3595 18281 27323 8367 8161
285 4 64375 23421 11461 14670 32045 36678 11296 5700 5924
286 4 85928 17876 34791 23197 4125 31492 27569 34845 12743
287 4 60515 8891 36271 26892 30911 5962 34628 33899 3266
288 4 67011 18685 32575 5645 29030 25254 17048 34180 37207
289 4 76195 7187 30897 33641 32817 28367 18245 26049 37530
290 4 72647 17080 7414 22059 8533 36456 21084 15214 35907
291 4 107509 27023 27297 37701 10591 33697 33740 35966 144
292 4 54823 15423 23786 36739 32727 9073 24046 7294 29838
293 4 62655 28726 5697 15253 38552 14609 7706 19731 9941
294 4 61987 15052 2489 2493 37855 22032 35390 37907 875
295 4 95351 28966 30973 32748 8511 36863 344 20612 5839
296 4 64102 10513 19978 27078 14391 17299 31075 25238 769
297 4 44460 34825 30918 2409 6220 12304 1817 6038 36138
298 4 26362 12684 26658 11717 10209 5245 35377 3307 22689
299 4 50827 28919 36398 10487 19775 17190 8695 6938 27307
300 4 56358 18878 23195 25708 29748 2835 32407 23027 6467
301 4 74842 16279 6108 37387 16770 38608 15929 1279 9013
302 4 44080 10894 29877 8502 17679 22342 11706 13363 36099
303 4 59354 14262 22736 10483 669 33961 31516 15487 23456
304 4 52925 6657 20328 14583 21613 26459 20669 18458 3985
305 4 57223 27073 1752 23149 7024 10558 10130 10749 28894
306 4 77504 34917 23611 34390 27529 13900 2996 13673 31516
307 4 44620 38239 2887 13228 28572 2003 32684 2305 3876
308 4 51974 3876 9838 11526 30715 17945 25081 31621 25824
309 4 61311 24553 24494 37647 9812 4897 18420 9542 24152
310 4 84568 25393 13885 32815 17885 31956 31220 15546 2042
311 4 72976 27845 34630 25564 28284 6438 8837 31374 24395
312 4 75242 21263 4810 36702 7332 5050 28357 31038 796
313 4 70744 32974 23754 14662 15286 24001 19325 16793 14346
314 4 62656 16902 7059 24273 31705 10304 37709 26842 38708
315 4 61366 20623 1826 35768 19449 6974 19100 13343 31195
316 4 75454 31869 33251 17338 24928 29642 37881 15469 10652
317 4 50364 26316 32298 15155 9031 8893 14470 12591 18799
318 4 60607 21503 30999 14374 1266 35611 3062 4271 12252
319 4 51908 20453 33762 3822 29364 6883 26458 33728 12818
320 4 20303 6645 12273 3931 36260 835 34167 13968 24698
321 4 26612 10334 37144 5944 19442 11453 32205 5534 8787
322 4 38876 6903 25383 11461 34663 10991 11608 19241 22540
323 4 84752 32775 25074 31466 3110 6459 15247 35241 14149
324 4 72160 12395 4468 23712 3390 23645 19223 30448 26553
325 4 49809 13665 5035 33056 2623 10705 29717 4836 33676
326 4 59739 17436 20035 13199 16424 11545 12405 32494 18986
327 4 47914 12789 26844 1837 29811 15373 2608 29894 35856
328 4 59876 5396 6492 23821 5418 21574 13861 24055 21863
329 4 91524 33289 14110 29325 19827 13957 3250 37834 8368
330 4 41957 28737 4226 3669 36642 4310 13825 15731 25060
331 4 74810 31749 2896 30921 29126 22437 27600 8406 21306
332 4 59951 1809 37356 24138 13933 24382 36494 24610 22031
333 4 59409 10224 18238 29651 34306 13063 5110 21324 29324
334 4 46219 22313 346 3318 17372 20713 3442 11430 7916
335 4 75851 16691 32342 25246 29187 20259 6857 32618 8104
336 4 50830 7281 8261 18449 5575 32855 35512 4953 32899
337 4 27981 20283 5615 4512 8348 6846 10568 3336 14636
338 4 53373 9142 9781 24544 2971 11528 27361 21503 22433
339 4 56318 32176 26396 4506 23815 3419 27668 30297 14644
340 4 69415 21675 16371 7756 8315 22460 33436 34878 23352
341 4 78931 30093 30264 29874 3084 21962 3538 16735 2459
342 4 73369 18297 4739 30995 17229 34337 33501 8083 16486
343 4 86028 24561 33985 23934 3991 22474 20354 36566 384
344 4 50465 8005 8345 32041 2697 13900 31606 9136 22086
345 4 75976 28086 8881 24854 35953 34893 33209 7137 9042
346 4 64090 31527 26743 28826 8445 1419 22218 18341 22480
347 4 49579 8118 14505 17961 10176 32425 38137 3470 28314
348 4 70388 33081 21346 23549 23693 16293 31143 15063 17819
349 4 85644 35835 14922 13384 34605 31702 26686 26135 27018
350 4 27410 3887 27253 9646 38064 8031 3685 12699 5189
351 4 74143 5155 22591 29184 30356 24967 11899 33373 14163
352 4 91545 37432 22390 19584 2882 33078 17451 24338 9320
353 4 63747 200 32943 32745 26489 35547 18083 11192 35621
354 4 37365 1953 3860 5157 20383 38183 25384 1414 12549
355 4 61627 3195 15604 35460 12018 37859 14895 520 15708
356 4 48125 28123 3106 12791 6583 4103 21411 15140 6355
357 4 58040 29776 18413 18046 37033 11392 9125 13337 12084
358 4 105196 38643 22744 34349 30441 30273 32133 28231 10335
359 4 52730 7269 33957 20889 32700 16340 23624 21415 13293
360 4 46216 9083 9984 27619 36673 12643 15785 8425 25499
361 4 37393 1193 1243 21902 38196 7051 16984 16596 29336
362 4 48161 34606 18825 21385 37636 1662 9445 2549 10180
363 4 111197 32538 20192 37516 12630 30574 14735 38369 31566
364 4 72013 38157 20731 8078 15742 28206 4999 15576 38296
365 4 54366 16125 31553 17128 5824 26962 36469 7743 36557
366 4 54379 37795 5637 2314 6508 7272 7871 20593 12533
367 4 56721 29801 12099 26008 18149 13339 1894 1754 18406
368 4 25173 10374 15119 5404 22537 526 26706 15163 5552
369 4 46768 941 12138 1390 29681 26664 31178 29465 3227
370 4 67062 12319 21893 35178 2710 30865 20866 5466 25114
371 4 73588 19542 908 30661 723 30995 12316 10787 10946
372 4 50787 28019 30212 11393 36066 18884 37073 5188 5774
373 4 79415 29480 37344 16895 26582 33786 8719 19108 25762
374 4 83600 13140 21430 23878 24036 30928 28313 36554 9964
375 4 36712 29306 1450 1014 31338 2062 17729 13509 15476
376 4 14708 11673 27673 1123 19906 3651 30837 1938 22077
377 4 84445 20164 7791 38158 22939 36714 26204 10521 9744
378 4 72394 25298 12157 7590 26351 23878 412 33727 27896
379 4 69297 9210 20148 18368 37711 33123 15249 25921 31294
380 4 56371 1981 29948 31020 9449 28326 2626 9137 12242
381 4 67627 29393 23930 5314 28491 37330 4268 12497 25081
382 4 40640 4094 35761 8181 23947 29058 21298 9468 25009
383 4 56467 7502 1795 27499 18161 32277 34751 3306 5580
384 4 44613 34497 27356 11172 20427 6910 8701 3188 16231
385 4 101890 34407 25254 37444 7961 32207 3736 23305 16033
386 4 86864 37188 29027 35557 23678 18746 37040 17090 32202
387 4 53623 5178 19850 10979 32228 38381 4812 12491 3733
388 4 81386 17281 33672 32403 18636 33516 32562 18533 20227
389 4 59696 29383 29195 18205 1687 8445 7758 18587 23750
390 4 63044 13758 33289 17236 19518 24783 19313 23029 18025
391 4 56891 5068 26720 12528 19470 19991 36791 33527 29317
392 4 60140 10868 37305 38265 2393 6303 1944 19740 1155
393 4 51400 1358 23446 34111 5517 25842 15819 2939 4179
394 4 27264 5638 1815 1643 29717 1815 11517 24984 6301
395 4 42520 7974 10036 36189 23871 4975 15627 4013 3085
396 4 52712 38127 11427 22762 4304 2874 24417 2127 3275
397 4 115808 38574 23243 34459 16252 34474 17828 37254 31288
398 4 49504 19256 26593 29626 31827 11194 35554 1805 19740
399 4 89057 32745 30207 34523 10288 14134 5439 29920 13800
400 4 52255 10518 25242 3668 29316 13783 21813 37350 6203
401 4 66277 18460 17395 18844 694 25560 38191 19983 15387
402 4 70148 32912 10709 23676 25147 12156 37085 18942 13203
403 4 68147 34296 20967 26374 34843 21243 27208 3271 32070
404 4 79388 18625 37831 14357 10413 31190 13629 35063 29650
405 4 63360 16650 21383 1021 27334 29760 18916 31769 38411
406 4 31673 2174 2003 359 3273 12861 24000 24198 26753
407 4 86218 23012 1750 37446 869 24889 12164 22426 26402
408 4 37752 7828 5551 14028 29374 20904 10721 4431 11412
409 4 31324 1540 15547 10353 7067 18413 4152 8850 36835
410 4 51907 13154 2 36278 19872 10751 20918 4701 21254
411 4 41653 10199 20272 7815 34901 30903 5708 3150 37712
412 4 84769 32596 18644 24357 5962 37726 6066 11283 31738
413 4 52404 1160 4273 27749 10564 29551 15111 7046 38365
414 4 91141 20521 9566 34856 26020 36211 19696 22339 36061
415 4 71721 18107 1711 21847 827 20580 15491 29118 24906
416 4 33237 16086 26693 18110 4288 1727 30519 5624 14206
417 4 72768 34614 24205 8474 22869 32572 10205 15300 5917
418 4 85625 29904 10505 24901 30760 24078 12644 28149 31090
419 4 52571 25660 7174 3018 21458 22788 7922 14248 33762
420 4 62002 4233 36603 19301 38338 26455 24457 27514 3909
421 4 82307 34916 2695 23991 20458 28752 34161 15225 10684
422 4 89488 29616 29731 38330 29987 23972 12970 19942 20195
423 4 28934 6135 6933 12786 12530 12902 36772 4345 825
424 4 46223 5512 14726 11261 5773 5544 17468 35462 18997
425 4 62985 24120 5782 14290 29626 26346 37885 13976 20323
426 4 96996 35708 9308 31814 32294 20599 4980 33125 25227
427 4 60605 11654 19297 17094 9173 22755 35243 24254 1341
428 4 51894 29687 24994 3300 18174 18 29252 31863 18982
429 4 73196 28986 20596 33593 5559 13935 6935 14981 13717
430 4 79488 32099 23057 35580 26224 9633 37520 22049 8855
431 4 76254 18747 6053 20404 27890 30927 5303 25240 16709
432 4 62666 34194 30988 10163 2845 11653 8001 22323 1725
433 4 56211 23470 14395 34421 33957 5456 28287 6917 2447
434 4 41228 10460 2638 568 7103 26064 14042 14443 18978
435 4 74084 23810 14792 20277 37899 11240 15234 37279 9580
436 4 65791 36343 33691 5139 37155 12616 7508 28141 20109
437 4 48416 13804 23721 27831 7177 12858 26539 6028 15147
438 4 77254 34460 29516 16941 8920 35373 769 9794 29967
439 4 37997 16825 22306 1669 10979 6282 25006 22721 23939
440 4 72553 26015 9690 38470 29915 18492 31232 7715 9140
441 4 18080 2927 15062 7261 20009 5642 24592 6771 21830
442 4 40522 16187 19262 18915 4005 6459 9162 9092 8716
443 4 39988 23040 4235 7897 17528 16334 5165 2715 33994
444 4 66706 14105 12682 27216 12551 28555 24321 13507 33658
445 4 81429 27185 30865 30750 6430 15548 3204 28304 27725
446 4 45908 13729 30241 1912 4522 17044 3544 24701 10666
447 4 52910 37126 37742 2074 36419 609 30296 26329 22130
448 4 61060 24873 14633 21617 32176 23295 26613 6541 3881
449 4 84327 7155 27117 31028 23113 37346 11808 29880 33598
450 4 55982 10994 29748 12083 16749 15636 27841 31265 9812
451 4 62388 24660 20988 12043 18791 8611 35861 32672 12537
452 4 55361 20443 28377 4764 21724 32009 829 11986 7961
453 4 38284 2466 764 1245 38672 12261 17828 31884 18047
454 4 59271 37424 14805 7099 2546 26006 17402 3560 34317
455 4 37412 24185 13169 562 35854 11887 23991 10132 19122
456 4 68543 19614 10461 21845 21177 37702 32002 6518 5320
457 4 81392 32300 17776 15162 19601 33600 20510 20679 18887
458 4 73177 11425 3852 30930 7830 22085 12602 27032 6203
459 4 68519 14462 36140 21537 1110 22992 22893 26658 4308
460 4 52756 25418 38149 21982 18288 6046 37886 12499 5911
461 4 36574 2129 22396 22032 19180 866 2069 20691 21254
462 4 49299 14598 20874 3348 24966 6965 13574 36713 14137
463 4 35410 6435 2942 6676 27733 7425 6382 23727 8258
464 4 64618 17396 38659 29115 6634 2668 36014 31594 1935
465 4 67152 22290 9122 16541 12515 31005 10179 14105 4685
466 4 36448 18669 22650 13069 90 9178 18424 4645 2617
467 4 65125 10209 22930 8111 5942 33588 11375 29499 30159
468 4 77017 30394 17652 23405 16244 37052 4423 5421 16210
469 4 61363 22166 15094 2670 24405 26797 10899 25071 13745
470 4 57420 11604 30033 19344 3743 33042 1795 7786 33695
471 4 49720 23943 31373 1615 25932 6029 1457 30564 6866
472 4 94495 36645 18515 13853 36475 37764 6840 29857 10210
473 4 60376 8202 31158 34474 22379 28357 31692 4437 16869
474 4 39897 16319 36703 12411 34469 2698 29256 18444 5471
475 4 71673 24770 17706 17441 34585 25409 29578 21972 36708
476 4 68045 25347 2093 20658 17763 9199 1664 29853 34962
477 4 97109 20930 25717 35289 8595 29057 16045 36111 34505
478 4 76749 16026 2847 29305 2106 32724 33706 17882 21982
479 4 61995 23637 19582 24484 13515 21644 22417 7729 161
480 4 40932 16826 34035 8288 15069 18618 38128 7434 19338
481 4 57675 14584 17370 20204 19225 11451 26939 25855 10411
482 4 57428 5353 18910 4797 27062 35577 9238 26058 16711
483 4 42988 22143 17732 7015 26570 5258 7863 19319 3938
484 4 76629 19423 29541 12433 37231 25869 29346 38062 1408
485 4 44781 36074 16951 6618 38288 9431 31253 3854 9210
486 4 61073 37174 9917 24364 25577 6325 31018 8479 17362
487 4 41608 28191 13301 10527 32512 839 6071 12453 23170
488 4 62249 5086 4627 41 29764 33991 10786 38694 21483
489 4 72890 6415 19992 14549 2412 34694 23361 35455 23272
490 4 61492 14006 2386 27479 17059 25727 33604 9653 19138
491 4 79692 17275 9328 28808 20069 35938 13424 17595 29493
492 4 29892 1179 22662 21518 14494 13247 33472 1421 2320
493 4 49194 28 18955 6921 429 34647 6123 19897 7493
494 4 57537 8398 6009 16950 22265 9194 37538 37380 30586
495 4 86315 37654 26883 32192 532 13472 13979 24576 6562
496 4 33818 32338 25852 1886 336 1199 10917 6850 16989
497 4 47355 3741 4528 29415 21154 7673 1613 18365 10392
498 4 54681 8820 11463 18888 12091 23963 33350 16681 37937
499 4 67478 28606 10965 14406 1144 6686 10351 34650 30091
500 4 69462 15846 23550 31683 37350 6742 398 32557 18645
